time,generation,mean age hall_of_fame,mean compl,mean recursive_compl,mean n_params,min mae,min mse,min max_ae,min minus_r2,min mare,min q75_are,min max_are,min ms_processed_e,min minus_spearman,max penalty
12.14679503440857,1.0,0.0,5.0,1.431677696e9,0.3333333333333333,1.318125719503003,3.261832048664775,7.1971205563761345,-0.867029966403251,0.0515938011715495,0.05377373558658079,0.1797297218100469,3.261832048664775,-0.9975579975579976,0.0
18.281785011291504,13.0,3.0,7.166666666666667,53.166666666666664,1.6666666666666667,0.6000460747237187,0.5172471649794745,1.5706066101110245,-0.9789141893638276,0.026165343218610214,0.03769023122001782,0.08271582763055603,0.5172471649794745,-0.9975579975579976,0.0
23.401186227798462,28.0,8.714285714285714,9.428571428571429,149.57142857142858,2.0,0.5618615848692968,0.4779991568365862,1.5704161934926972,-0.9805141518645031,0.02446887191659315,0.03544946428153738,0.08270579935990051,0.4779991568365862,-0.9975579975579976,0.0
28.416603088378906,47.0,14.090909090909092,13.0,1.6342664862384688e307,2.909090909090909,0.09964390574805504,0.015297085991071087,0.3120207772532062,-0.9993764074888535,0.004112770819928283,0.005954881172490797,0.011865745939156097,0.015297085991071087,-0.9975579975579976,0.0
33.553099155426025,63.0,22.0,12.5,Inf,2.5,0.09964390574805504,0.015297085991071087,0.3120207772532062,-0.9993764074888535,0.0040635508878673204,0.004469645026129689,0.011865745939156097,0.015297085991071087,-0.9975579975579976,0.0
38.56304407119751,74.0,26.5,12.5,Inf,2.5,0.09964390574805504,0.015297085991071087,0.3120207772532062,-0.9993764074888535,0.00406222657577909,0.004465573682561337,0.011865745939156097,0.015297085991071087,-0.9975579975579976,0.0
43.568339109420776,87.0,21.923076923076923,12.692307692307692,1.382840872971012e307,2.6923076923076925,0.07391461381980091,0.00911189139970401,0.23250072153624757,-0.9996285496961609,0.0030405846893497884,0.0044169117943156835,0.010418363416805267,0.00911189139970401,-0.9981684981684982,0.0
48.75872206687927,99.0,26.8,13.266666666666667,Inf,2.7333333333333334,0.07391457397636608,0.00911186341179844,0.27396042639935203,-0.9996285508371003,0.003040583697836486,0.004340629838555008,0.010418360102986317,0.00911186341179844,-0.9975579975579976,0.0
53.88726210594177,111.0,28.0,14.88888888888889,7.448782183301442e152,3.2222222222222223,0.07214327513146446,0.009110690753972051,0.2739452943499252,-0.9996285986410179,0.0030405250792384384,0.0035201293438881344,0.010417784650750033,0.009110690753972051,-0.9975579975579976,0.0
59.29310607910156,123.0,33.0,12.076923076923077,5075.615384615385,2.6923076923076925,0.07150856493609029,0.008317658262234648,0.25593987690624687,-0.999660926963107,0.002973597339380879,0.0042110988116076595,0.009733061951204417,0.008317658262234648,-0.9975579975579976,0.0
64.86424016952515,133.0,32.11764705882353,13.588235294117647,2.0016609818878733e37,2.8823529411764706,0.07150500207468592,0.008310829059028467,0.25593987690624687,-0.9996612053586118,0.0029733051022871916,0.004114373749277166,0.009733061951204417,0.008310829059028467,-0.9975579975579976,0.0
70.22250318527222,145.0,28.2,14.65,6.703903964971299e152,3.1,0.06971703548830606,0.008266327098159245,0.25146707750333874,-0.9996630195008311,0.0029321548993978047,0.003960053886614214,0.009562967184378528,0.008266327098159245,-0.9975579975579976,0.0
75.25263500213623,156.0,35.25,14.9,6.703903964971299e152,3.1,0.06971703548830606,0.008266327098159245,0.25146707750333874,-0.9996630195008311,0.0029321548993978047,0.0039598588988337905,0.009562967184378528,0.008266327098159245,-0.9975579975579976,0.0
80.38140916824341,167.0,40.55,14.85,6.703903964971299e152,3.1,0.06784916805602821,0.008266327098159245,0.25146707750333874,-0.9996630195008311,0.002887019743979038,0.0039598588988337905,0.009562967184378528,0.008266327098159245,-0.9975579975579976,0.0
85.54381823539734,178.0,46.35,14.65,6.703903964971299e152,3.1,0.06784916805602821,0.008266327098159245,0.25146707750333874,-0.9996630195008311,0.002887019743979038,0.003962935206704666,0.009562967184378528,0.008266327098159245,-0.9975579975579976,0.0
90.9633162021637,190.0,56.2,14.65,6.703903964971299e152,3.1,0.06784916805602821,0.008266327098159245,0.25146707750333874,-0.9996630195008311,0.002887019743979038,0.003962935206704666,0.009562967184378528,0.008266327098159245,-0.9975579975579976,0.0
96.3628442287445,202.0,65.78571428571429,11.714285714285714,4.2163986464010486e19,2.5714285714285716,0.06712446454206118,0.00802722915733872,0.2858376644106393,-0.9996727664346859,0.0028637372347932602,0.003950049736955285,0.010870036077713011,0.00802722915733872,-0.9975579975579976,0.0
101.74760317802429,214.0,69.35714285714286,10.928571428571429,4.2163986464010486e19,2.4285714285714284,0.06687278624134316,0.007963503194309421,0.28930004571677514,-0.9996753642519,0.00285308588919482,0.003950049736955285,0.011001705953305147,0.007963503194309421,-0.9975579975579976,0.0
106.91944622993469,225.0,74.4,11.0,3.935305403307645e19,2.4,0.06687278624134316,0.007963503194309421,0.28930004571677514,-0.9996753642519,0.00285308588919482,0.003950049736955285,0.011001705953305147,0.007963503194309421,-0.9975579975579976,0.0
112.27483010292053,236.0,89.78571428571429,10.928571428571429,4.2163986464010486e19,2.4285714285714284,0.06687278624134316,0.007963503194309421,0.28930004571677514,-0.9996753642519,0.00285308588919482,0.003950049736955285,0.011001705953305147,0.007963503194309421,-0.9975579975579976,0.0
117.73921823501587,247.0,89.13333333333334,11.0,3.935305403307645e19,2.4,0.06683889848366018,0.007961562447292951,0.2942558717136201,-0.9996754433673148,0.0028523226328204653,0.003950049736955285,0.011190169595742353,0.007961562447292951,-0.9975579975579976,0.0
122.99094700813293,257.0,98.46666666666667,12.133333333333333,3.935305403307646e19,2.6666666666666665,0.06683889848366018,0.007874379114632644,0.27813878560873917,-0.9996789974346304,0.0028523226328204653,0.003950049736955285,0.010577257690696918,0.007874379114632644,-0.9975579975579976,0.0
128.52328300476074,267.0,85.0,12.9375,3.6893488156009185e19,2.875,0.06683889848366018,0.007874379114632644,0.27669754242655387,-0.9996789974346304,0.0028523226328204653,0.003950049736955285,0.010522449079594478,0.007874379114632644,-0.9975579975579976,0.0
133.661954164505,276.0,92.5625,12.9375,3.6893488156009185e19,2.875,0.06683889848366018,0.007874379114632644,0.27669754242655387,-0.9996789974346304,0.0028523226328204653,0.003950049736955285,0.010522449079594478,0.007874379114632644,-0.9975579975579976,0.0
138.94442701339722,285.0,90.6470588235294,13.411764705882353,3.4723282970361586e19,2.9411764705882355,0.06683889848366018,0.007874379114632644,0.27813878560873917,-0.9996789974346304,0.0028523226328204653,0.003950049736955285,0.010577257690696918,0.007874379114632644,-0.9975579975579976,0.0
144.4438772201538,294.0,69.38888888888889,13.833333333333334,6.5588423380825145e19,3.0555555555555554,0.06683889848366018,0.007874379114632644,0.2777416580863381,-0.9996789974346304,0.0028523226328204653,0.003950049736955285,0.010562155445494721,0.007874379114632644,-0.9975579975579976,0.0
149.81809401512146,303.0,64.05882352941177,13.764705882352942,2.724519746760381e76,3.0588235294117645,0.06683889848366018,0.0078721603961779,0.26537359969520224,-0.9996790878816746,0.0028523226328204653,0.004005433437535836,0.01009181420757526,0.0078721603961779,-0.9975579975579976,0.0
155.23077917099,312.0,68.05555555555556,14.61111111111111,7.635501189222222e9,3.2777777777777777,0.06683889848366018,0.00783422145465247,0.26537359969520224,-0.9996806344794926,0.0028523226328204653,0.004005433437535836,0.01009181420757526,0.00783422145465247,-0.9975579975579976,0.0
160.6002631187439,321.0,77.05555555555556,14.61111111111111,7.635501189222222e9,3.2777777777777777,0.06683889848366018,0.00783422145465247,0.26537359969520224,-0.9996806344794926,0.0028523226328204653,0.004005433437535836,0.01009181420757526,0.00783422145465247,-0.9975579975579976,0.0
166.1252601146698,330.0,85.0625,13.25,8.589938829875e9,3.0,0.06683889848366018,0.00783422145465247,0.26537359969520224,-0.9996806344794926,0.0028523226328204653,0.004005433437535836,0.01009181420757526,0.00783422145465247,-0.9975579975579976,0.0
171.69634103775024,339.0,88.88235294117646,13.529411764705882,8.084648311176471e9,3.0588235294117645,0.06683889848366018,0.00783422145465247,0.26537359969520224,-0.9996806344794926,0.0028523226328204653,0.004005433437535836,0.01009181420757526,0.00783422145465247,-0.9975579975579976,0.0
177.29940605163574,348.0,97.88235294117646,13.529411764705882,8.084648311176471e9,3.0588235294117645,0.06683889848366018,0.00783422145465247,0.26537359969520224,-0.9996806344794926,0.0028523226328204653,0.004005433437535836,0.01009181420757526,0.00783422145465247,-0.9975579975579976,0.0
182.70885705947876,357.0,96.11111111111111,13.333333333333334,7.635501184444445e9,3.0,0.06683889848366018,0.00783422145465247,0.25854909041378704,-0.9996806344794926,0.0028523226328204653,0.004005433437535836,0.009832286960686276,0.00783422145465247,-0.9975579975579976,0.0
188.2562370300293,366.0,101.77777777777777,13.333333333333334,7.635501184444445e9,3.0,0.06683889848366018,0.00783422145465247,0.25854909041378704,-0.9996806344794926,0.0028523226328204653,0.004005433437535836,0.009832286960686276,0.00783422145465247,-0.9975579975579976,0.0
193.7965431213379,375.0,97.26315789473684,13.842105263157896,7.237164749052631e9,3.1052631578947367,0.06674857459326523,0.00783422145465247,0.2466192865604917,-0.9996806344794926,0.0028523226328204653,0.004005433437535836,0.009378611975086536,0.00783422145465247,-0.9975579975579976,0.0
199.34205722808838,384.0,106.26315789473684,13.842105263157896,7.237164749052631e9,3.1052631578947367,0.06674857459326523,0.00783422145465247,0.2466192865604917,-0.9996806344794926,0.0028523226328204653,0.004005433437535836,0.009378611975086536,0.00783422145465247,-0.9975579975579976,0.0
204.53614401817322,392.0,113.57894736842105,13.842105263157896,7.237164749052631e9,3.1052631578947367,0.06674857459326523,0.00783422145465247,0.2466192865604917,-0.9996806344794926,0.0028523226328204653,0.004005433437535836,0.009378611975086536,0.00783422145465247,-0.9975579975579976,0.0
209.7841420173645,400.0,115.5,14.05,6.8753097887e9,3.15,0.06674857459326523,0.00783422145465247,0.2466192865604917,-0.9996806344794926,0.0028523226328204653,0.004005433437535836,0.009378611975086536,0.00783422145465247,-0.9975579975579976,0.0
214.8140890598297,408.0,127.15789473684211,13.842105263157896,7.237164749052631e9,3.1052631578947367,0.06674857459326523,0.00783422145465247,0.2466192865604917,-0.9996806344794926,0.0028523226328204653,0.003964342848955349,0.009378611975086536,0.00783422145465247,-0.9975579975579976,0.0
219.8365762233734,416.0,120.95,15.4,6.8753065661e9,3.45,0.06674857459326523,0.00783422145465247,0.2466192865604917,-0.9996806344794926,0.0028523226328204653,0.003964342848955349,0.009378611975086536,0.00783422145465247,-0.9975579975579976,0.0
224.97359704971313,424.0,128.65,15.4,6.8753065661e9,3.45,0.06674857459326523,0.00783422145465247,0.2466192865604917,-0.9996806344794926,0.0028523226328204653,0.003964342848955349,0.009378611975086536,0.00783422145465247,-0.9975579975579976,0.0
230.20355606079102,432.0,117.57142857142857,15.666666666666666,4.4974918885127605e20,3.5238095238095237,0.06674857459326523,0.00783422145465247,0.25971605805440134,-0.9996806344794926,0.0028523226328204653,0.003964342848955349,0.009736227034644098,0.00783422145465247,-0.9975579975579976,0.0
235.3884301185608,440.0,115.04761904761905,16.047619047619047,3.211456e6,3.4761904761904763,0.06674857459326523,0.00783422145465247,0.25971605805440134,-0.9996806344794926,0.0028585804549220296,0.003964342848955349,0.009736227034644098,0.00783422145465247,-0.9975579975579976,0.0
240.6973102092743,448.0,116.45454545454545,16.227272727272727,3.053571227272727e6,3.5,0.06674857459326523,0.00783422145465247,0.25971605805440134,-0.9996806344794926,0.0028585804549220296,0.003964342848955349,0.009736227393017906,0.00783422145465247,-0.9975579975579976,0.0
245.80694723129272,456.0,124.13636363636364,16.227272727272727,3.053571227272727e6,3.5,0.06674857459326523,0.00783422145465247,0.25971605805440134,-0.9996806344794926,0.0028585804549220296,0.003964342848955349,0.009736227393017906,0.00783422145465247,-0.9975579975579976,0.0
250.88239908218384,464.0,126.36363636363636,16.227272727272727,3.053571227272727e6,3.5,0.06674857459326523,0.00783422145465247,0.25971605805440134,-0.9996806344794926,0.0028585804549220296,0.003970715457320709,0.009736227393017906,0.00783422145465247,-0.9975579975579976,0.0
256.0395791530609,472.0,117.45,15.0,3.3621225e6,3.25,0.06674857459326523,0.00783422145465247,0.25971605805440134,-0.9996806344794926,0.0028585804549220296,0.003970715457320709,0.009736227393017906,0.00783422145465247,-0.9975579975579976,0.0
261.28213000297546,480.0,128.10526315789474,14.736842105263158,3.5390725789473685e6,3.210526315789474,0.06674857459326523,0.00783422145465247,0.25971605805440134,-0.9996806344794926,0.0028585804549220296,0.003970715457320709,0.009736227393017906,0.00783422145465247,-0.9975579975579976,0.0
266.5460181236267,488.0,129.57894736842104,14.736842105263158,3.5390725789473685e6,3.210526315789474,0.06674857459326523,0.00783422145465247,0.25971605805440134,-0.9996806344794926,0.0028585804549220296,0.003970715457320709,0.009736227393017906,0.00783422145465247,-0.9975579975579976,0.0
271.8181300163269,496.0,136.57894736842104,14.736842105263158,3.5390725789473685e6,3.210526315789474,0.06674857459326523,0.00783422145465247,0.25971605805440134,-0.9996806344794926,0.0028585804549220296,0.003970715457320709,0.009736227393017906,0.00783422145465247,-0.9975579975579976,0.0
277.02381110191345,504.0,137.3,15.0,3.3621225e6,3.25,0.06674857459326523,0.00783422145465247,0.25971605805440134,-0.9996806344794926,0.0028585804549220296,0.003970715457320709,0.009736227393017906,0.00783422145465247,-0.9975579975579976,0.0
282.3743381500244,512.0,115.6,14.95,3.36212745e6,3.2,0.0673327553734053,0.00783422145465247,0.2695575568982598,-0.9996806344794926,0.002872288144116034,0.003970715457320709,0.009736227393017906,0.00783422145465247,-0.9975579975579976,0.0
287.58481311798096,520.0,128.78947368421052,14.526315789473685,7036.0,3.0526315789473686,0.06743300373562527,0.00783422145465247,0.2695575568982598,-0.9996806344794926,0.002872288144116034,0.003970715457320709,0.009736227393017906,0.00783422145465247,-0.9975579975579976,0.0
292.7748990058899,528.0,136.42105263157896,14.526315789473685,7036.0,3.0526315789473686,0.06743300373562527,0.00783422145465247,0.2695575568982598,-0.9996806344794926,0.002872288144116034,0.003970715457320709,0.009736227393017906,0.00783422145465247,-0.9975579975579976,0.0
297.95983505249023,536.0,134.44444444444446,13.555555555555555,8.395318191768258e21,2.8333333333333335,0.06743300373562527,0.007829431377233707,0.26800402036167625,-0.9996808297491281,0.002872288144116034,0.003970715457320709,0.009736227393017906,0.007829431377233707,-0.9975579975579976,0.0
303.1497092247009,544.0,134.47368421052633,14.263157894736842,7.953459339569928e21,3.0,0.06743300373562527,0.007825615489317038,0.26800402036167625,-0.9996809853054955,0.002872288144116034,0.003970715457320709,0.009736227393017906,0.007825615489317038,-0.9975579975579976,0.0
308.2758061885834,552.0,134.0,14.421052631578947,7.953459339569957e21,3.1052631578947367,0.06754074065701482,0.007825615489317038,0.26800402036167625,-0.9996809853054955,0.002872288144116034,0.003970715457320709,0.009736227393017906,0.007825615489317038,-0.9975579975579976,0.0
313.36983919143677,560.0,140.52631578947367,14.368421052631579,7.953459339801433e21,3.1578947368421053,0.06754074065701482,0.007747467104092737,0.26800402036167625,-0.9996841710591621,0.002872288144116034,0.003970715457320709,0.009736227393017906,0.007747467104092737,-0.9975579975579976,0.0
318.3699860572815,568.0,148.1578947368421,14.368421052631579,7.953459339801433e21,3.1578947368421053,0.06754074065701482,0.007747467104092737,0.26800402036167625,-0.9996841710591621,0.002872288144116034,0.003970715457320709,0.009736227393017906,0.007747467104092737,-0.9975579975579976,0.0
323.46832609176636,576.0,161.88888888888889,13.88888888888889,8.395318192012594e21,3.0,0.06754074065701482,0.007747467104092737,0.26800402036167625,-0.9996841710591621,0.002872288144116034,0.003970715457320709,0.009736227393017906,0.007747467104092737,-0.9975579975579976,0.0
328.5021960735321,584.0,165.58823529411765,13.176470588235293,2.587402028162353e11,2.8823529411764706,0.06755683017154197,0.007747467104092737,0.26800402036167625,-0.9996841710591621,0.0028724781279060824,0.003970715457320709,0.009736227393017906,0.007747467104092737,-0.9975579975579976,0.0
333.55230712890625,592.0,169.35294117647058,13.176470588235293,2.5874020281552942e11,2.8823529411764706,0.06755265649682467,0.007747467104092737,0.26444374949987903,-0.9996841710591621,0.0028724111329497073,0.003970715457320709,0.009736227393017906,0.007747467104092737,-0.9975579975579976,0.0
338.60935616493225,600.0,187.1875,12.625,1.4474011154664524e76,2.8125,0.06755683017154197,0.007747467104092737,0.26444374949987903,-0.9996841710591621,0.002880541698691455,0.003970715457320709,0.009736227393017906,0.007747467104092737,-0.9975579975579976,0.0
343.7915050983429,608.0,194.6875,12.625,1.4474011154664524e76,2.8125,0.06755683017154197,0.007747467104092737,0.26444374949987903,-0.9996841710591621,0.002880541698691455,0.003970715457320709,0.009736227393017906,0.007747467104092737,-0.9975579975579976,0.0
348.8493421077728,616.0,202.625,12.625,1.4474011154664524e76,2.8125,0.06734208148099335,0.007747467104092737,0.26444374949987903,-0.9996841710591621,0.00287548192103065,0.003970715457320709,0.009736227393017906,0.007747467104092737,-0.9975579975579976,0.0
353.93486309051514,624.0,205.875,12.625,1.4474011154664524e76,2.8125,0.06734208148099335,0.007747467104092737,0.26444374949987903,-0.9996841710591621,0.00287548192103065,0.003970715457320709,0.009736227393017906,0.007747467104092737,-0.9975579975579976,0.0
359.06631302833557,632.0,213.875,12.625,1.4474011154664524e76,2.8125,0.06734208148099335,0.007747467104092737,0.26444374949987903,-0.9996841710591621,0.00287548192103065,0.003970715457320709,0.009736227393017906,0.007747467104092737,-0.9975579975579976,0.0
364.1103310585022,640.0,209.6875,12.625,1.4474011154664524e76,2.8125,0.06734208148099335,0.007747467104092737,0.26444374949987903,-0.9996841710591621,0.00287548192103065,0.003970715457320709,0.009736610337022486,0.007747467104092737,-0.9975579975579976,0.0
369.19993114471436,648.0,217.6875,12.625,1.4474011154664524e76,2.8125,0.06734208148099335,0.007747467104092737,0.26444374949987903,-0.9996841710591621,0.00287548192103065,0.003970715457320709,0.009736610337022486,0.007747467104092737,-0.9975579975579976,0.0
374.3413231372833,656.0,225.6875,12.625,1.4474011154664524e76,2.8125,0.06734208148099335,0.007747467104092737,0.26444374949987903,-0.9996841710591621,0.00287548192103065,0.003970715457320709,0.009736610337022486,0.007747467104092737,-0.9975579975579976,0.0
379.52379322052,664.0,197.0,12.625,1.4474011154664524e76,2.8125,0.06734208148099335,0.007747467104092737,0.26444374949987903,-0.9996841710591621,0.00287548192103065,0.003970715457320709,0.009736610337022486,0.007747467104092737,-0.9975579975579976,0.0
384.6989641189575,672.0,179.5,12.625,1.4474011154664524e76,2.8125,0.06734208148099335,0.007747467104092737,0.26444374949987903,-0.9996841710591621,0.00287548192103065,0.003970715457320709,0.009736610337022486,0.007747467104092737,-0.9975579975579976,0.0
389.9835970401764,680.0,187.5,12.625,1.4474011154664524e76,2.8125,0.06734208148099335,0.007747467104092737,0.26444374949987903,-0.9996841710591621,0.00287548192103065,0.003970715457320709,0.009736610337022486,0.007747467104092737,-0.9975579975579976,0.0
395.2749910354614,688.0,195.5,12.625,1.4474011154664524e76,2.8125,0.06734208148099335,0.007747467104092737,0.26444374949987903,-0.9996841710591621,0.00287548192103065,0.003970715457320709,0.009736610337022486,0.007747467104092737,-0.9975579975579976,0.0
400.805979013443,696.0,191.58823529411765,13.294117647058824,1.0574665499190092e307,3.0,0.06716271640564295,0.007747467104092737,0.26444374949987903,-0.9996841710591621,0.0028692046522582697,0.003970715457320709,0.009736610337022486,0.007747467104092737,-0.9975579975579976,0.0
406.2711400985718,704.0,199.58823529411765,13.294117647058824,1.0574665499190092e307,3.0,0.06716271640564295,0.007747467104092737,0.26444374949987903,-0.9996841710591621,0.0028692046522582697,0.003970715457320709,0.009736610337022486,0.007747467104092737,-0.9975579975579976,0.0
411.8542881011963,712.0,203.76470588235293,13.294117647058824,1.0574665499190092e307,3.0,0.06716271640564295,0.007747467104092737,0.26444374949987903,-0.9996841710591621,0.0028692046522582697,0.003970715457320709,0.009736610390201588,0.007747467104092737,-0.9975579975579976,0.0
417.46387100219727,720.0,211.76470588235293,13.294117647058824,1.0574665499190092e307,3.0,0.06716271640564295,0.007747467104092737,0.26444374949987903,-0.9996841710591621,0.0028692046522582697,0.003970715457320709,0.009736610390201588,0.007747467104092737,-0.9975579975579976,0.0
422.47379422187805,727.0,218.76470588235293,13.294117647058824,1.0574665499190092e307,3.0,0.06716271640564295,0.007747467104092737,0.26444374949987903,-0.9996841710591621,0.0028692046522582697,0.003970715457320709,0.009736610390201588,0.007747467104092737,-0.9975579975579976,0.0
427.95450806617737,735.0,218.0,13.294117647058824,1.0574665499190092e307,3.0,0.06716271640564295,0.007747467104092737,0.26444374949987903,-0.9996841710591621,0.0028692046522582697,0.003970715457320709,0.009736610390201588,0.007747467104092737,-0.9975579975579976,0.0
433.4607300758362,743.0,226.0,13.294117647058824,1.0574665499190092e307,3.0,0.06716271640564295,0.007747467104092737,0.26444374949987903,-0.9996841710591621,0.0028692046522582697,0.003970715457320709,0.009736610390201588,0.007747467104092737,-0.9975579975579976,0.0
438.92470622062683,751.0,234.0,13.294117647058824,1.0574665499190092e307,3.0,0.06716271640564295,0.007747467104092737,0.26444374949987903,-0.9996841710591621,0.0028692046522582697,0.003970715457320709,0.009736610390201588,0.007747467104092737,-0.9975579975579976,0.0
443.94083404541016,758.0,241.0,13.294117647058824,1.0574665499190092e307,3.0,0.06716271640564295,0.007747467104092737,0.26444374949987903,-0.9996841710591621,0.0028692046522582697,0.003970715457320709,0.009736610390201588,0.007747467104092737,-0.9975579975579976,0.0
448.94708609580994,765.0,248.0,13.294117647058824,1.0574665499190092e307,3.0,0.06716271640564295,0.007747467104092737,0.26444374949987903,-0.9996841710591621,0.0028692046522582697,0.003970715457320709,0.009736610390201588,0.007747467104092737,-0.9975579975579976,0.0
453.96001410484314,772.0,236.94117647058823,13.294117647058824,1.0574665499190092e307,3.0,0.06716271640564295,0.007747467104092737,0.26444374949987903,-0.9996841710591621,0.0028692046522582697,0.003970715457320709,0.009736610390201588,0.007747467104092737,-0.9975579975579976,0.0
458.9722020626068,779.0,243.94117647058823,13.294117647058824,1.0574665499190092e307,3.0,0.06716271640564295,0.007747467104092737,0.26444374949987903,-0.9996841710591621,0.0028692046522582697,0.003970715457320709,0.009736610390201588,0.007747467104092737,-0.9975579975579976,0.0
464.59300923347473,787.0,251.94117647058823,13.294117647058824,1.0574665499190092e307,3.0,0.06716271640564295,0.007747467104092737,0.26444374949987903,-0.9996841710591621,0.0028692046522582697,0.003970715457320709,0.009736610390201588,0.007747467104092737,-0.9975579975579976,0.0
470.21347403526306,795.0,259.94117647058823,13.294117647058824,1.0574665499190092e307,3.0,0.06716271640564295,0.007747467104092737,0.26444374949987903,-0.9996841710591621,0.0028692046522582697,0.003970715457320709,0.009736610390201588,0.007747467104092737,-0.9975579975579976,0.0
475.9288430213928,803.0,267.94117647058823,13.294117647058824,1.0574665499190092e307,3.0,0.06716271640564295,0.007747467104092737,0.26444374949987903,-0.9996841710591621,0.0028692046522582697,0.003970715457320709,0.009736610390201588,0.007747467104092737,-0.9975579975579976,0.0
481.537721157074,811.0,275.94117647058823,13.294117647058824,1.0574665499190092e307,3.0,0.06716271640564295,0.007747467104092737,0.26444374949987903,-0.9996841710591621,0.0028692046522582697,0.003970715457320709,0.009736610390201588,0.007747467104092737,-0.9975579975579976,0.0
486.5423860549927,818.0,282.94117647058823,13.294117647058824,1.0574665499190092e307,3.0,0.06716271640564295,0.007747467104092737,0.26444374949987903,-0.9996841710591621,0.0028692046522582697,0.003970715457320709,0.009736610390201588,0.007747467104092737,-0.9975579975579976,0.0
492.16694712638855,826.0,290.94117647058823,13.294117647058824,1.0574665499190092e307,3.0,0.06716271640564295,0.007747467104092737,0.26444374949987903,-0.9996841710591621,0.0028692046522582697,0.003970715457320709,0.009736610390201588,0.007747467104092737,-0.9975579975579976,0.0
497.83291602134705,834.0,282.6111111111111,14.166666666666666,9.987184082568421e306,3.2777777777777777,0.06670642068343456,0.007725679351572001,0.26444374949987903,-0.9996850592465799,0.00285984246189169,0.003970715457320709,0.009736610390201588,0.007725679351572001,-0.9975579975579976,0.0
503.4563481807709,842.0,290.1111111111111,14.166666666666666,9.987184082568421e306,3.2777777777777777,0.06663362155507002,0.00771797367454781,0.26444374949987903,-0.9996853733719295,0.002857357789020857,0.003970715457320709,0.009736610390201588,0.00771797367454781,-0.9975579975579976,0.0
508.97568702697754,850.0,291.6111111111111,14.166666666666666,9.987184082568421e306,3.2777777777777777,0.06663362155507002,0.00771797367454781,0.26444374949987903,-0.9996853733719295,0.002857357789020857,0.003970715457320709,0.009736610390201588,0.00771797367454781,-0.9975579975579976,0.0
514.5476830005646,858.0,268.05555555555554,14.166666666666666,9.987184082568421e306,3.2777777777777777,0.06663362155507002,0.00771797367454781,0.26444374949987903,-0.9996853733719295,0.002857357789020857,0.003970715457320709,0.009736610390201588,0.00771797367454781,-0.9975579975579976,0.0
519.901465177536,866.0,275.72222222222223,14.166666666666666,9.987184082568421e306,3.2777777777777777,0.06663362155507002,0.00771797367454781,0.26444374949987903,-0.9996853733719295,0.002857357789020857,0.003970715457320709,0.009736610390201588,0.00771797367454781,-0.9975579975579976,0.0
525.4340491294861,874.0,283.1666666666667,14.166666666666666,9.987184082568421e306,3.2777777777777777,0.06663362155507002,0.00771797367454781,0.26444374949987903,-0.9996853733719295,0.002857357789020857,0.003970715457320709,0.009736610390201588,0.00771797367454781,-0.9975579975579976,0.0
531.0443940162659,882.0,290.77777777777777,14.166666666666666,9.987184082568421e306,3.2777777777777777,0.06663362155507002,0.00771797367454781,0.26444374949987903,-0.9996853733719295,0.002857357789020857,0.003970715457320709,0.009736610390201588,0.00771797367454781,-0.9975579975579976,0.0
536.7734990119934,890.0,298.3333333333333,14.166666666666666,9.987184082568421e306,3.2777777777777777,0.06663362155507002,0.00771797367454781,0.26444374949987903,-0.9996853733719295,0.002857357789020857,0.003970715457320709,0.009736610390201588,0.00771797367454781,-0.9975579975579976,0.0
542.3953850269318,898.0,305.8333333333333,14.166666666666666,9.987184082568421e306,3.2777777777777777,0.06663362155507002,0.00771797367454781,0.26444374949987903,-0.9996853733719295,0.002857357789020857,0.003970715457320709,0.009736610390201588,0.00771797367454781,-0.9975579975579976,0.0
548.0562961101532,906.0,298.1111111111111,14.166666666666666,9.987184082568421e306,3.2777777777777777,0.06663362155507002,0.00771797367454781,0.26444374949987903,-0.9996853733719295,0.002857357789020857,0.003970715457320709,0.009736610390201588,0.00771797367454781,-0.9975579975579976,0.0
553.0713810920715,913.0,286.55555555555554,14.166666666666666,9.987184082568421e306,3.2777777777777777,0.06663362155507002,0.00771797367454781,0.27069071338611295,-0.9996853733719295,0.002857357789020857,0.003943361754279992,0.009736610390201588,0.00771797367454781,-0.9975579975579976,0.0
558.0782730579376,920.0,293.1666666666667,14.166666666666666,9.987184082568421e306,3.2777777777777777,0.06663362155507002,0.00771797367454781,0.27069071338611295,-0.9996853733719295,0.002857357789020857,0.003943361754279992,0.009736610390201588,0.00771797367454781,-0.9975579975579976,0.0
563.5539240837097,928.0,300.72222222222223,14.166666666666666,9.987184082568421e306,3.2777777777777777,0.06663362155507002,0.00771797367454781,0.27069071338611295,-0.9996853733719295,0.002857357789020857,0.003943361754279992,0.009736610390201588,0.00771797367454781,-0.9975579975579976,0.0
569.0650651454926,936.0,308.27777777777777,14.166666666666666,9.987184082568421e306,3.2777777777777777,0.06663362155507002,0.00771797367454781,0.27069071338611295,-0.9996853733719295,0.002857357789020857,0.003943361754279992,0.009736610390201588,0.00771797367454781,-0.9975579975579976,0.0
574.6588251590729,944.0,316.0,14.166666666666666,9.987184082568421e306,3.2777777777777777,0.06663362155507002,0.00771797367454781,0.27069071338611295,-0.9996853733719295,0.002857357789020857,0.003943361754279992,0.009736610390201588,0.00771797367454781,-0.9975579975579976,0.0
580.3180551528931,952.0,323.3333333333333,14.166666666666666,9.987184082568421e306,3.2777777777777777,0.06663362155507002,0.00771797367454781,0.27069071338611295,-0.9996853733719295,0.002857357789020857,0.003943361754279992,0.009736610390201588,0.00771797367454781,-0.9975579975579976,0.0
585.8810250759125,960.0,331.27777777777777,14.166666666666666,9.987184082568421e306,3.2777777777777777,0.06663362155507002,0.00771797367454781,0.27069071338611295,-0.9996853733719295,0.002857357789020857,0.003943361754279992,0.009736610390201588,0.00771797367454781,-0.9975579975579976,0.0
591.3949000835419,968.0,339.27777777777777,14.166666666666666,9.987184082568421e306,3.2777777777777777,0.06663362155507002,0.00771797367454781,0.27069071338611295,-0.9996853733719295,0.002857357789020857,0.003943361754279992,0.009736610390201588,0.00771797367454781,-0.9975579975579976,0.0
596.9595291614532,976.0,347.27777777777777,14.166666666666666,9.987184082568421e306,3.2777777777777777,0.06663362155507002,0.00771797367454781,0.27069071338611295,-0.9996853733719295,0.002857357789020857,0.003943361754279992,0.009736610390201588,0.00771797367454781,-0.9975579975579976,0.0
602.5161430835724,984.0,355.27777777777777,14.166666666666666,9.987184082568421e306,3.2777777777777777,0.06663362155507002,0.00771797367454781,0.27069071338611295,-0.9996853733719295,0.002857357789020857,0.003943361754279992,0.009736610390201588,0.00771797367454781,-0.9975579975579976,0.0
608.0639381408691,992.0,363.27777777777777,14.166666666666666,9.987184082568421e306,3.2777777777777777,0.06663362155507002,0.00771797367454781,0.27069071338611295,-0.9996853733719295,0.002857357789020857,0.003943361754279992,0.009736610390201588,0.00771797367454781,-0.9975579975579976,0.0
613.6454691886902,1000.0,371.27777777777777,14.166666666666666,9.987184082568421e306,3.2777777777777777,0.06663362155507002,0.00771797367454781,0.27069071338611295,-0.9996853733719295,0.002857357789020857,0.003943361754279992,0.009736610390201588,0.00771797367454781,-0.9975579975579976,0.0
618.6456260681152,1007.0,378.27777777777777,14.166666666666666,9.987184082568421e306,3.2777777777777777,0.06663362155507002,0.00771797367454781,0.27069071338611295,-0.9996853733719295,0.002857357789020857,0.003943361754279992,0.009736610390201588,0.00771797367454781,-0.9975579975579976,0.0
624.265584230423,1015.0,386.27777777777777,14.166666666666666,9.987184082568421e306,3.2777777777777777,0.06663362155507002,0.00771797367454781,0.27069071338611295,-0.9996853733719295,0.002857357789020857,0.003943361754279992,0.009736610390201588,0.00771797367454781,-0.9975579975579976,0.0
629.771299123764,1023.0,394.27777777777777,14.166666666666666,9.987184082568421e306,3.2777777777777777,0.06663362155507002,0.00771797367454781,0.27069071338611295,-0.9996853733719295,0.002857357789020857,0.003943361754279992,0.009736610390201588,0.00771797367454781,-0.9975579975579976,0.0
635.3205440044403,1031.0,402.27777777777777,14.166666666666666,9.987184082568421e306,3.2777777777777777,0.06663362155507002,0.00771797367454781,0.27069071338611295,-0.9996853733719295,0.002857357789020857,0.003943361754279992,0.009736610390201588,0.00771797367454781,-0.9975579975579976,0.0
640.9692032337189,1039.0,352.7,14.8,Inf,3.35,0.06663362155507002,0.00771797367454781,0.27069071338611295,-0.9996853733719295,0.002857357789020857,0.003943361754279992,0.009736610390201588,0.00771797367454781,-0.9975579975579976,0.0
646.5753810405731,1047.0,360.7,14.8,Inf,3.35,0.06663362155507002,0.00771797367454781,0.27069071338611295,-0.9996853733719295,0.002857357789020857,0.003943361754279992,0.009736610390201588,0.00771797367454781,-0.9975579975579976,0.0
651.980229139328,1055.0,358.95,14.8,Inf,3.35,0.06663362155507002,0.00771797367454781,0.27069071338611295,-0.9996853733719295,0.002857357789020857,0.003943361754279992,0.009736610390201588,0.00771797367454781,-0.9975579975579976,0.0
657.4877622127533,1063.0,366.95,14.8,Inf,3.35,0.06663362155507002,0.00771797367454781,0.27069071338611295,-0.9996853733719295,0.002857357789020857,0.003943361754279992,0.009736610390201588,0.00771797367454781,-0.9975579975579976,0.0
662.9677910804749,1071.0,351.5263157894737,14.578947368421053,Inf,3.263157894736842,0.06663362155507002,0.00771797367454781,0.27338629437793216,-0.9996853733719295,0.002857357789020857,0.003943361754279992,0.009736610390201588,0.00771797367454781,-0.9975579975579976,0.0
668.4795091152191,1079.0,359.5263157894737,14.578947368421053,Inf,3.263157894736842,0.06663362155507002,0.00771797367454781,0.27338629437793216,-0.9996853733719295,0.002857357789020857,0.003943361754279992,0.009736610390201588,0.00771797367454781,-0.9975579975579976,0.0
674.0006220340729,1087.0,365.7368421052632,14.578947368421053,Inf,3.263157894736842,0.06663362155507002,0.00771797367454781,0.27338629437793216,-0.9996853733719295,0.002857357789020857,0.003943361754279992,0.009736610390201588,0.00771797367454781,-0.9975579975579976,0.0
679.5391600131989,1095.0,373.7368421052632,14.578947368421053,Inf,3.263157894736842,0.06663362155507002,0.00771797367454781,0.27338629437793216,-0.9996853733719295,0.002857357789020857,0.003943361754279992,0.009736610390201588,0.00771797367454781,-0.9975579975579976,0.0
684.9912412166595,1103.0,381.7368421052632,14.578947368421053,Inf,3.263157894736842,0.06663362155507002,0.00771797367454781,0.27338629437793216,-0.9996853733719295,0.002857357789020857,0.003943361754279992,0.009736610390201588,0.00771797367454781,-0.9975579975579976,0.0
690.379123210907,1111.0,389.7368421052632,14.578947368421053,Inf,3.263157894736842,0.06663362155507002,0.00771797367454781,0.27338629437793216,-0.9996853733719295,0.002857357789020857,0.003943361754279992,0.009736610390201588,0.00771797367454781,-0.9975579975579976,0.0
695.6752030849457,1119.0,396.2105263157895,14.578947368421053,Inf,3.263157894736842,0.06663362155507002,0.00771797367454781,0.27338629437793216,-0.9996853733719295,0.002857357789020857,0.003943361754279992,0.009736610390201588,0.00771797367454781,-0.9975579975579976,0.0
701.0259881019592,1127.0,404.2105263157895,14.578947368421053,Inf,3.263157894736842,0.06663362155507002,0.00771797367454781,0.27338629437793216,-0.9996853733719295,0.002857357789020857,0.003943361754279992,0.009736610390201588,0.00771797367454781,-0.9975579975579976,0.0
706.5430080890656,1135.0,409.0,14.578947368421053,Inf,3.263157894736842,0.06663362155507002,0.00771797367454781,0.27338629437793216,-0.9996853733719295,0.002857357789020857,0.003943361754279992,0.009736610390201588,0.00771797367454781,-0.9975579975579976,0.0
712.0093770027161,1141.0,415.0,14.578947368421053,Inf,3.263157894736842,0.06663362155507002,0.00771797367454781,0.27338629437793216,-0.9996853733719295,0.002857357789020857,0.003943361754279992,0.009736610390201588,0.00771797367454781,-0.9975579975579976,0.0
717.5489120483398,1149.0,423.0,14.578947368421053,Inf,3.263157894736842,0.06663362155507002,0.00771797367454781,0.27338629437793216,-0.9996853733719295,0.002857357789020857,0.003943361754279992,0.009736610390201588,0.00771797367454781,-0.9975579975579976,0.0
723.2141780853271,1157.0,431.0,14.578947368421053,Inf,3.263157894736842,0.06663362155507002,0.00771797367454781,0.27338629437793216,-0.9996853733719295,0.002857357789020857,0.003943361754279992,0.009736610390201588,0.00771797367454781,-0.9975579975579976,0.0
728.816299200058,1165.0,439.0,14.578947368421053,Inf,3.263157894736842,0.06663362155507002,0.00771797367454781,0.27338629437793216,-0.9996853733719295,0.002857357789020857,0.003943361754279992,0.009736610390201588,0.00771797367454781,-0.9975579975579976,0.0
734.4556720256805,1173.0,447.0,14.578947368421053,Inf,3.263157894736842,0.06663362155507002,0.00771797367454781,0.27338629437793216,-0.9996853733719295,0.002857357789020857,0.003943361754279992,0.009736610390201588,0.00771797367454781,-0.9975579975579976,0.0
740.0102381706238,1181.0,455.0,14.578947368421053,Inf,3.263157894736842,0.06663362155507002,0.00771797367454781,0.27338629437793216,-0.9996853733719295,0.002857357789020857,0.003943361754279992,0.009736610390201588,0.00771797367454781,-0.9975579975579976,0.0
745.429868221283,1189.0,463.0,14.578947368421053,Inf,3.263157894736842,0.06663362155507002,0.00771797367454781,0.27338629437793216,-0.9996853733719295,0.002857357789020857,0.003943361754279992,0.009736610390201588,0.00771797367454781,-0.9975579975579976,0.0
750.8601021766663,1197.0,471.0,14.578947368421053,Inf,3.263157894736842,0.06663362155507002,0.00771797367454781,0.27338629437793216,-0.9996853733719295,0.002857357789020857,0.003943361754279992,0.009736610390201588,0.00771797367454781,-0.9975579975579976,0.0
756.3578732013702,1205.0,479.0,14.578947368421053,Inf,3.263157894736842,0.06663362155507002,0.00771797367454781,0.27338629437793216,-0.9996853733719295,0.002857357789020857,0.003943361754279992,0.009736610390201588,0.00771797367454781,-0.9975579975579976,0.0
761.8515560626984,1213.0,487.0,14.578947368421053,Inf,3.263157894736842,0.06663362155507002,0.00771797367454781,0.27338629437793216,-0.9996853733719295,0.002857357789020857,0.003943361754279992,0.009736610390201588,0.00771797367454781,-0.9975579975579976,0.0
767.3732211589813,1221.0,495.0,14.578947368421053,Inf,3.263157894736842,0.06663362155507002,0.00771797367454781,0.27338629437793216,-0.9996853733719295,0.002857357789020857,0.003943361754279992,0.009736610390201588,0.00771797367454781,-0.9975579975579976,0.0
772.7923860549927,1229.0,477.85,14.75,Inf,3.25,0.06663362155507002,0.00771797367454781,0.27338629437793216,-0.9996853733719295,0.002857357789020857,0.003943361754279992,0.009736610390201588,0.00771797367454781,-0.9975579975579976,0.0
778.2183492183685,1237.0,485.85,14.75,Inf,3.25,0.06663362155507002,0.00771797367454781,0.27338629437793216,-0.9996853733719295,0.002857357789020857,0.003943361754279992,0.009736610390201588,0.00771797367454781,-0.9975579975579976,0.0
783.4922611713409,1245.0,464.9,14.75,Inf,3.25,0.06663362155507002,0.00771797367454781,0.27338629437793216,-0.9996853733719295,0.002857357789020857,0.003943361754279992,0.009736610390201588,0.00771797367454781,-0.9975579975579976,0.0
788.9868650436401,1253.0,472.9,14.75,Inf,3.25,0.06663362155507002,0.00771797367454781,0.27338629437793216,-0.9996853733719295,0.002857357789020857,0.003943361754279992,0.009736610390201588,0.00771797367454781,-0.9975579975579976,0.0
794.4249382019043,1261.0,480.9,14.75,Inf,3.25,0.06663362155507002,0.00771797367454781,0.27338629437793216,-0.9996853733719295,0.002857357789020857,0.003943361754279992,0.009736610390201588,0.00771797367454781,-0.9975579975579976,0.0
799.8285450935364,1269.0,488.9,14.75,Inf,3.25,0.06663362155507002,0.00771797367454781,0.27338629437793216,-0.9996853733719295,0.002857357789020857,0.003943361754279992,0.009736610390201588,0.00771797367454781,-0.9975579975579976,0.0
805.3761510848999,1277.0,489.8,14.75,Inf,3.25,0.06663362155507002,0.00771797367454781,0.27338629437793216,-0.9996853733719295,0.002857357789020857,0.003943361754279992,0.009736610390201588,0.00771797367454781,-0.9975579975579976,0.0
810.8735210895538,1285.0,487.1,14.75,Inf,3.25,0.06663362155507002,0.00771797367454781,0.27338629437793216,-0.9996853733719295,0.002857357789020857,0.003943361754279992,0.009736610390201588,0.00771797367454781,-0.9975579975579976,0.0
816.4060220718384,1293.0,445.95,14.75,Inf,3.25,0.06663362155507002,0.00771797367454781,0.27338629437793216,-0.9996853733719295,0.002857357789020857,0.003943361754279992,0.009736610390201588,0.00771797367454781,-0.9975579975579976,0.0
821.9337801933289,1301.0,453.95,14.75,Inf,3.25,0.06663362155507002,0.00771797367454781,0.27338629437793216,-0.9996853733719295,0.002857357789020857,0.003943361754279992,0.009736610390201588,0.00771797367454781,-0.9975579975579976,0.0
827.401248216629,1309.0,438.5,14.75,Inf,3.2,0.06718378953586594,0.007674470667075558,0.26179785342172934,-0.9996871467913696,0.0028669938567565246,0.003943361754279992,0.009736610390201588,0.007674470667075558,-0.9975579975579976,0.0
832.88068318367,1317.0,446.0,14.75,Inf,3.2,0.06718378953586594,0.007672346826987573,0.26179982059367646,-0.999687233370655,0.0028669938567565246,0.003943361754279992,0.009736610390201588,0.007672346826987573,-0.9975579975579976,0.0
838.2638812065125,1325.0,453.6,14.75,Inf,3.2,0.06718378953586594,0.007670059832023339,0.2618153411129711,-0.9996873266010214,0.0028669938567565246,0.003943361754279992,0.009736610390201588,0.007670059832023339,-0.9975579975579976,0.0
843.688422203064,1333.0,461.35,14.75,Inf,3.2,0.06718378953586594,0.00766833948839352,0.2618299168908358,-0.9996873967315943,0.0028669938567565246,0.003943361754279992,0.009736610390201588,0.00766833948839352,-0.9975579975579976,0.0
849.1329100131989,1341.0,468.8,14.75,Inf,3.2,0.06718378953586594,0.007666637255814334,0.2618453569319108,-0.9996874661238622,0.0028669938567565246,0.003943361754279992,0.009736610390201588,0.007666637255814334,-0.9975579975579976,0.0
854.4013540744781,1349.0,476.5,14.75,Inf,3.2,0.06718378953586594,0.007664406636358212,0.2618664635158865,-0.999687557056056,0.0028669938567565246,0.003943361754279992,0.009736610390201588,0.007664406636358212,-0.9975579975579976,0.0
859.6989350318909,1357.0,484.0,14.75,Inf,3.2,0.06718378953586594,0.007662224929306293,0.26188781742478895,-0.9996876459943139,0.0028669938567565246,0.003943361754279992,0.009736610390201588,0.007662224929306293,-0.9975579975579976,0.0
864.9624350070953,1365.0,491.7,14.75,Inf,3.2,0.06718378953586594,0.007661152865439756,0.261898546231933,-0.999687689697474,0.0028669938567565246,0.003943361754279992,0.009736610390201588,0.007661152865439756,-0.9975579975579976,0.0
870.2483150959015,1373.0,469.1,14.75,Inf,3.2,0.06718378953586594,0.007660093386553197,0.2619093017235805,-0.9996877328876018,0.0028669938567565246,0.003943361754279992,0.009736610390201588,0.007660093386553197,-0.9975579975579976,0.0
875.53502202034,1381.0,476.6,14.75,Inf,3.2,0.06718378953586594,0.0076580121774760665,0.2619308834901908,-0.9996878177290152,0.0028669938567565246,0.003943361754279992,0.009736610390201588,0.0076580121774760665,-0.9975579975579976,0.0
880.700040102005,1389.0,479.4,14.75,Inf,3.15,0.06728461365557836,0.007656990414714743,0.2619417074939072,-0.9996878593816284,0.0028735144328526857,0.003943361754279992,0.009736610390201588,0.007656990414714743,-0.9975579975579976,0.0
885.8098890781403,1397.0,467.55,14.75,Inf,3.2,0.06728461365557836,0.007654490770957191,0.26196885993046237,-0.9996879612807175,0.0028735144328526857,0.003943361754279992,0.009736610390201588,0.007654490770957191,-0.9975579975579976,0.0
891.0828371047974,1405.0,452.76190476190476,15.0,Inf,3.238095238095238,0.06728461365557836,0.007652547159645333,0.26199067471504733,-0.9996880405128966,0.0028735144328526857,0.003943361754279992,0.009736610390201588,0.007652547159645333,-0.9975579975579976,0.0
896.4348101615906,1413.0,460.3809523809524,15.0,Inf,3.238095238095238,0.06728461365557836,0.007651122029939738,0.2620070889181676,-0.9996880986089427,0.0028735144328526857,0.003943361754279992,0.009736610390201588,0.007651122029939738,-0.9975579975579976,0.0
901.8374440670013,1421.0,468.0,15.0,Inf,3.238095238095238,0.06728461365557836,0.007648808579709309,0.2620345453875572,-0.9996881929177698,0.0028735144328526857,0.003943361754279992,0.009736610390201588,0.007648808579709309,-0.9975579975579976,0.0
907.326220035553,1429.0,475.7142857142857,15.0,Inf,3.238095238095238,0.06728461365557836,0.007647013145576056,0.26205659860339736,-0.9996882661094405,0.0028735144328526857,0.003943361754279992,0.009736610390201588,0.007647013145576056,-0.9975579975579976,0.0
912.7020871639252,1437.0,483.42857142857144,15.0,Inf,3.238095238095238,0.06728461365557836,0.007646571940473272,0.26206212396601103,-0.9996882840953626,0.0028735144328526857,0.003943361754279992,0.009736610390201588,0.007646571940473272,-0.9975579975579976,0.0
918.1925220489502,1445.0,490.85714285714283,15.0,Inf,3.238095238095238,0.06728461365557836,0.007644837622122401,0.262084273044735,-0.9996883547956212,0.0028735144328526857,0.003943361754279992,0.009736610390201588,0.007644837622122401,-0.9975579975579976,0.0
923.6150991916656,1453.0,498.85714285714283,15.0,Inf,3.238095238095238,0.06728461365557836,0.007644837622122401,0.262084273044735,-0.9996883547956212,0.0028735144328526857,0.003943361754279992,0.009736610390201588,0.007644837622122401,-0.9975579975579976,0.0
928.9012780189514,1461.0,503.42857142857144,15.0,Inf,3.238095238095238,0.06728461365557836,0.007643151926995385,0.2621064973603424,-0.9996884235137325,0.0028735144328526857,0.003943361754279992,0.009736610390201588,0.007643151926995385,-0.9975579975579976,0.0
934.2190551757812,1469.0,511.14285714285717,15.0,Inf,3.238095238095238,0.06728461365557836,0.007641919419173459,0.26212321419553675,-0.9996884737574618,0.0028735144328526857,0.003943361754279992,0.009736610390201588,0.007641919419173459,-0.9975579975579976,0.0
939.6941821575165,1477.0,518.9047619047619,15.0,Inf,3.238095238095238,0.06728461365557836,0.00764111281567353,0.2621343815925812,-0.9996885066390121,0.0028735144328526857,0.003943361754279992,0.009736610390201588,0.00764111281567353,-0.9975579975579976,0.0
945.1576352119446,1485.0,526.2380952380952,15.0,Inf,3.238095238095238,0.06728461365557836,0.007639148822405406,0.2621623788534926,-0.9996885867020708,0.0028735144328526857,0.003943361754279992,0.009736610390201588,0.007639148822405406,-0.9975579975579976,0.0
950.5599901676178,1493.0,534.0952380952381,15.0,Inf,3.238095238095238,0.06728461365557836,0.007638764995517185,0.26216799164815185,-0.9996886023489445,0.0028735144328526857,0.003943361754279992,0.009736610390201588,0.007638764995517185,-0.9975579975579976,0.0
955.9332010746002,1501.0,541.7619047619048,15.0,Inf,3.238095238095238,0.06728461365557836,0.007638384150163716,0.2621736088434936,-0.9996886178742747,0.0028735144328526857,0.003943361754279992,0.009736610390201588,0.007638384150163716,-0.9975579975579976,0.0
961.2601020336151,1509.0,549.0952380952381,15.0,Inf,3.238095238095238,0.06728461365557836,0.007636161471456571,0.26220740330741066,-0.9996887084827604,0.0028735144328526857,0.003943361754279992,0.009736610390201588,0.007636161471456571,-0.9975579975579976,0.0
966.7772800922394,1517.0,556.7142857142857,15.0,Inf,3.238095238095238,0.06728461365557836,0.007635090065297921,0.2622243583261543,-0.9996887521591087,0.0028735144328526857,0.003943361754279992,0.009736610390201588,0.007635090065297921,-0.9975579975579976,0.0
971.7923700809479,1524.0,563.6190476190476,15.0,Inf,3.238095238095238,0.06728461365557836,0.0076343905120958,0.26223568270792796,-0.999688780676706,0.0028735144328526857,0.003943361754279992,0.009736610390201588,0.0076343905120958,-0.9975579975579976,0.0
977.3868961334229,1532.0,559.0,15.0,Inf,3.238095238095238,0.06734208148099335,0.007633363178991417,0.2622527004352193,-0.9996888225563968,0.00287548192103065,0.003943361754279992,0.009736610390201588,0.007633363178991417,-0.9975579975579976,0.0
982.8960740566254,1540.0,566.8095238095239,15.0,Inf,3.238095238095238,0.06734208148099335,0.007633026584406642,0.26225838123909995,-0.9996888362778247,0.00287548192103065,0.003943361754279992,0.009736610390201588,0.007633026584406642,-0.9975579975579976,0.0
988.5406081676483,1548.0,574.2380952380952,15.0,Inf,3.238095238095238,0.06734208148099335,0.0076310681579282325,0.2622925510634033,-0.9996889161139507,0.00287548192103065,0.003943361754279992,0.009736610390201588,0.0076310681579282325,-0.9975579975579976,0.0
994.0344150066376,1556.0,581.952380952381,15.0,Inf,3.238095238095238,0.06734208148099335,0.007630438543785379,0.2623039729088106,-0.9996889417804511,0.00287548192103065,0.003943361754279992,0.009736610390201588,0.007630438543785379,-0.9975579975579976,0.0
999.5849781036377,1564.0,589.5714285714286,15.0,Inf,3.238095238095238,0.06734208148099335,0.00762951575565436,0.26232113504074306,-0.9996889793983196,0.00287548192103065,0.003943361754279992,0.009736610390201588,0.00762951575565436,-0.9975579975579976,0.0
1005.1246340274811,1572.0,595.3333333333334,15.0,Inf,3.238095238095238,0.06731916388359672,0.0076289149378514646,0.2623325958065692,-0.9996890038909244,0.00287500035341184,0.003943361754279992,0.009736610390201588,0.0076289149378514646,-0.9975579975579976,0.0
1010.6138350963593,1580.0,602.8571428571429,15.0,Inf,3.238095238095238,0.06731916388359672,0.007627747652388459,0.26235556305231356,-0.9996890514758352,0.00287500035341184,0.003943361754279992,0.009736610390201588,0.007627747652388459,-0.9975579975579976,0.0
1016.0415740013123,1588.0,610.7619047619048,15.0,Inf,3.238095238095238,0.06731916388359672,0.0076274629631923815,0.26236131427217657,-0.9996890630813169,0.00287500035341184,0.003943361754279992,0.009736610390201588,0.0076274629631923815,-0.9975579975579976,0.0
1021.0482330322266,1595.0,617.1904761904761,15.0,Inf,3.238095238095238,0.06731916388359672,0.0076271811185685675,0.2623670692159017,-0.9996890745708383,0.00287500035341184,0.003943361754279992,0.009736610390201588,0.0076271811185685675,-0.9975579975579976,0.0
1026.7754690647125,1603.0,624.8095238095239,15.0,Inf,3.238095238095238,0.06731916388359672,0.007626352610495428,0.2623843561929782,-0.9996891083453382,0.00287500035341184,0.003943361754279992,0.009736610390201588,0.007626352610495428,-0.9975579975579976,0.0
1032.3744871616364,1611.0,632.3809523809524,15.0,Inf,3.238095238095238,0.06731916388359672,0.007625814418185034,0.26239589910221284,-0.9996891302849871,0.00287500035341184,0.003943361754279992,0.009736610390201588,0.007625814418185034,-0.9975579975579976,0.0
1037.9926240444183,1619.0,640.047619047619,15.0,Inf,3.238095238095238,0.06731916388359672,0.007625287503892524,0.26240745643398,-0.9996891517648824,0.00287500035341184,0.003943361754279992,0.009736610390201588,0.007625287503892524,-0.9975579975579976,0.0
1043.5385391712189,1627.0,647.6190476190476,15.0,Inf,3.238095238095238,0.06731916388359672,0.007624518205111367,0.26242481912991167,-0.9996891831256892,0.00287500035341184,0.003943361754279992,0.009736610390201588,0.007624518205111367,-0.9975579975579976,0.0
1049.1286730766296,1635.0,655.2380952380952,15.0,Inf,3.238095238095238,0.06731916388359672,0.007623774092139106,0.26244221339272045,-0.9996892134597853,0.00287500035341184,0.003943361754279992,0.009736610390201588,0.007623774092139106,-0.9975579975579976,0.0
1054.7257571220398,1643.0,662.9047619047619,15.0,Inf,3.238095238095238,0.06731916388359672,0.00758511404654386,0.2633399156077303,-0.9996907894537314,0.00287500035341184,0.003943361754279992,0.009736610390201588,0.00758511404654386,-0.9975579975579976,0.0
1060.2950241565704,1651.0,670.4761904761905,15.0,Inf,3.238095238095238,0.06731916388359672,0.007582610429185449,0.2635131288800565,-0.9996908915148061,0.00287500035341184,0.003943361754279992,0.009736610390201588,0.007582610429185449,-0.9975579975579976,0.0
1065.8484342098236,1659.0,678.0952380952381,15.0,Inf,3.238095238095238,0.06731916388359672,0.007580821737120596,0.26353359192724213,-0.9996909644316333,0.00287500035341184,0.003943361754279992,0.009736610390201588,0.007580821737120596,-0.9975579975579976,0.0
1071.4851791858673,1667.0,685.8571428571429,15.0,Inf,3.238095238095238,0.06731916388359672,0.007579420337361141,0.26355366170170313,-0.9996910215603175,0.00287500035341184,0.003943361754279992,0.009736610390201588,0.007579420337361141,-0.9975579975579976,0.0
1077.1360490322113,1675.0,693.3809523809524,15.0,Inf,3.238095238095238,0.06731916388359672,0.007578397104828703,0.263569278770138,-0.9996910632728466,0.00287500035341184,0.003943361754279992,0.009736610390201588,0.007578397104828703,-0.9975579975579976,0.0
1082.7265541553497,1683.0,700.952380952381,15.0,Inf,3.238095238095238,0.06731916388359672,0.007577729161544259,0.26357979765236195,-0.9996910905018516,0.00287500035341184,0.003943361754279992,0.009736610390201588,0.007577729161544259,-0.9975579975579976,0.0
1088.3483400344849,1691.0,676.4545454545455,15.181818181818182,Inf,3.272727272727273,0.06731916388359672,0.007576748941181862,0.26359566056326145,-0.9996911304609704,0.002874983303930112,0.003943361754279992,0.009736610390201588,0.007576748941181862,-0.9975579975579976,0.0
1093.9649670124054,1699.0,683.8636363636364,15.181818181818182,Inf,3.272727272727273,0.06731916388359672,0.007576109984159394,0.26360627289890814,-0.9996911565083375,0.002874639486414856,0.003943361754279992,0.009736610390201588,0.007576109984159394,-0.9975579975579976,0.0
1098.9791860580444,1706.0,690.1363636363636,15.181818181818182,Inf,3.272727272727273,0.06731916388359672,0.007575482644840448,0.2636169075027226,-0.9996911820821037,0.0028742959790432378,0.003943361754279992,0.009736610390201588,0.007575482644840448,-0.9975579975579976,0.0
1104.5063710212708,1714.0,662.9545454545455,15.181818181818182,Inf,3.272727272727273,0.06731916388359672,0.007574866903053521,0.26362756135608834,-0.9996912071830915,0.0028739528165181356,0.003943361754279992,0.009736610390201588,0.007574866903053521,-0.9975579975579976,0.0
1109.9972591400146,1722.0,670.4090909090909,15.181818181818182,Inf,3.272727272727273,0.06730700751578811,0.007573964973180199,0.26364357486787426,-0.9996912439506637,0.0028734387570896924,0.003943361754279992,0.009736610390201588,0.007573964973180199,-0.9975579975579976,0.0
1115.7237930297852,1730.0,677.5,15.181818181818182,Inf,3.272727272727273,0.06728497798626178,0.007573088964190574,0.26365962532457843,-0.9996912796615596,0.0028729255439005636,0.003943361754279992,0.009736610390201588,0.007573088964190574,-0.9975579975579976,0.0
1120.8079600334167,1737.0,683.9545454545455,15.181818181818182,Inf,3.272727272727273,0.06727764328192659,0.007572802701181302,0.2636649834237801,-0.9996912913311984,0.002872754663507891,0.003943361754279992,0.009736610390201588,0.007572802701181302,-0.9975579975579976,0.0
1125.8387911319733,1744.0,674.1363636363636,15.181818181818182,Inf,3.272727272727273,0.06726298666044686,0.007572238758492679,0.2636757113206265,-0.9996913143205728,0.0028715913393632113,0.003943361754279992,0.009736610390201588,0.007572238758492679,-0.9975579975579976,0.0
1131.438644170761,1752.0,681.3181818181819,15.181818181818182,Inf,3.272727272727273,0.06723372482219318,0.007571145080400152,0.2636972131261537,-0.9996913589048465,0.0028715913393632113,0.003943361754279992,0.009736610390201588,0.007571145080400152,-0.9975579975579976,0.0
1137.0558290481567,1760.0,688.6363636363636,15.181818181818182,Inf,3.272727272727273,0.06721909174221839,0.007569589536389658,0.26372957804732877,-0.9996914223172897,0.002871439094128048,0.003943361754279992,0.009736610390201588,0.007569589536389658,-0.9975579975579976,0.0
1142.724189043045,1768.0,696.3636363636364,15.181818181818182,Inf,3.272727272727273,0.06723555942591718,0.007568849734671154,0.2637458097468297,-0.9996914524756356,0.0028715913393632113,0.003943361754279992,0.009736610390201588,0.007568849734671154,-0.9975579975579976,0.0
1148.3407731056213,1776.0,703.2727272727273,15.181818181818182,Inf,3.272727272727273,0.06725199588140705,0.007568135080788691,0.26376207352405956,-0.9996914816088188,0.0028715913393632113,0.003943361754279992,0.009736610390201588,0.007568135080788691,-0.9975579975579976,0.0
1153.9750339984894,1784.0,710.5454545454545,15.181818181818182,Inf,3.272727272727273,0.06726293611116069,0.0075676725542265545,0.26377293358884657,-0.9996915004639197,0.0028715913393632113,0.003943361754279992,0.009736610390201588,0.0075676725542265545,-0.9975579975579976,0.0
1159.6659572124481,1792.0,717.9090909090909,15.181818181818182,Inf,3.272727272727273,0.06728477463770417,0.007566780716429223,0.2637946950927095,-0.999691536820084,0.0028715913393632113,0.003943361754279992,0.009736610390201588,0.007566780716429223,-0.9975579975579976,0.0
1165.258010149002,1800.0,725.0454545454545,15.181818181818182,Inf,3.272727272727273,0.06729567286597586,0.007566351330651676,0.26380559620487176,-0.9996915543241862,0.0028715913393632113,0.003943361754279992,0.009736610390201588,0.007566351330651676,-0.9975579975579976,0.0
1170.8696510791779,1808.0,732.4090909090909,15.181818181818182,Inf,3.272727272727273,0.06730655702561415,0.007565932917105988,0.26381651067305967,-0.9996915713810004,0.0028715913393632113,0.003943361754279992,0.009736610390201588,0.007565932917105988,-0.9975579975579976,0.0
1176.4274611473083,1816.0,739.5,15.181818181818182,Inf,3.272727272727273,0.06731916388359672,0.007565128856620734,0.2638383790268328,-0.9996916041588836,0.0028715913393632113,0.003943361754279992,0.009736610390201588,0.007565128856620734,-0.9975579975579976,0.0
1182.0295960903168,1824.0,746.9545454545455,15.181818181818182,Inf,3.272727272727273,0.06731916388359672,0.007564554333813316,0.26385481414340717,-0.9996916275795612,0.0028715913393632113,0.003943361754279992,0.009736610390201588,0.007564554333813316,-0.9975579975579976,0.0
1187.5589411258698,1832.0,754.3636363636364,15.181818181818182,Inf,3.272727272727273,0.06731916388359672,0.0075638260910288295,0.2638767717287358,-0.9996916572667021,0.0028715913393632113,0.003943361754279992,0.009736610390201588,0.0075638260910288295,-0.9975579975579976,0.0
1193.2493271827698,1840.0,761.3636363636364,15.181818181818182,Inf,3.272727272727273,0.06731916388359672,0.007562976090695238,0.2639042877656692,-0.9996916919173435,0.0028715913393632113,0.003943361754279992,0.009736610390201588,0.007562976090695238,-0.9975579975579976,0.0
1198.7397570610046,1848.0,768.7272727272727,15.181818181818182,Inf,3.272727272727273,0.06731916388359672,0.007562498023543039,0.26392083325299254,-0.9996917114059636,0.0028715913393632113,0.003943361754279992,0.009736610390201588,0.007562498023543039,-0.9975579975579976,0.0
1204.3737461566925,1856.0,753.8181818181819,15.181818181818182,Inf,3.272727272727273,0.06731916388359672,0.007561613135658081,0.26395400240338773,-0.9996917474788116,0.0028715913393632113,0.003943361754279992,0.009736610390201588,0.007561613135658081,-0.9975579975579976,0.0
1209.916430234909,1864.0,742.6818181818181,15.181818181818182,Inf,3.272727272727273,0.06731916388359672,0.007561339142156922,0.263965081365388,-0.9996917586482785,0.0028715913393632113,0.003943361754279992,0.009736610390201588,0.007561339142156922,-0.9975579975579976,0.0
1215.3990461826324,1872.0,717.5652173913044,15.608695652173912,Inf,3.391304347826087,0.06731916388359672,0.007561206055436704,0.2639706249904208,-0.9996917640736178,0.0028715913393632113,0.003943361754279992,0.009736610390201588,0.007561206055436704,-0.9975579975579976,0.0
1220.9716651439667,1880.0,724.6521739130435,15.608695652173912,Inf,3.391304347826087,0.06731916388359672,0.007560699662666907,0.26399282665527224,-0.9996917847169442,0.0028715913393632113,0.003943361754279992,0.009736610390201588,0.007560699662666907,-0.9975579975579976,0.0
1226.6236522197723,1888.0,732.0,15.608695652173912,Inf,3.391304347826087,0.06731916388359672,0.007560346984293608,0.2640095058735277,-0.9996917990940348,0.0028715913393632113,0.003943361754279992,0.009736610390201588,0.007560346984293608,-0.9975579975579976,0.0
1231.6863660812378,1895.0,738.304347826087,15.608695652173912,Inf,3.391304347826087,0.06731916388359672,0.007560124705047539,0.2640206383755377,-0.9996918081553472,0.0028715913393632113,0.003943361754279992,0.009736610390201588,0.007560124705047539,-0.9975579975579976,0.0
1237.277240037918,1903.0,745.6521739130435,15.608695652173912,Inf,3.391304347826087,0.06731916388359672,0.007559810448357985,0.26403735627031466,-0.9996918209661608,0.0028715913393632113,0.003943361754279992,0.009736610390201588,0.007559810448357985,-0.9975579975579976,0.0
1242.7997760772705,1911.0,752.9565217391304,15.608695652173912,Inf,3.391304347826087,0.06731916388359672,0.007559337461075499,0.26406526916728623,-0.9996918402476976,0.0028715913393632113,0.003943361754279992,0.009736610390201588,0.007559337461075499,-0.9975579975579976,0.0
1248.3050451278687,1919.0,760.304347826087,15.608695652173912,Inf,3.391304347826087,0.06731916388359672,0.007559165922898918,0.2640764512792053,-0.9996918472405277,0.0028715913393632113,0.003943361754279992,0.009736610390201588,0.007559165922898918,-0.9975579975579976,0.0
1254.0185780525208,1927.0,767.5652173913044,15.608695652173912,Inf,3.391304347826087,0.06731916388359672,0.007559004415462102,0.26408764284510866,-0.9996918538244501,0.0028715913393632113,0.003943361754279992,0.009736610390201588,0.007559004415462102,-0.9975579975579976,0.0
1259.0348191261292,1934.0,774.1739130434783,15.608695652173912,Inf,3.391304347826087,0.06731916388359672,0.007558927410993898,0.26409324212478325,-0.9996918569635715,0.0028715913393632113,0.003943361754279992,0.009736610390201588,0.007558927410993898,-0.9975579975579976,0.0
1264.5979862213135,1942.0,781.4782608695652,15.608695652173912,Inf,3.391304347826087,0.06731916388359672,0.007558780875971412,0.26410444758074547,-0.9996918629371369,0.0028715913393632113,0.003943361754279992,0.009736610390201588,0.007558780875971412,-0.9975579975579976,0.0
1270.2842371463776,1950.0,788.8695652173913,15.608695652173912,Inf,3.391304347826087,0.06731916388359672,0.007558644273345945,0.26411566210330406,-0.9996918685058036,0.0028715913393632113,0.003943361754279992,0.009736610390201588,0.007558644273345945,-0.9975579975579976,0.0
1275.9244902133942,1958.0,795.8695652173913,15.608695652173912,Inf,3.391304347826087,0.06731916388359672,0.007558400707500698,0.26413811773113594,-0.9996918784348736,0.0028715913393632113,0.003943361754279992,0.009736610390201588,0.007558400707500698,-0.9975579975579976,0.0
1281.5283801555634,1966.0,803.1304347826087,15.608695652173912,Inf,3.391304347826087,0.06731916388359672,0.007558196397365079,0.2641606077776686,-0.9996918867636672,0.0028715913393632113,0.003943361754279992,0.009736610390201588,0.007558196397365079,-0.9975579975579976,0.0
1287.0922691822052,1974.0,810.4347826086956,15.608695652173912,Inf,3.391304347826087,0.06731916388359672,0.007558068735718116,0.2641774971627342,-0.9996918919678509,0.0028715913393632113,0.003943361754279992,0.009736610390201588,0.007558068735718116,-0.9975579975579976,0.0
1292.717131137848,1982.0,817.7391304347826,15.608695652173912,Inf,3.391304347826087,0.06731916388359672,0.0075579042758706074,0.26420568623273866,-0.9996918986721297,0.0028715913393632113,0.003943361754279992,0.009736610390201588,0.0075579042758706074,-0.9975579975579976,0.0
1298.3086531162262,1990.0,825.0434782608696,15.608695652173912,Inf,3.391304347826087,0.06731916388359672,0.007557878585587877,0.2642113298901343,-0.9996918997194055,0.0028715913393632113,0.003943361754279992,0.009736610390201588,0.007557878585587877,-0.9975579975579976,0.0
1303.9295291900635,1998.0,832.4782608695652,15.608695652173912,Inf,3.391304347826087,0.06731916388359672,0.007557815828471671,0.26422827220866907,-0.9996919022777272,0.0028715913393632113,0.003943361754279992,0.009736610390201588,0.007557815828471671,-0.9975579975579976,0.0
1309.0908710956573,2005.0,838.9130434782609,15.608695652173912,Inf,3.391304347826087,0.06731916388359672,0.007557765364785327,0.2642508877382532,-0.9996919043349018,0.0028715913393632113,0.003943361754279992,0.009736610390201588,0.007557765364785327,-0.9975579975579976,0.0
1314.6836051940918,2013.0,846.2173913043479,15.608695652173912,Inf,3.391304347826087,0.06731916388359672,0.007557752251536538,0.2642678680569972,-0.9996919048694692,0.0028715913393632113,0.003943361754279992,0.009736610390201588,0.007557752251536538,-0.9975579975579976,0.0
1319.7244260311127,2020.0,852.9130434782609,15.608695652173912,Inf,3.391304347826087,0.06731916388359672,0.007557752251536538,0.2642678680569972,-0.9996919048694692,0.0028715913393632113,0.003943361754279992,0.009736610390201588,0.007557752251536538,-0.9975579975579976,0.0
1325.3058700561523,2028.0,860.5652173913044,15.608695652173912,Inf,3.391304347826087,0.06731916388359672,0.007557752251536538,0.2642678680569972,-0.9996919048694692,0.0028715913393632113,0.003943361754279992,0.009736610390201588,0.007557752251536538,-0.9975579975579976,0.0
1330.909728050232,2036.0,868.2173913043479,15.608695652173912,Inf,3.391304347826087,0.06731916388359672,0.007557752251536538,0.2642678680569972,-0.9996919048694692,0.0028715913393632113,0.003943361754279992,0.009736610390201588,0.007557752251536538,-0.9975579975579976,0.0
1335.9234261512756,2043.0,874.9565217391304,15.608695652173912,Inf,3.391304347826087,0.06731916388359672,0.007557752251536538,0.2642678680569972,-0.9996919048694692,0.0028715913393632113,0.003943361754279992,0.009736610390201588,0.007557752251536538,-0.9975579975579976,0.0
1341.5863621234894,2051.0,882.6521739130435,15.608695652173912,Inf,3.391304347826087,0.06731916388359672,0.007557752251536538,0.2642678680569972,-0.9996919048694692,0.0028715913393632113,0.003943361754279992,0.009736610390201588,0.007557752251536538,-0.9975579975579976,0.0
1347.2687771320343,2059.0,890.2173913043479,15.608695652173912,Inf,3.391304347826087,0.06731916388359672,0.007557752251536538,0.2642678680569972,-0.9996919048694692,0.0028715913393632113,0.003943361754279992,0.009736610390201588,0.007557752251536538,-0.9975579975579976,0.0
1352.9139771461487,2067.0,897.9130434782609,15.608695652173912,Inf,3.391304347826087,0.06731916388359672,0.007557752251536538,0.2642678680569972,-0.9996919048694692,0.0028715913393632113,0.003943361754279992,0.009736610390201588,0.007557752251536538,-0.9975579975579976,0.0
1358.4742171764374,2075.0,876.0,15.608695652173912,Inf,3.391304347826087,0.06731916388359672,0.007557752251536538,0.2642678680569972,-0.9996919048694692,0.0028715913393632113,0.003943361754279992,0.009736610390201588,0.007557752251536538,-0.9975579975579976,0.0
1364.111268043518,2083.0,883.6521739130435,15.608695652173912,Inf,3.391304347826087,0.06731916388359672,0.007557752251536538,0.2642678680569972,-0.9996919048694692,0.0028715913393632113,0.003943361754279992,0.009736610390201588,0.007557752251536538,-0.9975579975579976,0.0
1369.7496252059937,2091.0,891.3478260869565,15.608695652173912,Inf,3.391304347826087,0.06731916388359672,0.007557752251536538,0.2642678680569972,-0.9996919048694692,0.0028715913393632113,0.003943361754279992,0.009736610390201588,0.007557752251536538,-0.9975579975579976,0.0
1375.40789103508,2099.0,898.9565217391304,15.608695652173912,Inf,3.391304347826087,0.06731916388359672,0.007557752251536538,0.2642678680569972,-0.9996919048694692,0.0028715913393632113,0.003943361754279992,0.009736610390201588,0.007557752251536538,-0.9975579975579976,0.0
1380.4323570728302,2106.0,905.695652173913,15.608695652173912,Inf,3.391304347826087,0.06731916388359672,0.007557752251536538,0.2642678680569972,-0.9996919048694692,0.0028715913393632113,0.003943361754279992,0.009736610390201588,0.007557752251536538,-0.9975579975579976,0.0
1385.4604341983795,2113.0,912.4347826086956,15.608695652173912,Inf,3.391304347826087,0.06731916388359672,0.007557752251536538,0.2642678680569972,-0.9996919048694692,0.0028715913393632113,0.003943361754279992,0.009736610390201588,0.007557752251536538,-0.9975579975579976,0.0
1390.4906070232391,2120.0,919.304347826087,15.608695652173912,Inf,3.391304347826087,0.06731916388359672,0.007557752251536538,0.2642678680569972,-0.9996919048694692,0.0028715913393632113,0.003943361754279992,0.009736610390201588,0.007557752251536538,-0.9975579975579976,0.0
1395.5501391887665,2127.0,925.7826086956521,15.608695652173912,Inf,3.391304347826087,0.06731916388359672,0.007557752251536538,0.2642678680569972,-0.9996919048694692,0.0028715913393632113,0.003943361754279992,0.009736610390201588,0.007557752251536538,-0.9975579975579976,0.0
1400.5825350284576,2134.0,932.6521739130435,15.608695652173912,Inf,3.391304347826087,0.06731916388359672,0.007557752251536538,0.2642678680569972,-0.9996919048694692,0.0028715913393632113,0.003943361754279992,0.009736610390201588,0.007557752251536538,-0.9975579975579976,0.0
1405.7007050514221,2141.0,939.2173913043479,15.608695652173912,Inf,3.391304347826087,0.06731916388359672,0.007557752251536538,0.2642678680569972,-0.9996919048694692,0.0028715913393632113,0.003943361754279992,0.009736610390201588,0.007557752251536538,-0.9975579975579976,0.0
1410.711492061615,2148.0,945.9565217391304,15.608695652173912,Inf,3.391304347826087,0.06731916388359672,0.007557752251536538,0.2642678680569972,-0.9996919048694692,0.0028715913393632113,0.003943361754279992,0.009736610390201588,0.007557752251536538,-0.9975579975579976,0.0
1416.3846271038055,2156.0,953.4782608695652,15.608695652173912,Inf,3.391304347826087,0.06731916388359672,0.007557752251536538,0.2642678680569972,-0.9996919048694692,0.0028715913393632113,0.003943361754279992,0.009736610390201588,0.007557752251536538,-0.9975579975579976,0.0
1421.4172790050507,2163.0,960.1739130434783,15.608695652173912,Inf,3.391304347826087,0.06731916388359672,0.007557752251536538,0.2642678680569972,-0.9996919048694692,0.0028715913393632113,0.003943361754279992,0.009736610390201588,0.007557752251536538,-0.9975579975579976,0.0
1427.1653702259064,2171.0,967.8260869565217,15.608695652173912,Inf,3.391304347826087,0.06731916388359672,0.007557752251536538,0.2642678680569972,-0.9996919048694692,0.0028715913393632113,0.003943361754279992,0.009736610390201588,0.007557752251536538,-0.9975579975579976,0.0
1432.2264301776886,2178.0,974.6521739130435,15.608695652173912,Inf,3.391304347826087,0.06731916388359672,0.007557752251536538,0.2642678680569972,-0.9996919048694692,0.0028715913393632113,0.003943361754279992,0.009736610390201588,0.007557752251536538,-0.9975579975579976,0.0
1437.259829044342,2185.0,981.2173913043479,15.608695652173912,Inf,3.391304347826087,0.06731916388359672,0.007557752251536538,0.2642678680569972,-0.9996919048694692,0.0028715913393632113,0.003943361754279992,0.009736610390201588,0.007557752251536538,-0.9975579975579976,0.0
1442.3143842220306,2192.0,987.9565217391304,15.608695652173912,Inf,3.391304347826087,0.06731916388359672,0.007557752251536538,0.2642678680569972,-0.9996919048694692,0.0028715913393632113,0.003943361754279992,0.009736610390201588,0.007557752251536538,-0.9975579975579976,0.0
1447.4003281593323,2199.0,953.0434782608696,15.608695652173912,Inf,3.391304347826087,0.06731916388359672,0.007557752251536538,0.2642678680569972,-0.9996919048694692,0.0028715913393632113,0.003943361754279992,0.009736610390201588,0.007557752251536538,-0.9975579975579976,0.0
1452.4414641857147,2206.0,959.6521739130435,15.608695652173912,Inf,3.391304347826087,0.06731916388359672,0.007557752251536538,0.2642678680569972,-0.9996919048694692,0.0028715913393632113,0.003943361754279992,0.009736610390201588,0.007557752251536538,-0.9975579975579976,0.0
1458.1040410995483,2214.0,967.304347826087,15.608695652173912,Inf,3.391304347826087,0.06731916388359672,0.007557752251536538,0.2642678680569972,-0.9996919048694692,0.0028715913393632113,0.003943361754279992,0.009736610390201588,0.007557752251536538,-0.9975579975579976,0.0
1463.2716031074524,2221.0,974.0,15.608695652173912,Inf,3.391304347826087,0.06731916388359672,0.007557752251536538,0.2642678680569972,-0.9996919048694692,0.0028715913393632113,0.003943361754279992,0.009736610390201588,0.007557752251536538,-0.9975579975579976,0.0
1468.349561214447,2228.0,958.2173913043479,15.608695652173912,Inf,3.391304347826087,0.06731916388359672,0.007557752251536538,0.2642678680569972,-0.9996919048694692,0.0028715913393632113,0.003943361754279992,0.009736610390201588,0.007557752251536538,-0.9975579975579976,0.0
1474.0006520748138,2236.0,965.7391304347826,15.608695652173912,Inf,3.391304347826087,0.06731916388359672,0.007557752251536538,0.2642678680569972,-0.9996919048694692,0.0028715913393632113,0.003943361754279992,0.009736610390201588,0.007557752251536538,-0.9975579975579976,0.0
1479.0206382274628,2243.0,972.6086956521739,15.608695652173912,Inf,3.391304347826087,0.06731916388359672,0.007557752251536538,0.2642678680569972,-0.9996919048694692,0.0028715913393632113,0.003943361754279992,0.009736610390201588,0.007557752251536538,-0.9975579975579976,0.0
1484.726568222046,2251.0,979.3478260869565,15.608695652173912,Inf,3.391304347826087,0.06731916388359672,0.007557752251536538,0.2642678680569972,-0.9996919048694692,0.0028715913393632113,0.003943361754279992,0.009736610390201588,0.007557752251536538,-0.9975579975579976,0.0
1489.7703080177307,2258.0,986.2173913043479,15.608695652173912,Inf,3.391304347826087,0.06731916388359672,0.007557752251536538,0.2642678680569972,-0.9996919048694692,0.0028715913393632113,0.003943361754279992,0.009736610390201588,0.007557752251536538,-0.9975579975579976,0.0
1495.4789111614227,2266.0,993.7826086956521,15.608695652173912,Inf,3.391304347826087,0.06731916388359672,0.007557752251536538,0.2642678680569972,-0.9996919048694692,0.0028715913393632113,0.003943361754279992,0.009736610390201588,0.007557752251536538,-0.9975579975579976,0.0
1501.1051790714264,2274.0,1001.4782608695652,15.608695652173912,Inf,3.391304347826087,0.06731916388359672,0.007557752251536538,0.2642678680569972,-0.9996919048694692,0.0028715913393632113,0.003943361754279992,0.009736610390201588,0.007557752251536538,-0.9975579975579976,0.0
1506.7295560836792,2282.0,990.695652173913,15.608695652173912,Inf,3.391304347826087,0.06731916388359672,0.007557752251536538,0.2642678680569972,-0.9996919048694692,0.0028715913393632113,0.003943361754279992,0.009736610390201588,0.007557752251536538,-0.9975579975579976,0.0
1511.8339071273804,2289.0,997.3913043478261,15.608695652173912,Inf,3.391304347826087,0.06731916388359672,0.007557752251536538,0.2642678680569972,-0.9996919048694692,0.0028715913393632113,0.003943361754279992,0.009736610390201588,0.007557752251536538,-0.9975579975579976,0.0
1517.486102104187,2297.0,986.3913043478261,15.608695652173912,Inf,3.391304347826087,0.06731916388359672,0.007557752251536538,0.2642678680569972,-0.9996919048694692,0.0028715913393632113,0.003943361754279992,0.009736610390201588,0.007557752251536538,-0.9975579975579976,0.0
1523.1439971923828,2305.0,994.1304347826087,15.608695652173912,Inf,3.391304347826087,0.06731916388359672,0.007557752251536538,0.2642678680569972,-0.9996919048694692,0.0028715913393632113,0.003943361754279992,0.009736610390201588,0.007557752251536538,-0.9975579975579976,0.0
1528.771623134613,2313.0,1001.7391304347826,15.608695652173912,Inf,3.391304347826087,0.06731916388359672,0.007557752251536538,0.2642678680569972,-0.9996919048694692,0.0028715913393632113,0.003943361754279992,0.009736610390201588,0.007557752251536538,-0.9975579975579976,0.0
1534.4180941581726,2321.0,1009.3478260869565,15.608695652173912,Inf,3.391304347826087,0.06731916388359672,0.007557752251536538,0.2642678680569972,-0.9996919048694692,0.0028715913393632113,0.003943361754279992,0.009736610390201588,0.007557752251536538,-0.9975579975579976,0.0
1539.508546113968,2328.0,1026.952380952381,14.666666666666666,Inf,3.142857142857143,0.06734208148099335,0.007557752251536538,0.2642678680569972,-0.9996919048694692,0.0028725419423376998,0.003943361754279992,0.009736610390201588,0.007557752251536538,-0.9975579975579976,0.0
1545.2261281013489,2336.0,1034.7142857142858,14.666666666666666,Inf,3.142857142857143,0.06734208148099335,0.007557752251536538,0.2642678680569972,-0.9996919048694692,0.0028725419423376998,0.003943361754279992,0.009736610390201588,0.007557752251536538,-0.9975579975579976,0.0
1550.8230831623077,2344.0,1042.3809523809523,14.666666666666666,Inf,3.142857142857143,0.06734208148099335,0.007557752251536538,0.2642678680569972,-0.9996919048694692,0.0028725419423376998,0.003943361754279992,0.009736610390201588,0.007557752251536538,-0.9975579975579976,0.0
1556.3918452262878,2352.0,1050.0,14.666666666666666,Inf,3.142857142857143,0.06734208148099335,0.007557752251536538,0.2642678680569972,-0.9996919048694692,0.0028725419423376998,0.003943361754279992,0.009736610390201588,0.007557752251536538,-0.9975579975579976,0.0
1562.0609240531921,2360.0,1057.4285714285713,14.666666666666666,Inf,3.142857142857143,0.06734208148099335,0.007557752251536538,0.2642678680569972,-0.9996919048694692,0.0028725419423376998,0.003943361754279992,0.009736610390201588,0.007557752251536538,-0.9975579975579976,0.0
1567.7320821285248,2368.0,981.7142857142857,14.666666666666666,Inf,3.142857142857143,0.06725817166378525,0.007557752251536538,0.2642678680569972,-0.9996919048694692,0.002872396080237311,0.003943361754279992,0.009736610390201588,0.007557752251536538,-0.9975579975579976,0.0
1573.406566143036,2376.0,989.2380952380952,14.666666666666666,Inf,3.142857142857143,0.06725817166378525,0.007557752251536538,0.2642678680569972,-0.9996919048694692,0.002872396080237311,0.003943361754279992,0.009736610390201588,0.007557752251536538,-0.9975579975579976,0.0
1578.4405541419983,2383.0,995.952380952381,14.666666666666666,Inf,3.142857142857143,0.06725817166378525,0.007557752251536538,0.2642678680569972,-0.9996919048694692,0.002872396080237311,0.003943361754279992,0.009736610390201588,0.007557752251536538,-0.9975579975579976,0.0
1583.4849081039429,2390.0,1002.5714285714286,14.666666666666666,Inf,3.142857142857143,0.06725817166378525,0.007557752251536538,0.2642678680569972,-0.9996919048694692,0.002872396080237311,0.003943361754279992,0.009736610390201588,0.007557752251536538,-0.9975579975579976,0.0
1588.55419921875,2397.0,928.8095238095239,14.666666666666666,Inf,3.142857142857143,0.06725817166378525,0.007557752251536538,0.2642678680569972,-0.9996919048694692,0.002872396080237311,0.003943361754279992,0.00973660149394022,0.007557752251536538,-0.9975579975579976,0.0
1593.5914771556854,2404.0,935.7142857142857,14.666666666666666,Inf,3.142857142857143,0.06725817166378525,0.007557752251536538,0.2642678680569972,-0.9996919048694692,0.002872396080237311,0.003943361754279992,0.00973660149394022,0.007557752251536538,-0.9975579975579976,0.0
1599.2512180805206,2412.0,943.7142857142857,14.666666666666666,Inf,3.142857142857143,0.06725817166378525,0.007557752251536538,0.2642678680569972,-0.9996919048694692,0.002872396080237311,0.003943361754279992,0.00973660149394022,0.007557752251536538,-0.9975579975579976,0.0
1604.262237071991,2419.0,950.7142857142857,14.666666666666666,Inf,3.142857142857143,0.06725817166378525,0.007557752251536538,0.2642678680569972,-0.9996919048694692,0.002872396080237311,0.003943361754279992,0.00973660149394022,0.007557752251536538,-0.9975579975579976,0.0
1609.2842462062836,2426.0,957.7142857142857,14.666666666666666,Inf,3.142857142857143,0.06725817166378525,0.007557752251536538,0.2642678680569972,-0.9996919048694692,0.002872396080237311,0.003943361754279992,0.00973660149394022,0.007557752251536538,-0.9975579975579976,0.0
1614.3590550422668,2433.0,964.7142857142857,14.666666666666666,Inf,3.142857142857143,0.06725817166378525,0.007557752251536538,0.2642678680569972,-0.9996919048694692,0.002872396080237311,0.003943361754279992,0.00973660149394022,0.007557752251536538,-0.9975579975579976,0.0
1619.964949131012,2441.0,923.2380952380952,14.666666666666666,Inf,3.142857142857143,0.06725817166378525,0.007557752251536538,0.2642678680569972,-0.9996919048694692,0.002872396080237311,0.003943361754279992,0.00973660149394022,0.007557752251536538,-0.9975579975579976,0.0
1625.6152892112732,2449.0,931.2380952380952,14.666666666666666,Inf,3.142857142857143,0.06725817166378525,0.007557752251536538,0.2642678680569972,-0.9996919048694692,0.002872396080237311,0.003943361754279992,0.00973660149394022,0.007557752251536538,-0.9975579975579976,0.0
1631.1765701770782,2457.0,939.2380952380952,14.666666666666666,Inf,3.142857142857143,0.06725817166378525,0.007557752251536538,0.2642678680569972,-0.9996919048694692,0.002872396080237311,0.003943361754279992,0.00973660149394022,0.007557752251536538,-0.9975579975579976,0.0
1636.714774131775,2465.0,947.2380952380952,14.666666666666666,Inf,3.142857142857143,0.06725817166378525,0.007557752251536538,0.2642678680569972,-0.9996919048694692,0.002872396080237311,0.003943361754279992,0.00973660149394022,0.007557752251536538,-0.9975579975579976,0.0
1641.7681510448456,2472.0,945.0952380952381,14.666666666666666,Inf,3.142857142857143,0.06725817166378525,0.007557752251536538,0.2642678680569972,-0.9996919048694692,0.002872396080237311,0.003943361754279992,0.00973660149394022,0.007557752251536538,-0.9975579975579976,0.0
1647.4438152313232,2480.0,953.0952380952381,14.666666666666666,Inf,3.142857142857143,0.06725817166378525,0.007557752251536538,0.2642678680569972,-0.9996919048694692,0.002872396080237311,0.003943361754279992,0.00973660149394022,0.007557752251536538,-0.9975579975579976,0.0
1652.9045071601868,2488.0,961.0952380952381,14.666666666666666,Inf,3.142857142857143,0.06725817166378525,0.007557752251536538,0.2642678680569972,-0.9996919048694692,0.002872396080237311,0.003943361754279992,0.00973660149394022,0.007557752251536538,-0.9975579975579976,0.0
1658.4067142009735,2496.0,964.6190476190476,14.666666666666666,Inf,3.142857142857143,0.06725817166378525,0.007557752251536538,0.2642678680569972,-0.9996919048694692,0.002872396080237311,0.003943361754279992,0.00973660149394022,0.007557752251536538,-0.9975579975579976,0.0
1664.049429178238,2504.0,972.4285714285714,14.666666666666666,Inf,3.142857142857143,0.06725817166378525,0.007557752251536538,0.2642678680569972,-0.9996919048694692,0.002872396080237311,0.003943361754279992,0.00973660149394022,0.007557752251536538,-0.9975579975579976,0.0
1669.6376039981842,2512.0,962.55,14.45,Inf,3.1,0.06725817166378525,0.007557752251536538,0.2642678680569972,-0.9996919048694692,0.002872396080237311,0.003943361754279992,0.00973660149394022,0.007557752251536538,-0.9975579975579976,0.0
1675.2343940734863,2520.0,970.55,14.45,Inf,3.1,0.06725817166378525,0.007557752251536538,0.2642678680569972,-0.9996919048694692,0.002872396080237311,0.003943361754279992,0.00973660149394022,0.007557752251536538,-0.9975579975579976,0.0
1680.9018371105194,2528.0,978.55,14.45,Inf,3.1,0.06725817166378525,0.007557752251536538,0.2642678680569972,-0.9996919048694692,0.002872396080237311,0.003943361754279992,0.00973660149394022,0.007557752251536538,-0.9975579975579976,0.0
1685.9557991027832,2535.0,985.55,14.45,Inf,3.1,0.06725817166378525,0.007557752251536538,0.2642678680569972,-0.9996919048694692,0.002872396080237311,0.003943361754279992,0.00973660149394022,0.007557752251536538,-0.9975579975579976,0.0
1691.525131225586,2543.0,993.55,14.45,Inf,3.1,0.06725817166378525,0.007557752251536538,0.2642678680569972,-0.9996919048694692,0.002872396080237311,0.003943361754279992,0.00973660149394022,0.007557752251536538,-0.9975579975579976,0.0
1697.160774230957,2551.0,1001.55,14.45,Inf,3.1,0.06725817166378525,0.007557752251536538,0.2642678680569972,-0.9996919048694692,0.002872396080237311,0.003943361754279992,0.00973660149394022,0.007557752251536538,-0.9975579975579976,0.0
1702.670175075531,2559.0,1009.55,14.45,Inf,3.1,0.06725817166378525,0.007557752251536538,0.2642678680569972,-0.9996919048694692,0.002872396080237311,0.003943361754279992,0.00973660149394022,0.007557752251536538,-0.9975579975579976,0.0
1708.2567942142487,2567.0,918.6,14.45,Inf,3.05,0.06723951700421056,0.007557752251536538,0.2642678680569972,-0.9996919048694692,0.0028719065888459477,0.003943361754279992,0.00973660149394022,0.007557752251536538,-0.9975579975579976,0.0
1713.2780950069427,2574.0,925.6,14.45,Inf,3.05,0.06723951700421056,0.007557752251536538,0.2642678680569972,-0.9996919048694692,0.0028719065888459477,0.003943361754279992,0.00973660149394022,0.007557752251536538,-0.9975579975579976,0.0
1718.910168170929,2582.0,933.6,14.45,Inf,3.05,0.06723951700421056,0.007557752251536538,0.2642678680569972,-0.9996919048694692,0.0028719065888459477,0.003943361754279992,0.00973660149394022,0.007557752251536538,-0.9975579975579976,0.0
1724.4968540668488,2590.0,941.6,14.45,Inf,3.05,0.06723951700421056,0.007557752251536538,0.2642678680569972,-0.9996919048694692,0.0028719065888459477,0.003943361754279992,0.00973660149394022,0.007557752251536538,-0.9975579975579976,0.0
1730.17729306221,2598.0,949.6,14.45,Inf,3.05,0.06723951700421056,0.007557752251536538,0.2642678680569972,-0.9996919048694692,0.0028719065888459477,0.003943361754279992,0.00973660149394022,0.007557752251536538,-0.9975579975579976,0.0
1735.797431230545,2606.0,947.15,14.45,Inf,3.05,0.06723951700421056,0.007557752251536538,0.2642678680569972,-0.9996919048694692,0.0028719065888459477,0.003943361754279992,0.009736601526862891,0.007557752251536538,-0.9975579975579976,0.0
1741.4887750148773,2614.0,955.15,14.45,Inf,3.05,0.06723951700421056,0.007557752251536538,0.2642678680569972,-0.9996919048694692,0.0028719065888459477,0.003943361754279992,0.009736601526862891,0.007557752251536538,-0.9975579975579976,0.0
1747.1026091575623,2622.0,963.15,14.45,Inf,3.05,0.06723951700421056,0.007557752251536538,0.2642678680569972,-0.9996919048694692,0.0028719065888459477,0.003943361754279992,0.009736601526862891,0.007557752251536538,-0.9975579975579976,0.0
1752.636117219925,2630.0,971.15,14.45,Inf,3.05,0.06723951700421056,0.007557752251536538,0.2642678680569972,-0.9996919048694692,0.0028719065888459477,0.003943361754279992,0.009736601526862891,0.007557752251536538,-0.9975579975579976,0.0
1758.2502851486206,2638.0,979.15,14.45,Inf,3.05,0.06723951700421056,0.007557752251536538,0.2642678680569972,-0.9996919048694692,0.0028719065888459477,0.003943361754279992,0.009736601526862891,0.007557752251536538,-0.9975579975579976,0.0
1763.9518101215363,2646.0,987.15,14.45,Inf,3.05,0.06723951700421056,0.007557752251536538,0.2642678680569972,-0.9996919048694692,0.0028719065888459477,0.003943361754279992,0.009736601526862891,0.007557752251536538,-0.9975579975579976,0.0
1769.6235060691833,2654.0,990.65,14.45,Inf,3.05,0.06725817166378525,0.007557752251536538,0.2642678680569972,-0.9996919048694692,0.002872396080237311,0.003943361754279992,0.009736601526862891,0.007557752251536538,-0.9975579975579976,0.0
1775.2863211631775,2662.0,998.65,14.45,Inf,3.05,0.06725817166378525,0.007557752251536538,0.2642678680569972,-0.9996919048694692,0.002872396080237311,0.003943361754279992,0.009736601526862891,0.007557752251536538,-0.9975579975579976,0.0
1780.8401930332184,2670.0,1006.65,14.45,Inf,3.05,0.06725817166378525,0.007557752251536538,0.2642678680569972,-0.9996919048694692,0.002872396080237311,0.003943361754279992,0.009736601526862891,0.007557752251536538,-0.9975579975579976,0.0
1786.3834221363068,2678.0,1032.2631578947369,14.421052631578947,Inf,3.1052631578947367,0.06725817166378525,0.007557752251536538,0.2642678680569972,-0.9996919048694692,0.002872396080237311,0.003943361754279992,0.010049764665838554,0.007557752251536538,-0.9975579975579976,0.0
1791.812889099121,2686.0,1040.2631578947369,14.421052631578947,Inf,3.1052631578947367,0.06725817166378525,0.007557752251536538,0.2642678680569972,-0.9996919048694692,0.002872396080237311,0.003943361754279992,0.010049764665838554,0.007557752251536538,-0.9975579975579976,0.0
1797.327507019043,2694.0,1027.2631578947369,14.421052631578947,Inf,3.1052631578947367,0.06725817166378525,0.007557752251536538,0.2642678680569972,-0.9996919048694692,0.002872396080237311,0.003943361754279992,0.010049764665838554,0.007557752251536538,-0.9975579975579976,0.0
