time,generation,mean age hall_of_fame,mean compl,mean recursive_compl,mean n_params,min mae,min mse,min max_ae,min minus_r2,min mare,min q75_are,min max_are,min ms_processed_e,min minus_spearman,max penalty
12.585389852523804,1.0,0.0,10.0,16473.0,1.5,0.09090459020592981,0.022185274665292087,0.3680295737382355,-0.999838463222751,0.041251061652374396,0.04200148931928919,0.1211129507256916,0.022185274665292087,-1.0,6.0
17.589847803115845,8.0,2.2,9.0,6619.7,1.5,0.08561356469408654,0.01694344544753311,0.28301864694619283,-0.9998766303498883,0.041251061652374396,0.04788613484892061,0.10259425871405481,0.01694344544753311,-1.0,5.0
22.872224807739258,22.0,5.4,8.5,4.563403958e8,1.6,0.07530068551895033,0.01245398499289768,0.2668515530677382,-0.9999093192836234,0.03971449186954055,0.042172315714189224,0.10905671521765839,0.01245398499289768,-1.0,2.5
28.073285818099976,39.0,16.1,8.4,3.35545277e7,1.6,0.05247112951128531,0.006092625161443347,0.20900877116573113,-0.9999556380054602,0.03303582304415855,0.040486115469558034,0.09712298396648711,0.006092625161443347,-1.0,2.5
33.378450870513916,54.0,17.923076923076923,10.0,3.561932929230769e8,1.8461538461538463,0.05084929759538663,0.006015831067858351,0.21084156454109593,-0.999956197163306,0.032616768560099464,0.04013983007737193,0.09712298396554225,0.006015831067858351,-1.0,2.5
38.58753991127014,68.0,30.416666666666668,9.416666666666666,3.858769345833333e8,1.6666666666666667,0.04694495832913577,0.00447151577312123,0.12643108488801058,-0.9999674417261762,0.026943916346485776,0.021914734648845243,0.09712298396554225,0.00447151577312123,-1.0,2.5
43.63972282409668,78.0,30.5,9.333333333333334,3.858768208333333e8,1.6666666666666667,0.0469548615770142,0.0044703736840381895,0.12658966568546948,-0.999967450042025,0.026955549162534488,0.021940984779882815,0.09712298396554225,0.0044703736840381895,-1.0,2.5
48.71234488487244,91.0,31.294117647058822,13.058823529411764,Inf,2.0588235294117645,0.04398161828140548,0.004069851622823249,0.12658966568546948,-0.9999703663477261,0.0256934685918463,0.02055193339609902,0.09712298396554225,0.004069851622823249,-1.0,5.0
53.80970287322998,104.0,41.0,13.0,Inf,2.0588235294117645,0.037905908441037646,0.003823717868530525,0.12658966568546948,-0.9999721585118548,0.022973337203477478,0.018195399883469424,0.09712298396554225,0.003823717868530525,-1.0,5.0
59.15968298912048,118.0,45.27777777777778,13.333333333333334,9.987184082568421e306,2.2222222222222223,0.023978602342693844,0.0009712559118000902,0.062090227570728906,-0.9999929280321185,0.022973337203477478,0.018195399883469424,0.09712298396554225,0.0009712559118000902,-1.0,5.0
64.39849996566772,132.0,51.666666666666664,13.444444444444445,2.0496382306556173e18,2.2222222222222223,0.02397179114068419,0.0009710207764353143,0.06208947869688369,-0.9999929297442004,0.022973337203477478,0.018195399883469424,0.09712298396554225,0.0009710207764353143,-1.0,5.0
69.51086592674255,146.0,55.833333333333336,13.333333333333334,9.679142881306694e39,2.1666666666666665,0.023971563867584443,0.000971000208342544,0.06208950485527431,-0.999992929893962,0.023564356328707892,0.019488058710420766,0.09712298396554225,0.000971000208342544,-1.0,5.0
74.54862093925476,160.0,67.4375,12.9375,1.5111803385778808e23,2.125,0.023971264976646384,0.0009709731635292046,0.06208953924785904,-0.9999929300908824,0.01925342415161,0.01775132825248968,0.0704589415698379,0.0009709731635292046,-1.0,5.0
79.65212988853455,174.0,67.11764705882354,13.588235294117647,6.7164597303809876e44,2.235294117647059,0.023937054222420855,0.0009677667134945966,0.06166529149172051,-0.9999929534378823,0.02312534712267999,0.016886964517079397,0.09712298396554225,0.0009677667134945966,-1.0,5.0
84.99803280830383,188.0,63.8421052631579,13.263157894736842,9.46154281506482e306,2.210526315789474,0.02393083626571561,0.0009673350919257679,0.062093636616628645,-0.9999929565806317,0.0230921012802111,0.016768108162031687,0.09712298263625978,0.0009673350919257679,-1.0,5.0
90.00106000900269,201.0,72.5,13.85,8.988465674311579e306,2.35,0.02393083626571561,0.0009673350919257679,0.062093636616628645,-0.9999929565806317,0.0230921012802111,0.016768108162031687,0.09712298263625978,0.0009673350919257679,-1.0,5.0
95.38491797447205,215.0,70.80952380952381,14.476190476190476,8.560443499344361e306,2.619047619047619,0.018699694197398187,0.0007300918387867415,0.06209359515291846,-0.9999946840107002,0.023352741161366146,0.019488060015678904,0.0728590283165868,0.0007300918387867415,-1.0,5.0
100.43096089363098,228.0,80.14285714285714,14.476190476190476,1.7572616833836142e18,2.619047619047619,0.018699694197398187,0.0007300918387867415,0.062093595154044334,-0.9999946840107002,0.023220330895620384,0.0194880616894798,0.07191994342584052,0.0007300918387867415,-1.0,5.0
105.71649885177612,242.0,85.04545454545455,15.090909090909092,1.677386152320726e18,2.727272727272727,0.018554108002012105,0.0007237867538928905,0.06209349732387209,-0.9999947299196695,0.023220330895620384,0.0194880616894798,0.07191994342584052,0.0007237867538928905,-1.0,5.0
111.09042286872864,256.0,92.9090909090909,14.272727272727273,1.6773861523205809e18,2.5454545454545454,0.015387822552938368,0.0007237867538928905,0.06218576267414905,-0.9999947299196695,0.020723800135091175,0.009009268370138176,0.07191994342584052,0.0007237867538928905,-1.0,5.0
116.4169979095459,270.0,100.52173913043478,14.869565217391305,5.917954207320669e37,2.739130434782609,0.018554108002012105,0.0007237867538928905,0.06166277065978654,-0.9999947299196695,0.023220330895620384,0.0194880616894798,0.07191994342584052,0.0007237867538928905,-1.0,5.0
121.63109683990479,284.0,87.04347826086956,15.391304347826088,5.917954207320669e37,2.8260869565217392,0.018554108002012105,0.0007237867538928905,0.06218576267414905,-0.9999947299196695,0.022962223484601498,0.0194880616894798,0.07015936310485166,0.0007237867538928905,-1.0,5.0
126.82091689109802,298.0,102.9090909090909,14.818181818181818,6.186952125835245e37,2.727272727272727,0.018554108002012105,0.0007237867538928905,0.06218576267414905,-0.9999947299196695,0.022962223484601498,0.0194880616894798,0.07015936310485166,0.0007237867538928905,-1.0,5.0
131.99022698402405,312.0,108.66666666666667,14.428571428571429,6.481568893732161e37,2.761904761904762,0.012446990003175678,0.00025510430119259455,0.026095725348097232,-0.9999981425189771,0.013969545566849664,0.011903675517585735,0.05280872049323284,0.00025510430119259455,-1.0,5.0
137.2030999660492,326.0,99.85714285714286,14.857142857142858,6.481568893732161e37,2.857142857142857,0.010364986222816619,0.00021362326561174153,0.03107312820125807,-0.9999984445532276,0.013128021774748196,0.01190364602435262,0.0589239631818763,0.00021362326561174153,-1.0,5.0
142.4318549633026,340.0,96.85,14.7,8.988465674311579e306,2.95,0.010024697376066195,0.00020421226396577947,0.030728390984956166,-0.9999985130771878,0.014097708922666475,0.01190360292136222,0.0582702381076183,0.00020421226396577947,-1.0,5.0
147.63665795326233,354.0,105.52941176470588,13.176470588235293,1.0574665499190092e307,2.588235294117647,0.010037171298362058,0.0002040466511196898,0.03002971861727899,-0.9999985142830581,0.014107134367990376,0.011885712685902022,0.05802298782667,0.0002040466511196898,-1.0,5.0
152.80425000190735,368.0,107.94444444444444,13.777777777777779,9.987184082568421e306,2.7222222222222223,0.010049371585317251,0.00020389905852311922,0.02989645692293108,-0.9999985153577183,0.014116481163622862,0.010485974560929801,0.0577881006238159,0.00020389905852311922,-1.0,5.0
158.13920187950134,382.0,111.89473684210526,14.578947368421053,9.46154281506482e306,2.8421052631578947,0.008586411154735785,0.00012710959837441412,0.01969109163219951,-0.9999990744818269,0.00942103289550512,0.00814769184448987,0.03984795748500937,0.00012710959837441412,-1.0,5.0
163.24119186401367,395.0,116.15,14.9,8.988465674311579e306,2.9,0.008586411154735785,0.00012710959837441412,0.01969109163219951,-0.9999990744818269,0.00942103289550512,0.00814769184448987,0.03984795748500937,0.00012710959837441412,-1.0,5.0
168.63150882720947,409.0,89.0952380952381,15.428571428571429,8.560443499344361e306,3.0,0.008586411154735785,0.00012710959837441412,0.01969109163219951,-0.9999990744818269,0.00942103289550512,0.00814769184448987,0.03984795748500937,0.00012710959837441412,-1.0,5.0
173.97776293754578,423.0,97.33333333333333,15.428571428571429,8.560443499344361e306,3.0,0.008586411154735785,0.00012710959837441412,0.01969109163219951,-0.9999990744818269,0.00942103289550512,0.00814769184448987,0.03984795748500937,0.00012710959837441412,-1.0,5.0
178.98023390769958,436.0,100.4090909090909,15.545454545454545,8.171332431192344e306,3.0,0.008586411154735785,0.00012710959837441412,0.01969109163219951,-0.9999990744818269,0.00942103289550512,0.00814769184448987,0.03984795748500937,0.00012710959837441412,-1.0,5.0
184.00186800956726,449.0,96.72727272727273,15.545454545454545,8.171332431192344e306,3.0,0.008586411154735785,0.00012710959837441412,0.01969109163219951,-0.9999990744818269,0.00942103289550512,0.00814769184448987,0.03984795748500937,0.00012710959837441412,-1.0,3.5
189.38964891433716,463.0,102.56521739130434,15.521739130434783,7.816057108097024e306,3.0,0.008586411154735785,0.00012710959837441412,0.01969109163219951,-0.9999990744818269,0.00942103289550512,0.00814769184448987,0.03984795748500937,0.00012710959837441412,-1.0,3.5
194.76053881645203,477.0,113.3913043478261,15.521739130434783,7.816057108097024e306,3.0,0.008586411154735785,0.00012710959837441412,0.01969109163219951,-0.9999990744818269,0.00942103289550512,0.00814769184448987,0.03984795748500937,0.00012710959837441412,-1.0,3.5
200.12175798416138,491.0,113.5909090909091,15.181818181818182,8.171332431192344e306,2.9545454545454546,0.008586411154735785,0.00012710959837441412,0.01969109163219951,-0.9999990744818269,0.00942103289550512,0.010118393806795783,0.03984795748500937,0.00012710959837441412,-1.0,3.5
205.42586994171143,505.0,122.0909090909091,15.181818181818182,8.171332431192344e306,3.0,0.008586411154735785,0.00012710959837441412,0.01969109163219951,-0.9999990744818269,0.00942103289550512,0.010118393806795783,0.03949339153810747,0.00012710959837441412,-1.0,3.5
210.47798681259155,518.0,133.4090909090909,15.181818181818182,8.171332431192344e306,3.0,0.008586411154735785,0.00012710959837441412,0.01969109163219951,-0.9999990744818269,0.00942103289550512,0.010118393806795783,0.03949339153810747,0.00012710959837441412,-1.0,3.5
215.48777794837952,531.0,141.04545454545453,15.181818181818182,8.171332431192344e306,3.0,0.008586411154735785,0.00012710959837441412,0.01969109163219951,-0.9999990744818269,0.00942103289550512,0.010118393806795783,0.03949339153810747,0.00012710959837441412,-1.0,3.5
220.80332899093628,545.0,153.86363636363637,15.181818181818182,8.171332431192344e306,3.0,0.008586411154735785,0.00012710959837441412,0.01969109163219951,-0.9999990744818269,0.00942103289550512,0.010118393806795783,0.03949339153810747,0.00012710959837441412,-1.0,3.5
226.15762281417847,559.0,165.5,15.181818181818182,8.171332431192344e306,3.0,0.008586411154735785,0.00012710959837441412,0.01969109163219951,-0.9999990744818269,0.00942103289550512,0.010118393806795783,0.03949339153810747,0.00012710959837441412,-1.0,3.5
231.43492984771729,573.0,175.5909090909091,15.181818181818182,8.171332431192344e306,3.0,0.008586411154735785,0.00012710959837441412,0.01969109163219951,-0.9999990744818269,0.00942103289550512,0.010118393806795783,0.03949339153810747,0.00012710959837441412,-1.0,3.5
236.77195501327515,587.0,188.0,15.136363636363637,8.171332431192344e306,3.0,0.008586411154735785,0.00012710959837441412,0.01969109163219951,-0.9999990744818269,0.00942103289550512,0.010118393806795783,0.03949339153810747,0.00012710959837441412,-1.0,3.5
242.15085697174072,601.0,201.0,15.136363636363637,8.171332431192344e306,3.0,0.008586411154735785,0.00012710959837441412,0.01969109163219951,-0.9999990744818269,0.00942103289550512,0.010118393806795783,0.03949339153810747,0.00012710959837441412,-1.0,3.5
247.51803994178772,615.0,204.54545454545453,15.136363636363637,8.171332431192344e306,3.0,0.008586411154735785,0.00012710959837441412,0.01969109163219951,-0.9999990744818269,0.00942103289550512,0.010118393806795783,0.03949339153810747,0.00012710959837441412,-1.0,3.5
252.85255885124207,629.0,210.6818181818182,15.136363636363637,8.171332431192344e306,3.0,0.008586411154735785,0.00012710959837441412,0.01969109163219951,-0.9999990744818269,0.00942103289550512,0.010118393806795783,0.03949339153810747,0.00012710959837441412,-1.0,3.5
258.2253940105438,643.0,207.8695652173913,15.73913043478261,7.816057108097024e306,3.130434782608696,0.008586411154735785,0.00012710959837441412,0.01969109163219951,-0.9999990744818269,0.00942103289550512,0.010118393806795783,0.035733921322051346,0.00012710959837441412,-1.0,3.5
263.23031187057495,656.0,220.17391304347825,15.73913043478261,7.816057108097024e306,3.130434782608696,0.008586411154735785,0.00012710959837441412,0.01969109163219951,-0.9999990744818269,0.00942103289550512,0.010118393806795783,0.035733921322051346,0.00012710959837441412,-1.0,3.5
268.5939588546753,670.0,231.95652173913044,15.73913043478261,7.816057108097024e306,3.130434782608696,0.008586411154735785,0.00012710959837441412,0.01969109163219951,-0.9999990744818269,0.00942103289550512,0.010118393806795783,0.035733921322051346,0.00012710959837441412,-1.0,3.5
273.8823449611664,684.0,244.08695652173913,15.73913043478261,7.816057108097024e306,3.130434782608696,0.008586411154735785,0.00012710959837441412,0.01969109163219951,-0.9999990744818269,0.00942103289550512,0.010118393806795783,0.035733921322051346,0.00012710959837441412,-1.0,3.5
279.17364382743835,698.0,257.4347826086956,15.73913043478261,7.816057108097024e306,3.130434782608696,0.008586411154735785,0.00012710959837441412,0.01969109163219951,-0.9999990744818269,0.00942103289550512,0.010118393806795783,0.035733921322051346,0.00012710959837441412,-1.0,3.5
284.45693588256836,712.0,270.82608695652175,15.73913043478261,7.816057108097024e306,3.130434782608696,0.008586411154735785,0.00012710959837441412,0.01969109163219951,-0.9999990744818269,0.00942103289550512,0.010118393806795783,0.035733921322051346,0.00012710959837441412,-1.0,3.5
289.72789096832275,726.0,274.3478260869565,15.73913043478261,7.816057108097024e306,3.130434782608696,0.008586411154735785,0.00012710959837441412,0.01969109163219951,-0.9999990744818269,0.00942103289550512,0.010118393806795783,0.035733921322051346,0.00012710959837441412,-1.0,3.5
294.99703097343445,740.0,248.08333333333334,15.583333333333334,7.490388061926316e306,3.125,0.008658796547505555,0.0001257474797927613,0.019613162624427583,-0.9999990843997679,0.009475991340103414,0.011562460059316037,0.035733921322051346,0.0001257474797927613,-1.0,3.5
300.24532985687256,754.0,254.91666666666666,15.583333333333334,7.490388061926316e306,3.125,0.00843886010582523,0.00012564080810198745,0.018642769571525553,-0.9999990851764723,0.00928794954156183,0.010590600885440546,0.035733921322051346,0.00012564080810198745,-1.0,3.5
305.52670788764954,768.0,262.75,15.583333333333334,7.490388061926316e306,3.125,0.00843886010582523,0.00012564080810198745,0.018642769571525553,-0.9999990851764723,0.00928794954156183,0.010590600885440546,0.035733921322051346,0.00012564080810198745,-1.0,3.5
310.7272548675537,782.0,268.4583333333333,15.583333333333334,7.490388061926316e306,3.125,0.00843886010582523,0.00012564080810198745,0.018642769571525553,-0.9999990851764723,0.00928794954156183,0.010590600885440546,0.035733921322051346,0.00012564080810198745,-1.0,3.5
315.8737328052521,796.0,252.28,15.36,7.190772539449263e306,3.08,0.00843886010582523,0.00012564080810198745,0.018642769571525553,-0.9999990851764723,0.00928794954156183,0.010590600885440546,0.035733921322051346,0.00012564080810198745,-1.0,3.5
321.02295994758606,810.0,262.92,15.36,7.190772539449263e306,3.08,0.008353087358640942,0.00012463009963436844,0.019391179103106504,-0.9999990925357045,0.00920603383909482,0.011328045026589321,0.035733921322051346,0.00012463009963436844,-1.0,3.5
326.0705449581146,824.0,273.72,15.36,7.190772539449263e306,3.08,0.008353087358640942,0.00012463009963436844,0.019391179103106504,-0.9999990925357045,0.00920603383909482,0.011328045026589321,0.035733921322051346,0.00012463009963436844,-1.0,3.5
331.1721348762512,838.0,286.28,15.36,Inf,3.08,0.008353087358640942,0.00012463009963436844,0.019391179103106504,-0.9999990925357045,0.00920603383909482,0.011328045026589321,0.035733921322051346,0.00012463009963436844,-1.0,3.5
336.350389957428,852.0,284.1666666666667,14.833333333333334,Inf,2.9583333333333335,0.008353087358640942,0.00012463009963436844,0.019391179103106504,-0.9999990925357045,0.00920603383909482,0.011328045026589321,0.035733921322051346,0.00012463009963436844,-1.0,3.5
341.5221948623657,866.0,289.3333333333333,14.833333333333334,Inf,2.9583333333333335,0.008353087358640942,0.00012463009963436844,0.019391179103106504,-0.9999990925357045,0.00920603383909482,0.011328045026589321,0.035733921322051346,0.00012463009963436844,-1.0,3.5
346.70138692855835,880.0,303.3333333333333,14.833333333333334,Inf,2.9583333333333335,0.008353087358640942,0.00012463009963436844,0.019391179103106504,-0.9999990925357045,0.00920603383909482,0.011328045026589321,0.035733921322051346,0.00012463009963436844,-1.0,3.5
351.8603780269623,894.0,317.3333333333333,14.833333333333334,Inf,2.9583333333333335,0.008353087358640942,0.00012463009963436844,0.019391179103106504,-0.9999990925357045,0.00920603383909482,0.011328045026589321,0.035733921322051346,0.00012463009963436844,-1.0,3.5
356.9500958919525,908.0,324.9583333333333,14.791666666666666,Inf,2.9583333333333335,0.008353087358640942,0.00012463009963436844,0.019391179103106504,-0.9999990925357045,0.00920603383909482,0.011328045026589321,0.035733921322051346,0.00012463009963436844,-1.0,3.5
362.2597858905792,919.0,335.9583333333333,14.791666666666666,Inf,2.9583333333333335,0.008353087358640942,0.00012463009963436844,0.019391179103106504,-0.9999990925357045,0.00920603383909482,0.011328045026589321,0.035733921322051346,0.00012463009963436844,-1.0,3.5
367.5197169780731,933.0,341.6666666666667,14.791666666666666,Inf,2.9583333333333335,0.008353087358640942,0.00012463009963436844,0.019391179103106504,-0.9999990925357045,0.00920603383909482,0.011328045026589321,0.035733921322051346,0.00012463009963436844,-1.0,3.5
372.6541428565979,947.0,329.5,14.791666666666666,Inf,2.9583333333333335,0.008353087358640942,0.00012463009963436844,0.019391179103106504,-0.9999990925357045,0.00920603383909482,0.011328045026589321,0.035733921322051346,0.00012463009963436844,-1.0,3.5
377.77260088920593,961.0,343.5,14.791666666666666,Inf,2.9583333333333335,0.008353087358640942,0.00012463009963436844,0.019391179103106504,-0.9999990925357045,0.00920603383909482,0.011328045026589321,0.035733921322051346,0.00012463009963436844,-1.0,3.5
382.8745958805084,975.0,354.5416666666667,14.791666666666666,Inf,2.9583333333333335,0.008353087358640942,0.00012463009963436844,0.019391179103106504,-0.9999990925357045,0.00920603383909482,0.011328045026589321,0.035733921322051346,0.00012463009963436844,-1.0,3.5
388.04249382019043,989.0,344.375,14.791666666666666,Inf,2.9583333333333335,0.008353087358640942,0.00012463009963436844,0.019391179103106504,-0.9999990925357045,0.00920603383909482,0.011328045026589321,0.035733921322051346,0.00012463009963436844,-1.0,3.5
393.1038680076599,1003.0,358.375,14.791666666666666,Inf,2.9583333333333335,0.008353087358640942,0.00012463009963436844,0.019391179103106504,-0.9999990925357045,0.00920603383909482,0.011328045026589321,0.035733921322051346,0.00012463009963436844,-1.0,3.5
398.3187298774719,1017.0,372.375,14.791666666666666,Inf,2.9583333333333335,0.008353087358640942,0.00012463009963436844,0.019391179103106504,-0.9999990925357045,0.00920603383909482,0.011328045026589321,0.035733921322051346,0.00012463009963436844,-1.0,3.5
403.4290659427643,1031.0,386.375,14.791666666666666,Inf,2.9583333333333335,0.008353087358640942,0.00012463009963436844,0.019391179103106504,-0.9999990925357045,0.00920603383909482,0.011328045026589321,0.035733921322051346,0.00012463009963436844,-1.0,3.5
408.5614609718323,1045.0,363.5833333333333,14.791666666666666,Inf,2.9583333333333335,0.008353087358640942,0.00012463009963436844,0.019391179103106504,-0.9999990925357045,0.00920603383909482,0.011328045026589321,0.035733921322051346,0.00012463009963436844,-1.0,3.5
413.7099449634552,1059.0,370.0,14.791666666666666,Inf,2.9583333333333335,0.008353087358640942,0.00012463009963436844,0.019391179103106504,-0.9999990925357045,0.00920603383909482,0.011328045026589321,0.035733921322051346,0.00012463009963436844,-1.0,3.5
418.8785128593445,1073.0,371.0,14.791666666666666,Inf,2.9583333333333335,0.008353087358640942,0.00012463009963436844,0.019391179103106504,-0.9999990925357045,0.00920603383909482,0.011328045026589321,0.035733921322051346,0.00012463009963436844,-1.0,3.5
424.06844091415405,1087.0,385.0,14.791666666666666,Inf,2.9583333333333335,0.008353087358640942,0.00012463009963436844,0.019391179103106504,-0.9999990925357045,0.00920603383909482,0.011328045026589321,0.035733921322051346,0.00012463009963436844,-1.0,3.5
429.25257301330566,1101.0,388.7083333333333,14.791666666666666,Inf,2.9583333333333335,0.008353087358640942,0.00012463009963436844,0.019391179103106504,-0.9999990925357045,0.00920603383909482,0.011328045026589321,0.035733921322051346,0.00012463009963436844,-1.0,3.5
434.3204388618469,1115.0,398.5,14.791666666666666,Inf,2.9583333333333335,0.008353087358640942,0.00012463009963436844,0.019391179103106504,-0.9999990925357045,0.00920603383909482,0.011328045026589321,0.035733921322051346,0.00012463009963436844,-1.0,3.5
439.4456889629364,1129.0,412.5,14.791666666666666,Inf,2.9583333333333335,0.008353087358640942,0.00012463009963436844,0.019391179103106504,-0.9999990925357045,0.00920603383909482,0.011328045026589321,0.035733921322051346,0.00012463009963436844,-1.0,3.5
444.5640799999237,1143.0,424.7916666666667,14.791666666666666,Inf,2.9583333333333335,0.008353087358640942,0.00012463009963436844,0.019391179103106504,-0.9999990925357045,0.00920603383909482,0.011328045026589321,0.035733921322051346,0.00012463009963436844,-1.0,3.5
449.7415118217468,1157.0,407.25,14.791666666666666,Inf,2.9583333333333335,0.008353087358640942,0.00012463009963436844,0.019391179103106504,-0.9999990925357045,0.00920603383909482,0.011328045026589321,0.035733921322051346,0.00012463009963436844,-1.0,3.5
454.8471329212189,1171.0,418.5416666666667,14.791666666666666,Inf,2.9583333333333335,0.008353087358640942,0.00012463009963436844,0.019391179103106504,-0.9999990925357045,0.00920603383909482,0.011328045026589321,0.035733921322051346,0.00012463009963436844,-1.0,3.5
459.9837648868561,1185.0,432.5416666666667,14.791666666666666,Inf,2.9583333333333335,0.008353087358640942,0.00012463009963436844,0.019391179103106504,-0.9999990925357045,0.00920603383909482,0.011328045026589321,0.035733921322051346,0.00012463009963436844,-1.0,3.5
465.04852390289307,1199.0,446.5416666666667,14.791666666666666,Inf,2.9583333333333335,0.008353087358640942,0.00012463009963436844,0.019391179103106504,-0.9999990925357045,0.00920603383909482,0.011328045026589321,0.035733921322051346,0.00012463009963436844,-1.0,3.5
470.18808794021606,1213.0,442.2,15.16,Inf,3.08,0.008353087358640942,0.00012463009963436844,0.019391179103106504,-0.9999990925357045,0.00920603383909482,0.011328045026589321,0.035733921322051346,0.00012463009963436844,-1.0,3.5
475.2363488674164,1227.0,456.2,15.16,Inf,3.08,0.008353087358640942,0.00012463009963436844,0.019391179103106504,-0.9999990925357045,0.00920603383909482,0.011328045026589321,0.035733921322051346,0.00012463009963436844,-1.0,3.5
480.2560977935791,1241.0,458.6,15.16,Inf,3.08,0.008353087358640942,0.00012463009963436844,0.019391179103106504,-0.9999990925357045,0.00920603383909482,0.011328045026589321,0.035733921322051346,0.00012463009963436844,-1.0,3.5
485.40837597846985,1255.0,453.12,15.16,Inf,3.08,0.008326429819670151,0.00012422359086507518,0.019392616809174257,-0.9999990954956011,0.00917714090273888,0.010973291715176128,0.035733921322051346,0.00012422359086507518,-1.0,3.5
490.433602809906,1269.0,465.4,15.16,Inf,3.08,0.008326429819670151,0.00012422359086507518,0.019392616809174257,-0.9999990954956011,0.00917714090273888,0.010973291715176128,0.035733921322051346,0.00012422359086507518,-1.0,3.5
495.48541593551636,1283.0,451.84,15.16,Inf,3.08,0.008326429819670151,0.00012422359086507518,0.019392616809174257,-0.9999990954956011,0.00917714090273888,0.010973291715176128,0.035733921322051346,0.00012422359086507518,-1.0,3.5
500.6684539318085,1297.0,465.84,15.16,Inf,3.08,0.008326429819670151,0.00012422359086507518,0.019392616809174257,-0.9999990954956011,0.00917714090273888,0.010973291715176128,0.035733921322051346,0.00012422359086507518,-1.0,3.5
505.82540702819824,1311.0,479.84,15.16,Inf,3.08,0.008326429819670151,0.00012422359086507518,0.019392616809174257,-0.9999990954956011,0.00917714090273888,0.010973291715176128,0.035733921322051346,0.00012422359086507518,-1.0,3.5
510.9442319869995,1325.0,483.16,15.16,Inf,3.08,0.008326429819670151,0.00012422359086507518,0.019392616809174257,-0.9999990954956011,0.00917714090273888,0.010973291715176128,0.035733921322051346,0.00012422359086507518,-1.0,3.5
516.0159459114075,1339.0,447.44,15.16,Inf,3.08,0.008326429819670151,0.00012422359086507518,0.019392616809174257,-0.9999990954956011,0.00917714090273888,0.010973291715176128,0.0355767831728187,0.00012422359086507518,-1.0,3.5
521.3537499904633,1354.0,461.16,15.16,Inf,3.08,0.008326429819670151,0.00012422359086507518,0.019392616809174257,-0.9999990954956011,0.00917714090273888,0.010973291715176128,0.0355767831728187,0.00012422359086507518,-1.0,3.5
526.4721658229828,1368.0,466.76,15.16,Inf,3.12,0.008326429819670151,0.00012422359086507518,0.019392616809174257,-0.9999990954956011,0.00917714090273888,0.010973291715176128,0.0355767831728187,0.00012422359086507518,-1.0,3.5
531.6187489032745,1382.0,480.76,15.16,Inf,3.12,0.008326429819670151,0.00012422359086507518,0.019392616809174257,-0.9999990954956011,0.00917714090273888,0.010973291715176128,0.0355767831728187,0.00012422359086507518,-1.0,3.5
536.6486418247223,1396.0,480.32,15.16,Inf,3.12,0.008326429819670151,0.00012422359086507518,0.019392616809174257,-0.9999990954956011,0.00917714090273888,0.010973291715176128,0.03591697317562571,0.00012422359086507518,-1.0,3.5
541.6695599555969,1410.0,494.32,15.16,Inf,3.12,0.008326429819670151,0.00012422359086507518,0.019392616809174257,-0.9999990954956011,0.00917714090273888,0.010973291715176128,0.03591697317562571,0.00012422359086507518,-1.0,3.5
546.7119150161743,1424.0,484.44,15.16,Inf,3.12,0.008326429819670151,0.00012422359086507518,0.019392616809174257,-0.9999990954956011,0.00917714090273888,0.010973291715176128,0.03591697317562571,0.00012422359086507518,-1.0,3.5
552.0317988395691,1439.0,445.2,15.16,Inf,3.12,0.008326429819670151,0.00012422359086507518,0.019392616809174257,-0.9999990954956011,0.00917714090273888,0.010973291715176128,0.03591697317562571,0.00012422359086507518,-1.0,3.5
557.113401889801,1453.0,459.2,15.16,Inf,3.12,0.008326429819670151,0.00012422359086507518,0.019392616809174257,-0.9999990954956011,0.00917714090273888,0.010973291715176128,0.03591697317562571,0.00012422359086507518,-1.0,3.5
562.1360800266266,1467.0,436.8,15.16,Inf,3.12,0.008326429819670151,0.00012422359086507518,0.019392616809174257,-0.9999990954956011,0.00917714090273888,0.010973291715176128,0.03591697317562571,0.00012422359086507518,-1.0,3.5
567.1984088420868,1481.0,450.8,15.16,Inf,3.12,0.008326429819670151,0.00012422359086507518,0.019392616809174257,-0.9999990954956011,0.00917714090273888,0.010973291715176128,0.03591697317562571,0.00012422359086507518,-1.0,3.5
572.2426059246063,1495.0,448.2,15.16,Inf,3.12,0.008326429819670151,0.00012422359086507518,0.019392616809174257,-0.9999990954956011,0.00917714090273888,0.010973291715176128,0.03591697317562571,0.00012422359086507518,-1.0,3.5
577.2746260166168,1509.0,453.08,15.16,Inf,3.12,0.008326429819670151,0.00012422359086507518,0.019392616809174257,-0.9999990954956011,0.00917714090273888,0.010973291715176128,0.03591697317562571,0.00012422359086507518,-1.0,3.5
582.2802758216858,1523.0,467.08,15.16,Inf,3.12,0.008326429819670151,0.00012422359086507518,0.019392616809174257,-0.9999990954956011,0.00917714090273888,0.010973291715176128,0.03591697317562571,0.00012422359086507518,-1.0,3.5
587.3428478240967,1537.0,478.36,15.16,Inf,3.12,0.008326429819670151,0.00012422359086507518,0.019392616809174257,-0.9999990954956011,0.00917714090273888,0.010973291715176128,0.03591697317562571,0.00012422359086507518,-1.0,3.5
592.6453850269318,1552.0,484.84,15.16,Inf,3.12,0.008326429819670151,0.00012422359086507518,0.019392616809174257,-0.9999990954956011,0.00917714090273888,0.010973291715176128,0.03591697317562571,0.00012422359086507518,-1.0,3.5
597.6997787952423,1566.0,498.84,15.16,Inf,3.12,0.008326429819670151,0.00012422359086507518,0.019392616809174257,-0.9999990954956011,0.00917714090273888,0.010973291715176128,0.03591697317562571,0.00012422359086507518,-1.0,3.5
602.7758958339691,1580.0,512.84,15.16,Inf,3.12,0.008326429819670151,0.00012422359086507518,0.019392616809174257,-0.9999990954956011,0.00917714090273888,0.010973291715176128,0.03591697317562571,0.00012422359086507518,-1.0,3.5
608.1012299060822,1595.0,527.84,15.16,Inf,3.12,0.008326429819670151,0.00012422359086507518,0.019392616809174257,-0.9999990954956011,0.00917714090273888,0.010973291715176128,0.03591697317562571,0.00012422359086507518,-1.0,3.5
613.1914598941803,1609.0,541.84,15.16,Inf,3.12,0.008326429819670151,0.00012422359086507518,0.019392616809174257,-0.9999990954956011,0.00917714090273888,0.010973291715176128,0.03591697317562571,0.00012422359086507518,-1.0,3.5
618.2441627979279,1623.0,551.28,15.16,Inf,3.12,0.008326429819670151,0.00012422359086507518,0.019392616809174257,-0.9999990954956011,0.00917714090273888,0.010973291715176128,0.03591697317562571,0.00012422359086507518,-1.0,3.5
623.2693300247192,1637.0,557.52,15.16,Inf,3.12,0.008326429819670151,0.00012422359086507518,0.019392616809174257,-0.9999990954956011,0.00917714090273888,0.010973291715176128,0.03591697317562571,0.00012422359086507518,-1.0,3.5
628.3173739910126,1651.0,571.52,15.16,Inf,3.12,0.008326429819670151,0.00012422359086507518,0.019392616809174257,-0.9999990954956011,0.00917714090273888,0.010973291715176128,0.03591697317562571,0.00012422359086507518,-1.0,3.5
633.602874994278,1666.0,586.52,15.16,Inf,3.12,0.008326429819670151,0.00012422359086507518,0.019392616809174257,-0.9999990954956011,0.00917714090273888,0.010973291715176128,0.03591697317562571,0.00012422359086507518,-1.0,3.5
638.6589829921722,1680.0,600.52,15.16,Inf,3.12,0.008326429819670151,0.00012422359086507518,0.019392616809174257,-0.9999990954956011,0.00917714090273888,0.010973291715176128,0.03591697317562571,0.00012422359086507518,-1.0,3.5
643.7445378303528,1694.0,614.52,15.16,Inf,3.12,0.008326429819670151,0.00012422359086507518,0.019392616809174257,-0.9999990954956011,0.00917714090273888,0.010973291715176128,0.03591697317562571,0.00012422359086507518,-1.0,3.5
648.8342709541321,1708.0,614.2,15.16,Inf,3.12,0.008326429819670151,0.00012422359086507518,0.019392616809174257,-0.9999990954956011,0.00917714090273888,0.010973291715176128,0.03591697317562571,0.00012422359086507518,-1.0,3.5
653.8434009552002,1722.0,610.04,15.16,Inf,3.12,0.008326429819670151,0.00012422359086507518,0.019392616809174257,-0.9999990954956011,0.00917714090273888,0.010973291715176128,0.03591697317562571,0.00012422359086507518,-1.0,3.5
659.2079708576202,1737.0,625.04,15.16,Inf,3.12,0.008326429819670151,0.00012422359086507518,0.019392616809174257,-0.9999990954956011,0.00917714090273888,0.010973291715176128,0.03591697317562571,0.00012422359086507518,-1.0,3.5
664.2326788902283,1751.0,639.04,15.16,Inf,3.12,0.008326429819670151,0.00012422359086507518,0.019392616809174257,-0.9999990954956011,0.00917714090273888,0.010973291715176128,0.03591697317562571,0.00012422359086507518,-1.0,3.5
669.2963569164276,1765.0,651.6,15.16,Inf,3.12,0.008326429819670151,0.00012422359086507518,0.019392616809174257,-0.9999990954956011,0.00917714090273888,0.010973291715176128,0.03591697317562571,0.00012422359086507518,-1.0,3.5
674.3103158473969,1779.0,665.6,15.16,Inf,3.12,0.008326429819670151,0.00012422359086507518,0.019392616809174257,-0.9999990954956011,0.00917714090273888,0.010973291715176128,0.03591697317562571,0.00012422359086507518,-1.0,3.5
679.4157299995422,1793.0,679.6,15.16,Inf,3.12,0.008326429819670151,0.00012422359086507518,0.019392616809174257,-0.9999990954956011,0.00917714090273888,0.010973291715176128,0.03591697317562571,0.00012422359086507518,-1.0,3.5
684.4485268592834,1807.0,693.6,15.16,Inf,3.12,0.008326429819670151,0.00012422359086507518,0.019392616809174257,-0.9999990954956011,0.00917714090273888,0.010973291715176128,0.03591697317562571,0.00012422359086507518,-1.0,3.5
689.4808509349823,1821.0,707.6,15.16,Inf,3.12,0.008326429819670151,0.00012422359086507518,0.019392616809174257,-0.9999990954956011,0.00917714090273888,0.010973291715176128,0.03591697317562571,0.00012422359086507518,-1.0,3.5
694.5123918056488,1835.0,705.84,15.16,Inf,3.12,0.008326429819670151,0.00012422359086507518,0.019392616809174257,-0.9999990954956011,0.00917714090273888,0.010973291715176128,0.03591697317562571,0.00012422359086507518,-1.0,3.5
699.8450839519501,1850.0,720.84,15.16,Inf,3.12,0.008326429819670151,0.00012422359086507518,0.019392616809174257,-0.9999990954956011,0.00917714090273888,0.010973291715176128,0.03591697317562571,0.00012422359086507518,-1.0,3.5
704.8625559806824,1864.0,716.0,15.16,Inf,3.12,0.008326429819670151,0.00012422359086507518,0.019392616809174257,-0.9999990954956011,0.00917714090273888,0.010973291715176128,0.03630852589220256,0.00012422359086507518,-1.0,3.5
710.2143368721008,1879.0,731.0,15.16,Inf,3.12,0.008326429819670151,0.00012422359086507518,0.019392616809174257,-0.9999990954956011,0.00917714090273888,0.010973291715176128,0.03630852589220256,0.00012422359086507518,-1.0,3.5
715.2537658214569,1893.0,745.0,15.16,Inf,3.12,0.008326429819670151,0.00012422359086507518,0.019392616809174257,-0.9999990954956011,0.00917714090273888,0.010973291715176128,0.03630852589220256,0.00012422359086507518,-1.0,3.5
720.321270942688,1907.0,759.0,15.16,Inf,3.12,0.008326429819670151,0.00012422359086507518,0.019392616809174257,-0.9999990954956011,0.00917714090273888,0.010973291715176128,0.03630852589220256,0.00012422359086507518,-1.0,3.5
725.3502519130707,1921.0,753.16,15.16,Inf,3.12,0.008326429819670151,0.00012422359086507518,0.019392616809174257,-0.9999990954956011,0.00917714090273888,0.010973291715176128,0.03630852589220256,0.00012422359086507518,-1.0,3.5
730.6085000038147,1936.0,752.92,15.16,Inf,3.12,0.008326429819670151,0.00012422359086507518,0.019392616809174257,-0.9999990954956011,0.00917714090273888,0.010973291715176128,0.03630852589220256,0.00012422359086507518,-1.0,3.5
735.6125829219818,1950.0,766.92,15.16,Inf,3.12,0.008326429819670151,0.00012422359086507518,0.019392616809174257,-0.9999990954956011,0.00917714090273888,0.010973291715176128,0.03630852589220256,0.00012422359086507518,-1.0,3.5
740.6933858394623,1964.0,716.96,15.16,Inf,3.12,0.008326429819670151,0.00012422359086507518,0.019392616809174257,-0.9999990954956011,0.00917714090273888,0.010973291715176128,0.03630852589220256,0.00012422359086507518,-1.0,3.5
746.052031993866,1979.0,731.32,15.16,Inf,3.12,0.008326429819670151,0.00012422359086507518,0.019392616809174257,-0.9999990954956011,0.00917714090273888,0.010973291715176128,0.03630852589220256,0.00012422359086507518,-1.0,3.5
751.1182458400726,1993.0,744.76,15.16,Inf,3.12,0.008326429819670151,0.00012422359086507518,0.019392616809174257,-0.9999990954956011,0.00917714090273888,0.010973291715176128,0.03630852589220256,0.00012422359086507518,-1.0,3.5
756.2626748085022,2007.0,758.28,15.16,Inf,3.12,0.008326429819670151,0.00012422359086507518,0.019392616809174257,-0.9999990954956011,0.00917714090273888,0.010973291715176128,0.03630852589220256,0.00012422359086507518,-1.0,3.5
761.2632069587708,2021.0,741.24,15.16,Inf,3.16,0.007200638151084943,0.00010727577998147842,0.024181674624106753,-0.999999218897037,0.009119331247344088,0.012250316005759593,0.03630852589220256,0.00010727577998147842,-1.0,3.5
766.5949850082397,2036.0,755.68,15.16,Inf,3.16,0.007200638151084943,0.00010727577998147842,0.024181674624106753,-0.999999218897037,0.009119331247344088,0.012250316005759593,0.03630852589220256,0.00010727577998147842,-1.0,3.5
771.6386430263519,2050.0,801.9565217391304,13.91304347826087,Inf,2.869565217391304,0.007200892543230003,0.00010727261709661091,0.024181684410076454,-0.9999992189200668,0.009119545783055193,0.012250106278119594,0.04893536378211484,0.00010727261709661091,-1.0,3.5
776.9765748977661,2065.0,815.8260869565217,13.91304347826087,Inf,2.869565217391304,0.007201574693663271,0.00010726277011521784,0.024181854420049165,-0.9999992189917652,0.009119963730544137,0.012248817610976176,0.04893570782348599,0.00010726277011521784,-1.0,3.5
782.2656388282776,2080.0,830.6521739130435,13.91304347826087,Inf,2.869565217391304,0.007201574693663271,0.00010726277011521784,0.024181854420049165,-0.9999992189917652,0.009119963730544137,0.012248817610976176,0.04893570782348599,0.00010726277011521784,-1.0,3.5
787.5470509529114,2095.0,840.0434782608696,13.91304347826087,Inf,2.869565217391304,0.007201574693663271,0.00010726277011521784,0.024181854420049165,-0.9999992189917652,0.009119963730544137,0.012248817610976176,0.04893570782348599,0.00010726277011521784,-1.0,3.5
792.8563208580017,2110.0,753.0,14.227272727272727,Inf,2.9545454545454546,0.007179821750172577,0.00010674800404552947,0.0241472178756289,-0.9999992227399114,0.00912366842790506,0.012428882496618101,0.04886561543982,0.00010674800404552947,-1.0,3.5
798.1716179847717,2125.0,742.1818181818181,14.227272727272727,Inf,2.9545454545454546,0.007179821750172577,0.00010674800404552947,0.0241472178756289,-0.9999992227399114,0.00912366842790506,0.012428882496618101,0.04886561543982,0.00010674800404552947,-1.0,3.5
803.4605898857117,2140.0,755.8181818181819,14.227272727272727,Inf,2.9545454545454546,0.0073387489418651804,0.00010562352876727636,0.02429922211148372,-0.9999992309275095,0.009065551129671529,0.0117053968144253,0.04917321942851809,0.00010562352876727636,-1.0,3.5
808.7804849147797,2155.0,741.5,14.227272727272727,Inf,2.9545454545454546,0.0073387489418651804,0.00010562352876727636,0.02429922211148372,-0.9999992309275095,0.009065551129671529,0.0117053968144253,0.04917321942851809,0.00010562352876727636,-1.0,3.5
813.8441128730774,2169.0,755.5,14.227272727272727,Inf,2.9545454545454546,0.0073387489418651804,0.00010562352876727636,0.02429922211148372,-0.9999992309275095,0.009065551129671529,0.0117053968144253,0.04917321942851809,0.00010562352876727636,-1.0,3.5
819.1395130157471,2184.0,770.5,14.227272727272727,Inf,2.9545454545454546,0.0073387489418651804,0.00010562352876727636,0.02429922211148372,-0.9999992309275095,0.009065551129671529,0.0117053968144253,0.04917321942851809,0.00010562352876727636,-1.0,3.5
824.4159798622131,2199.0,785.5,14.227272727272727,Inf,2.9545454545454546,0.0073387489418651804,0.00010562352876727636,0.02429922211148372,-0.9999992309275095,0.009065551129671529,0.0117053968144253,0.04917321942851809,0.00010562352876727636,-1.0,3.5
829.472235918045,2213.0,799.5,14.227272727272727,Inf,2.9545454545454546,0.0073387489418651804,0.00010562352876727636,0.02429922211148372,-0.9999992309275095,0.009065551129671529,0.0117053968144253,0.04917321942851809,0.00010562352876727636,-1.0,3.5
834.7530708312988,2228.0,814.5,14.227272727272727,Inf,2.9545454545454546,0.0073387489418651804,0.00010562352876727636,0.02429922211148372,-0.9999992309275095,0.009065551129671529,0.0117053968144253,0.04917321942851809,0.00010562352876727636,-1.0,3.5
840.100172996521,2243.0,829.5,14.227272727272727,Inf,2.9545454545454546,0.0073387489418651804,0.00010562352876727636,0.02429922211148372,-0.9999992309275095,0.009065551129671529,0.0117053968144253,0.04917321942851809,0.00010562352876727636,-1.0,3.5
845.3248329162598,2258.0,844.5,14.227272727272727,Inf,2.9545454545454546,0.0073387489418651804,0.00010562352876727636,0.02429922211148372,-0.9999992309275095,0.009065551129671529,0.0117053968144253,0.04917321942851809,0.00010562352876727636,-1.0,3.5
850.6244158744812,2273.0,859.5,14.227272727272727,Inf,2.9545454545454546,0.0073387489418651804,0.00010562352876727636,0.02429922211148372,-0.9999992309275095,0.009065551129671529,0.0117053968144253,0.04917321942851809,0.00010562352876727636,-1.0,3.5
855.9776318073273,2288.0,874.5,14.227272727272727,Inf,2.9545454545454546,0.0073387489418651804,0.00010562352876727636,0.02429922211148372,-0.9999992309275095,0.009065551129671529,0.0117053968144253,0.04917321942851809,0.00010562352876727636,-1.0,3.5
861.261843919754,2303.0,851.3913043478261,14.91304347826087,Inf,3.130434782608696,0.0073387489418651804,0.00010501593899273117,0.02429922211148372,-0.9999992353515293,0.00900198441479323,0.010926942454782115,0.04917321942851809,0.00010501593899273117,-1.0,3.5
866.5367789268494,2318.0,827.7826086956521,14.91304347826087,Inf,3.130434782608696,0.0073387489418651804,0.00010501593899273117,0.02429922211148372,-0.9999992353515293,0.00900198441479323,0.010926942454782115,0.04917321942851809,0.00010501593899273117,-1.0,3.5
871.7971918582916,2333.0,842.7826086956521,14.91304347826087,Inf,3.130434782608696,0.0073387489418651804,0.00010501593899273117,0.02429922211148372,-0.9999992353515293,0.00900198441479323,0.010926942454782115,0.04917321942851809,0.00010501593899273117,-1.0,3.5
877.0976920127869,2348.0,857.7826086956521,14.91304347826087,Inf,3.130434782608696,0.0073387489418651804,0.00010501593899273117,0.02429922211148372,-0.9999992353515293,0.00900198441479323,0.010926942454782115,0.04917321942851809,0.00010501593899273117,-1.0,3.5
882.2927520275116,2363.0,854.1739130434783,14.91304347826087,Inf,3.130434782608696,0.0073387489418651804,0.00010501593899273117,0.02429922211148372,-0.9999992353515293,0.00900198441479323,0.010926942454782115,0.04917321942851809,0.00010501593899273117,-1.0,3.5
887.5205328464508,2378.0,869.1739130434783,14.91304347826087,Inf,3.130434782608696,0.0073387489418651804,0.00010501593899273117,0.02429922211148372,-0.9999992353515293,0.00900198441479323,0.010926942454782115,0.04917321942851809,0.00010501593899273117,-1.0,3.5
892.7557039260864,2393.0,884.1739130434783,14.91304347826087,Inf,3.130434782608696,0.0073387489418651804,0.00010501593899273117,0.02429922211148372,-0.9999992353515293,0.00900198441479323,0.010926942454782115,0.04917321942851809,0.00010501593899273117,-1.0,3.5
898.0788488388062,2408.0,874.695652173913,14.91304347826087,Inf,3.130434782608696,0.0073387489418651804,0.00010501593899273117,0.02429922211148372,-0.9999992353515293,0.00900198441479323,0.010926942454782115,0.04917321942851809,0.00010501593899273117,-1.0,3.5
903.385360956192,2423.0,889.695652173913,14.91304347826087,Inf,3.130434782608696,0.0073387489418651804,0.00010501593899273117,0.02429922211148372,-0.9999992353515293,0.00900198441479323,0.010926942454782115,0.04917321942851809,0.00010501593899273117,-1.0,3.5
908.6379778385162,2438.0,892.2173913043479,14.91304347826087,Inf,3.130434782608696,0.007519824465272712,0.00010501593899273117,0.02444512322666964,-0.9999992353515293,0.008930158680959253,0.010741399731054533,0.04946847281230901,0.00010501593899273117,-1.0,3.5
913.9330208301544,2453.0,864.3913043478261,14.91304347826087,Inf,3.130434782608696,0.007519824465272712,0.00010501593899273117,0.02444512322666964,-0.9999992353515293,0.008930158680959253,0.010741399731054533,0.04946847281230901,0.00010501593899273117,-1.0,3.5
918.935389995575,2467.0,869.8695652173913,14.91304347826087,Inf,3.130434782608696,0.007072988187495905,0.00010107715771887219,0.023196683831355924,-0.9999992640308242,0.00882864794171609,0.01102091769072247,0.04694206336400181,0.00010107715771887219,-1.0,3.5
924.2410759925842,2482.0,884.8695652173913,14.91304347826087,Inf,3.130434782608696,0.007072988187495905,0.00010107715771887219,0.023196683831355924,-0.9999992640308242,0.00882864794171609,0.01102091769072247,0.04694206336400181,0.00010107715771887219,-1.0,3.5
929.5044348239899,2497.0,896.0,14.91304347826087,Inf,3.130434782608696,0.007072988187495905,0.00010107715771887219,0.023196683831355924,-0.9999992640308242,0.00882864794171609,0.01102091769072247,0.04694206336400181,0.00010107715771887219,-1.0,3.5
934.7362289428711,2512.0,911.0,14.91304347826087,Inf,3.130434782608696,0.007072988187495905,0.00010107715771887219,0.023196683831355924,-0.9999992640308242,0.00882864794171609,0.01102091769072247,0.04694206336400181,0.00010107715771887219,-1.0,3.5
939.7757380008698,2526.0,896.1739130434783,14.91304347826087,Inf,3.130434782608696,0.007072988187495905,0.00010107715771887219,0.023196683831355924,-0.9999992640308242,0.00882864794171609,0.01102091769072247,0.04694206336400181,0.00010107715771887219,-1.0,3.5
945.022341966629,2541.0,909.2173913043479,14.91304347826087,Inf,3.130434782608696,0.007072988187495905,0.00010107715771887219,0.023196683831355924,-0.9999992640308242,0.00882864794171609,0.01102091769072247,0.04694206336400181,0.00010107715771887219,-1.0,3.5
950.2781658172607,2556.0,879.9565217391304,14.91304347826087,Inf,3.130434782608696,0.007072988187495905,0.00010107715771887219,0.023196683831355924,-0.9999992640308242,0.00882864794171609,0.01102091769072247,0.04694206336400181,0.00010107715771887219,-1.0,3.5
955.530699968338,2571.0,894.9565217391304,14.91304347826087,Inf,3.130434782608696,0.007072988187495905,0.00010107715771887219,0.023196683831355924,-0.9999992640308242,0.00882864794171609,0.01102091769072247,0.04694206336400181,0.00010107715771887219,-1.0,3.5
960.7506949901581,2586.0,901.9130434782609,14.91304347826087,Inf,3.130434782608696,0.007072988187495905,0.00010107715771887219,0.023196683831355924,-0.9999992640308242,0.00882864794171609,0.01102091769072247,0.04694206336400181,0.00010107715771887219,-1.0,3.5
966.007150888443,2601.0,916.9130434782609,14.91304347826087,Inf,3.130434782608696,0.007072988187495905,0.00010107715771887219,0.023196683831355924,-0.9999992640308242,0.00882864794171609,0.01102091769072247,0.04694206336400181,0.00010107715771887219,-1.0,3.5
971.2846009731293,2616.0,893.5416666666666,15.5,Inf,3.25,0.007072988187495905,0.00010107715771887219,0.023196683831355924,-0.9999992640308242,0.00882864794171609,0.01102091769072247,0.04694206336400181,0.00010107715771887219,-1.0,3.5
976.581375837326,2631.0,890.125,15.5,Inf,3.25,0.007072988187495905,0.00010107715771887219,0.023196683831355924,-0.9999992640308242,0.00882864794171609,0.01102091769072247,0.04694206336400181,0.00010107715771887219,-1.0,3.5
981.8323209285736,2646.0,905.125,15.5,Inf,3.25,0.007072988187495905,0.00010107715771887219,0.023196683831355924,-0.9999992640308242,0.00882864794171609,0.01102091769072247,0.04694206336400181,0.00010107715771887219,-1.0,3.5
986.8679218292236,2660.0,919.125,15.5,Inf,3.25,0.007072988187495905,0.00010107715771887219,0.023196683831355924,-0.9999992640308242,0.00882864794171609,0.01102091769072247,0.04694206336400181,0.00010107715771887219,-1.0,3.5
991.8858299255371,2674.0,933.125,15.5,Inf,3.25,0.007072988187495905,0.00010107715771887219,0.023196683831355924,-0.9999992640308242,0.00882864794171609,0.01102091769072247,0.04694206336400181,0.00010107715771887219,-1.0,3.5
997.0803408622742,2689.0,938.5416666666666,15.5,Inf,3.25,0.007063369813883757,0.00010000454093210481,0.023024076357968548,-0.999999271840827,0.008817076099598585,0.01102091769072247,0.0465927655500661,0.00010000454093210481,-1.0,3.5
1002.3358409404755,2704.0,952.9583333333334,15.5,Inf,3.25,0.007041678370137083,9.987882123981989e-5,0.022963382513896957,-0.9999992727562249,0.008775032699173393,0.01102091769072247,0.046469942206224066,9.987882123981989e-5,-1.0,3.5
1007.6171228885651,2719.0,870.4583333333334,15.5,Inf,3.25,0.007041678370137083,9.987882123981989e-5,0.022963382513896957,-0.9999992727562249,0.008775032699173393,0.01102091769072247,0.046469942206224066,9.987882123981989e-5,-1.0,3.5
1012.9238088130951,2734.0,885.4583333333334,15.5,Inf,3.25,0.007041678370137083,9.987882123981989e-5,0.022963382513896957,-0.9999992727562249,0.008775032699173393,0.01102091769072247,0.046469942206224066,9.987882123981989e-5,-1.0,3.5
1018.1517369747162,2749.0,900.4583333333334,15.5,Inf,3.25,0.007041678370137083,9.987882123981989e-5,0.022963382513896957,-0.9999992727562249,0.008775032699173393,0.01102091769072247,0.046469942206224066,9.987882123981989e-5,-1.0,3.5
1023.4779648780823,2764.0,915.4583333333334,15.5,Inf,3.25,0.007041678370137083,9.987882123981989e-5,0.022963382513896957,-0.9999992727562249,0.008775032699173393,0.01102091769072247,0.046469942206224066,9.987882123981989e-5,-1.0,3.5
1028.7806799411774,2779.0,927.625,15.5,Inf,3.25,0.007075633017204269,9.865598025185196e-5,0.02272833864698337,-0.9999992816600495,0.008852911624252715,0.01102091769072247,0.04599429473117148,9.865598025185196e-5,-1.0,3.5
1034.016910791397,2794.0,942.625,15.5,Inf,3.25,0.007075633017204269,9.865598025185196e-5,0.02272833864698337,-0.9999992816600495,0.008852911624252715,0.01102091769072247,0.04599429473117148,9.865598025185196e-5,-1.0,3.5
1039.319993019104,2809.0,957.625,15.5,Inf,3.25,0.007075633017204269,9.865598025185196e-5,0.02272833864698337,-0.9999992816600495,0.008852911624252715,0.01102091769072247,0.04599429473117148,9.865598025185196e-5,-1.0,3.5
1044.6643810272217,2824.0,972.625,15.5,Inf,3.25,0.007075633017204269,9.865598025185196e-5,0.02272833864698337,-0.9999992816600495,0.008852911624252715,0.01102091769072247,0.04599429473117148,9.865598025185196e-5,-1.0,3.5
1049.9813330173492,2839.0,982.7083333333334,15.5,Inf,3.25,0.007075633017204269,9.865598025185196e-5,0.02272833864698337,-0.9999992816600495,0.008852911624252715,0.01102091769072247,0.04599429473117148,9.865598025185196e-5,-1.0,3.5
1054.982183933258,2853.0,983.0416666666666,15.5,Inf,3.25,0.007075633017204269,9.865598025185196e-5,0.02272833864698337,-0.9999992816600495,0.008852911624252715,0.01102091769072247,0.04599429473117148,9.865598025185196e-5,-1.0,3.5
1060.2758159637451,2868.0,998.0416666666666,15.5,Inf,3.25,0.007075633017204269,9.865598025185196e-5,0.02272833864698337,-0.9999992816600495,0.008852911624252715,0.01102091769072247,0.04599429473117148,9.865598025185196e-5,-1.0,3.5
1065.5053398609161,2883.0,1013.0416666666666,15.5,Inf,3.25,0.007075633017204269,9.865598025185196e-5,0.02272833864698337,-0.9999992816600495,0.008852911624252715,0.01102091769072247,0.04599429473117148,9.865598025185196e-5,-1.0,3.5
1070.782989025116,2898.0,1028.0416666666667,15.5,Inf,3.25,0.007075633017204269,9.865598025185196e-5,0.02272833864698337,-0.9999992816600495,0.008852911624252715,0.01102091769072247,0.04599429473117148,9.865598025185196e-5,-1.0,3.5
1076.0140869617462,2913.0,1043.0416666666667,15.5,Inf,3.25,0.007075633017204269,9.865598025185196e-5,0.02272833864698337,-0.9999992816600495,0.008852911624252715,0.01102091769072247,0.04599429473117148,9.865598025185196e-5,-1.0,3.5
1081.3431358337402,2928.0,1058.0416666666667,15.5,Inf,3.25,0.007075633017204269,9.865598025185196e-5,0.02272833864698337,-0.9999992816600495,0.008852911624252715,0.01102091769072247,0.04599429473117148,9.865598025185196e-5,-1.0,3.5
1086.4260818958282,2942.0,1072.0416666666667,15.5,Inf,3.25,0.007075633017204269,9.865598025185196e-5,0.02272833864698337,-0.9999992816600495,0.008852911624252715,0.01102091769072247,0.04599429473117148,9.865598025185196e-5,-1.0,3.5
1091.434875011444,2956.0,1065.25,15.5,Inf,3.25,0.007075633017204269,9.865598025185196e-5,0.02272833864698337,-0.9999992816600495,0.008852911624252715,0.011059449136501205,0.04599429473117148,9.865598025185196e-5,-1.0,3.5
1096.688318014145,2971.0,1080.25,15.5,Inf,3.25,0.007075633017204269,9.865598025185196e-5,0.02272833864698337,-0.9999992816600495,0.008852911624252715,0.011059449136501205,0.04599429473117148,9.865598025185196e-5,-1.0,3.5
1101.9332208633423,2986.0,1095.25,15.5,Inf,3.25,0.007075633017204269,9.865598025185196e-5,0.02272833864698337,-0.9999992816600495,0.008852911624252715,0.011059449136501205,0.04599429473117148,9.865598025185196e-5,-1.0,3.5
1107.2046358585358,3001.0,1091.3333333333333,15.5,Inf,3.25,0.007075633017204269,9.865598025185196e-5,0.02272833864698337,-0.9999992816600495,0.008852911624252715,0.011059449136501205,0.04599429473117148,9.865598025185196e-5,-1.0,3.5
1112.5233418941498,3016.0,1106.3333333333333,15.5,Inf,3.25,0.007075633017204269,9.865598025185196e-5,0.02272833864698337,-0.9999992816600495,0.008852911624252715,0.011059449136501205,0.04599429473117148,9.865598025185196e-5,-1.0,3.5
1117.822450876236,3031.0,1083.5416666666667,15.5,Inf,3.25,0.007075633017204269,9.865598025185196e-5,0.02272833864698337,-0.9999992816600495,0.008852911624252715,0.011059449136501205,0.04599429473117148,9.865598025185196e-5,-1.0,3.5
1122.9972929954529,3046.0,1061.7916666666667,15.5,Inf,3.25,0.007075633017204269,9.865598025185196e-5,0.02272833864698337,-0.9999992816600495,0.008852911624252715,0.011059449136501205,0.04599429473117148,9.865598025185196e-5,-1.0,3.5
1128.2753238677979,3061.0,1076.7916666666667,15.5,Inf,3.25,0.007075633017204269,9.865598025185196e-5,0.02272833864698337,-0.9999992816600495,0.008852911624252715,0.011059449136501205,0.04599429473117148,9.865598025185196e-5,-1.0,3.5
1133.424971818924,3076.0,1089.5416666666667,15.5,Inf,3.25,0.007075633017204269,9.865598025185196e-5,0.02272833864698337,-0.9999992816600495,0.008852911624252715,0.011059449136501205,0.04599429473117148,9.865598025185196e-5,-1.0,3.5
1138.658213853836,3091.0,1104.5416666666667,15.5,Inf,3.25,0.007075633017204269,9.865598025185196e-5,0.02272833864698337,-0.9999992816600495,0.008852911624252715,0.011059449136501205,0.04599429473117148,9.865598025185196e-5,-1.0,3.5
1144.0156319141388,3106.0,1077.5,15.5,Inf,3.25,0.007075633017204269,9.865598025185196e-5,0.02272833864698337,-0.9999992816600495,0.008852911624252715,0.011059449136501205,0.04599429473117148,9.865598025185196e-5,-1.0,3.5
1149.1714990139008,3121.0,1092.5,15.5,Inf,3.25,0.007075633017204269,9.865598025185196e-5,0.02272833864698337,-0.9999992816600495,0.008852911624252715,0.011059449136501205,0.04599429473117148,9.865598025185196e-5,-1.0,3.5
1154.4425129890442,3136.0,1124.9565217391305,14.91304347826087,Inf,3.130434782608696,0.007075633017204269,9.865598025185196e-5,0.02272833864698337,-0.9999992816600495,0.008852911624252715,0.01142191351550493,0.04599429473117148,9.865598025185196e-5,-1.0,3.5
1159.7256298065186,3151.0,1136.8695652173913,14.91304347826087,Inf,3.130434782608696,0.007075633017204269,9.865598025185196e-5,0.02272833864698337,-0.9999992816600495,0.008852911624252715,0.01142191351550493,0.04599429473117148,9.865598025185196e-5,-1.0,3.5
1164.960242986679,3166.0,1135.1739130434783,14.91304347826087,Inf,3.130434782608696,0.006912391179360683,9.304450825837256e-5,0.021651760184386137,-0.9999993225186421,0.008505279605750012,0.01142191351550493,0.04381567235674198,9.304450825837256e-5,-1.0,3.5
1169.9633359909058,3180.0,1149.1739130434783,14.91304347826087,Inf,3.130434782608696,0.006912391179360683,9.304450825837256e-5,0.021651760184386137,-0.9999993225186421,0.008505279605750012,0.01142191351550493,0.04381567235674198,9.304450825837256e-5,-1.0,3.5
1175.215075969696,3195.0,1162.391304347826,14.91304347826087,Inf,3.130434782608696,0.0066251381119018906,8.62505037162009e-5,0.01985648884165997,-0.9999993719875631,0.008008764179989218,0.01142191351550493,0.0401826642190912,8.62505037162009e-5,-1.0,3.5
1180.5214779376984,3210.0,1177.391304347826,14.91304347826087,Inf,3.130434782608696,0.0066251381119018906,8.62505037162009e-5,0.01985648884165997,-0.9999993719875631,0.008008764179989218,0.01142191351550493,0.0401826642190912,8.62505037162009e-5,-1.0,3.5
1185.705927848816,3225.0,1192.391304347826,14.91304347826087,Inf,3.130434782608696,0.0066251381119018906,8.62505037162009e-5,0.01985648884165997,-0.9999993719875631,0.008008764179989218,0.01142191351550493,0.0401826642190912,8.62505037162009e-5,-1.0,3.5
1190.9989428520203,3240.0,1207.391304347826,14.91304347826087,Inf,3.130434782608696,0.0066251381119018906,8.62505037162009e-5,0.01985648884165997,-0.9999993719875631,0.008008764179989218,0.01142191351550493,0.0401826642190912,8.62505037162009e-5,-1.0,3.5
1196.155809879303,3255.0,1222.391304347826,14.91304347826087,Inf,3.130434782608696,0.0066251381119018906,8.62505037162009e-5,0.01985648884165997,-0.9999993719875631,0.008008764179989218,0.01142191351550493,0.0401826642190912,8.62505037162009e-5,-1.0,3.5
1201.321359872818,3270.0,1237.391304347826,14.91304347826087,Inf,3.130434782608696,0.0066251381119018906,8.62505037162009e-5,0.01985648884165997,-0.9999993719875631,0.008008764179989218,0.01142191351550493,0.0401826642190912,8.62505037162009e-5,-1.0,3.5
1206.5654458999634,3285.0,1248.5217391304348,14.91304347826087,Inf,3.130434782608696,0.006266800891212049,7.864355136565794e-5,0.017389144343882612,-0.9999994273757693,0.007565065813261518,0.011168104001552614,0.02956934048121063,7.864355136565794e-5,-1.0,3.5
1211.6914129257202,3300.0,1263.5217391304348,14.91304347826087,Inf,3.130434782608696,0.006266800891212049,7.864355136565794e-5,0.017389144343882612,-0.9999994273757693,0.007565065813261518,0.011168104001552614,0.02956934048121063,7.864355136565794e-5,-1.0,3.5
1216.8995039463043,3315.0,1278.5217391304348,14.91304347826087,Inf,3.130434782608696,0.006266800891212049,7.864355136565794e-5,0.017389144343882612,-0.9999994273757693,0.007565065813261518,0.011168104001552614,0.02956934048121063,7.864355136565794e-5,-1.0,3.5
1222.1668908596039,3330.0,1223.304347826087,14.91304347826087,Inf,3.130434782608696,0.006266800891212049,7.864355136565794e-5,0.017389144343882612,-0.9999994273757693,0.007565065813261518,0.011168104001552614,0.02956934048121063,7.864355136565794e-5,-1.0,3.5
1227.302503824234,3345.0,1192.5217391304348,14.91304347826087,Inf,3.130434782608696,0.006266800891212049,7.864355136565794e-5,0.017389144343882612,-0.9999994273757693,0.007565065813261518,0.011168104001552614,0.02956934048121063,7.864355136565794e-5,-1.0,3.5
1232.4045448303223,3360.0,1207.5217391304348,14.91304347826087,Inf,3.130434782608696,0.006266800891212049,7.864355136565794e-5,0.017389144343882612,-0.9999994273757693,0.007565065813261518,0.011168104001552614,0.02956934048121063,7.864355136565794e-5,-1.0,3.5
1237.5848569869995,3375.0,1222.5217391304348,14.91304347826087,Inf,3.130434782608696,0.006266800891212049,7.864355136565794e-5,0.017389144343882612,-0.9999994273757693,0.007565065813261518,0.011168104001552614,0.02956934048121063,7.864355136565794e-5,-1.0,3.5
1242.733773946762,3390.0,1237.5217391304348,14.91304347826087,Inf,3.130434782608696,0.006266800891212049,7.864355136565794e-5,0.017389144343882612,-0.9999994273757693,0.007565065813261518,0.011168104001552614,0.02956934048121063,7.864355136565794e-5,-1.0,3.5
1247.960548877716,3405.0,1252.5217391304348,14.91304347826087,Inf,3.130434782608696,0.006266800891212049,7.864355136565794e-5,0.017389144343882612,-0.9999994273757693,0.007565065813261518,0.011168104001552614,0.02956934048121063,7.864355136565794e-5,-1.0,3.5
1253.1600949764252,3420.0,1267.5217391304348,14.91304347826087,Inf,3.130434782608696,0.006266800891212049,7.864355136565794e-5,0.017389144343882612,-0.9999994273757693,0.007565065813261518,0.011168104001552614,0.02956934048121063,7.864355136565794e-5,-1.0,3.5
1258.3864619731903,3435.0,1276.304347826087,14.91304347826087,Inf,3.130434782608696,0.006272706237949133,7.486061477347796e-5,0.01729140998875911,-0.9999994549203183,0.007308203707425553,0.011134415209318564,0.028054102003042956,7.486061477347796e-5,-1.0,3.5
1263.5961728096008,3450.0,1291.304347826087,14.91304347826087,Inf,3.130434782608696,0.006272706237949133,7.486061477347796e-5,0.01729140998875911,-0.9999994549203183,0.007308203707425553,0.011134415209318564,0.028054102003042956,7.486061477347796e-5,-1.0,3.5
1268.8799397945404,3465.0,1300.1304347826087,14.91304347826087,Inf,3.130434782608696,0.006272706237949133,7.486061477347796e-5,0.01729140998875911,-0.9999994549203183,0.007308203707425553,0.011134415209318564,0.028054102003042956,7.486061477347796e-5,-1.0,3.5
1274.0527579784393,3480.0,1315.1304347826087,14.91304347826087,Inf,3.130434782608696,0.006272706237949133,7.486061477347796e-5,0.01729140998875911,-0.9999994549203183,0.007308203707425553,0.011134415209318564,0.028054102003042956,7.486061477347796e-5,-1.0,3.5
1279.2925329208374,3495.0,1311.0869565217392,14.91304347826087,Inf,3.130434782608696,0.006272706237949133,7.486061477347796e-5,0.01729140998875911,-0.9999994549203183,0.007308203707425553,0.011134415209318564,0.028054102003042956,7.486061477347796e-5,-1.0,3.5
1284.5325248241425,3510.0,1326.0869565217392,14.91304347826087,Inf,3.130434782608696,0.006272706237949133,7.486061477347796e-5,0.01729140998875911,-0.9999994549203183,0.007308203707425553,0.011134415209318564,0.028054102003042956,7.486061477347796e-5,-1.0,3.5
1289.6179769039154,3525.0,1341.0869565217392,14.91304347826087,Inf,3.130434782608696,0.006272706237949133,7.486061477347796e-5,0.01729140998875911,-0.9999994549203183,0.007308203707425553,0.011134415209318564,0.028054102003042956,7.486061477347796e-5,-1.0,3.5
1294.8649899959564,3540.0,1356.0869565217392,14.91304347826087,Inf,3.130434782608696,0.006272706237949133,7.486061477347796e-5,0.01729140998875911,-0.9999994549203183,0.007308203707425553,0.011134415209318564,0.028054102003042956,7.486061477347796e-5,-1.0,3.5
1300.0676229000092,3555.0,1371.0869565217392,14.91304347826087,Inf,3.130434782608696,0.006272706237949133,7.486061477347796e-5,0.01729140998875911,-0.9999994549203183,0.007308203707425553,0.011134415209318564,0.028054102003042956,7.486061477347796e-5,-1.0,3.5
1305.296954870224,3570.0,1386.0869565217392,14.91304347826087,Inf,3.130434782608696,0.006272706237949133,7.486061477347796e-5,0.01729140998875911,-0.9999994549203183,0.007308203707425553,0.011134415209318564,0.028054102003042956,7.486061477347796e-5,-1.0,3.5
1310.4490189552307,3585.0,1401.0869565217392,14.91304347826087,Inf,3.130434782608696,0.006272706237949133,7.486061477347796e-5,0.01729140998875911,-0.9999994549203183,0.007308203707425553,0.011134415209318564,0.028054102003042956,7.486061477347796e-5,-1.0,3.5
1315.6746788024902,3600.0,1383.0434782608695,14.91304347826087,7.816057108097024e306,3.130434782608696,0.006272706237949133,7.486061477347796e-5,0.01729140998875911,-0.9999994549203183,0.007308203707425553,0.011134415209318564,0.028054102003042956,7.486061477347796e-5,-1.0,3.5
1320.8901879787445,3615.0,1398.0434782608695,14.91304347826087,7.816057108097024e306,3.130434782608696,0.006272706237949133,7.486061477347796e-5,0.01729140998875911,-0.9999994549203183,0.007308203707425553,0.011134415209318564,0.028054102003042956,7.486061477347796e-5,-1.0,3.5
1326.0119450092316,3630.0,1405.7826086956522,14.91304347826087,7.816057108097024e306,3.130434782608696,0.006272706237949133,7.486061477347796e-5,0.01729140998875911,-0.9999994549203183,0.007308203707425553,0.011134415209318564,0.028054102003042956,7.486061477347796e-5,-1.0,3.5
1331.2010660171509,3645.0,1420.7826086956522,14.91304347826087,7.816057108097024e306,3.130434782608696,0.006272706237949133,7.486061477347796e-5,0.01729140998875911,-0.9999994549203183,0.007308203707425553,0.011134415209318564,0.028054102003042956,7.486061477347796e-5,-1.0,3.5
1336.4348459243774,3660.0,1435.7826086956522,14.91304347826087,7.816057108097024e306,3.130434782608696,0.006272706237949133,7.486061477347796e-5,0.01729140998875911,-0.9999994549203183,0.007308203707425553,0.011134415209318564,0.028054102003042956,7.486061477347796e-5,-1.0,3.5
1341.589115858078,3675.0,1450.7826086956522,14.91304347826087,7.816057108097024e306,3.130434782608696,0.006272706237949133,7.486061477347796e-5,0.01729140998875911,-0.9999994549203183,0.007308203707425553,0.011134415209318564,0.028054102003042956,7.486061477347796e-5,-1.0,3.5
1346.7831349372864,3690.0,1369.8260869565217,14.91304347826087,7.816057108097024e306,3.130434782608696,0.006272706237949133,7.486061477347796e-5,0.01729140998875911,-0.9999994549203183,0.007308203707425553,0.011134415209318564,0.028054102003042956,7.486061477347796e-5,-1.0,3.5
1352.0473718643188,3705.0,1384.304347826087,14.91304347826087,7.816057108097024e306,3.130434782608696,0.006272706237949133,7.486061477347796e-5,0.01729140998875911,-0.9999994549203183,0.007308203707425553,0.011134415209318564,0.028054102003042956,7.486061477347796e-5,-1.0,3.5
1357.1470499038696,3720.0,1399.0,14.91304347826087,7.816057108097024e306,3.130434782608696,0.006272706237949133,7.486061477347796e-5,0.01729140998875911,-0.9999994549203183,0.007308203707425553,0.011134415209318564,0.028054102003042956,7.486061477347796e-5,-1.0,3.5
1362.3166317939758,3735.0,1412.7826086956522,14.91304347826087,7.816057108097024e306,3.130434782608696,0.006272706237949133,7.486061477347796e-5,0.01729140998875911,-0.9999994549203183,0.007308203707425553,0.011134415209318564,0.028054102003042956,7.486061477347796e-5,-1.0,3.5
1367.4687869548798,3750.0,1427.1304347826087,14.91304347826087,7.816057108097024e306,3.130434782608696,0.006272706237949133,7.486061477347796e-5,0.01729140998875911,-0.9999994549203183,0.007308203707425553,0.011134415209318564,0.028054102003042956,7.486061477347796e-5,-1.0,3.5
1372.6869678497314,3765.0,1441.5217391304348,14.91304347826087,7.816057108097024e306,3.130434782608696,0.006272706237949133,7.486061477347796e-5,0.01729140998875911,-0.9999994549203183,0.007308203707425553,0.011134415209318564,0.028054102003042956,7.486061477347796e-5,-1.0,3.5
1377.7585999965668,3780.0,1455.8695652173913,14.91304347826087,7.816057108097024e306,3.130434782608696,0.006272706237949133,7.486061477347796e-5,0.01729140998875911,-0.9999994549203183,0.007308203707425553,0.011134415209318564,0.028054102003042956,7.486061477347796e-5,-1.0,3.5
1382.9570398330688,3795.0,1454.391304347826,14.91304347826087,7.816057108097024e306,3.130434782608696,0.006272706237949133,7.486061477347796e-5,0.01729140998875911,-0.9999994549203183,0.007308203707425553,0.011134415209318564,0.028054102003042956,7.486061477347796e-5,-1.0,3.5
1388.213565826416,3810.0,1468.7826086956522,14.91304347826087,7.816057108097024e306,3.130434782608696,0.006272706237949133,7.486061477347796e-5,0.01729140998875911,-0.9999994549203183,0.007308203707425553,0.011134415209318564,0.028054102003042956,7.486061477347796e-5,-1.0,3.5
1393.4594728946686,3825.0,1483.0434782608695,14.91304347826087,7.816057108097024e306,3.130434782608696,0.006272706237949133,7.486061477347796e-5,0.01729140998875911,-0.9999994549203183,0.007308203707425553,0.011134415209318564,0.028054102003042956,7.486061477347796e-5,-1.0,3.5
1398.6585879325867,3840.0,1497.4347826086957,14.91304347826087,7.816057108097024e306,3.130434782608696,0.006272706237949133,7.486061477347796e-5,0.01729140998875911,-0.9999994549203183,0.007308203707425553,0.011134415209318564,0.028054102003042956,7.486061477347796e-5,-1.0,3.5
1403.8985760211945,3855.0,1511.9130434782608,14.91304347826087,7.816057108097024e306,3.130434782608696,0.006272706237949133,7.486061477347796e-5,0.01729140998875911,-0.9999994549203183,0.007308203707425553,0.011134415209318564,0.028054102003042956,7.486061477347796e-5,-1.0,3.5
1409.0941560268402,3870.0,1526.1739130434783,14.91304347826087,7.816057108097024e306,3.130434782608696,0.006272706237949133,7.486061477347796e-5,0.01729140998875911,-0.9999994549203183,0.007308203707425553,0.011134415209318564,0.028054102003042956,7.486061477347796e-5,-1.0,3.5
1414.2279589176178,3885.0,1540.5652173913043,14.91304347826087,7.816057108097024e306,3.130434782608696,0.006272706237949133,7.486061477347796e-5,0.01729140998875911,-0.9999994549203183,0.007308203707425553,0.011134415209318564,0.028054102003042956,7.486061477347796e-5,-1.0,3.5
1419.5030889511108,3900.0,1554.9130434782608,14.91304347826087,7.816057108097024e306,3.130434782608696,0.006272706237949133,7.486061477347796e-5,0.01729140998875911,-0.9999994549203183,0.007308203707425553,0.011134415209318564,0.028054102003042956,7.486061477347796e-5,-1.0,3.5
1424.7271258831024,3915.0,1559.695652173913,14.91304347826087,7.816057108097024e306,3.130434782608696,0.006272706237949133,7.486061477347796e-5,0.01729140998875911,-0.9999994549203183,0.007308203707425553,0.011134415209318564,0.028054102003042956,7.486061477347796e-5,-1.0,3.5
1429.9806199073792,3930.0,1574.695652173913,14.91304347826087,7.816057108097024e306,3.130434782608696,0.006272706237949133,7.486061477347796e-5,0.01729140998875911,-0.9999994549203183,0.007308203707425553,0.011134415209318564,0.028054102003042956,7.486061477347796e-5,-1.0,3.5
1435.2253468036652,3945.0,1589.695652173913,14.91304347826087,7.816057108097024e306,3.130434782608696,0.006272706237949133,7.486061477347796e-5,0.01729140998875911,-0.9999994549203183,0.007308203707425553,0.011134415209318564,0.028054102003042956,7.486061477347796e-5,-1.0,3.5
1440.4504029750824,3960.0,1604.695652173913,14.91304347826087,7.816057108097024e306,3.130434782608696,0.006272706237949133,7.486061477347796e-5,0.01729140998875911,-0.9999994549203183,0.007308203707425553,0.011134415209318564,0.028054102003042956,7.486061477347796e-5,-1.0,3.5
1445.6916270256042,3975.0,1619.695652173913,14.91304347826087,7.816057108097024e306,3.130434782608696,0.006272706237949133,7.486061477347796e-5,0.01729140998875911,-0.9999994549203183,0.007308203707425553,0.011134415209318564,0.028054102003042956,7.486061477347796e-5,-1.0,3.5
1450.8434188365936,3990.0,1634.695652173913,14.91304347826087,7.816057108097024e306,3.130434782608696,0.006272706237949133,7.486061477347796e-5,0.01729140998875911,-0.9999994549203183,0.007308203707425553,0.011134415209318564,0.028054102003042956,7.486061477347796e-5,-1.0,3.5
1456.051069021225,4005.0,1649.695652173913,14.91304347826087,7.816057108097024e306,3.130434782608696,0.006272706237949133,7.486061477347796e-5,0.01729140998875911,-0.9999994549203183,0.007308203707425553,0.011134415209318564,0.028054102003042956,7.486061477347796e-5,-1.0,3.5
1461.2359368801117,4020.0,1664.695652173913,14.91304347826087,7.816057108097024e306,3.130434782608696,0.006272706237949133,7.486061477347796e-5,0.01729140998875911,-0.9999994549203183,0.007308203707425553,0.011134415209318564,0.028054102003042956,7.486061477347796e-5,-1.0,3.5
1466.495374917984,4035.0,1634.5217391304348,14.91304347826087,7.816057108097024e306,3.130434782608696,0.006272706237949133,7.486061477347796e-5,0.01729140998875911,-0.9999994549203183,0.007308203707425553,0.011134415209318564,0.028054102003042956,7.486061477347796e-5,-1.0,3.5
1471.6633698940277,4050.0,1649.1739130434783,14.91304347826087,7.816057108097024e306,3.130434782608696,0.006272706237949133,7.486061477347796e-5,0.01729140998875911,-0.9999994549203183,0.007308203707425553,0.011134415209318564,0.028054102003042956,7.486061477347796e-5,-1.0,3.5
1476.8705568313599,4065.0,1611.608695652174,14.91304347826087,7.816057108097024e306,3.130434782608696,0.0063882948520369185,7.447512884836153e-5,0.016741504344275904,-0.9999994577271419,0.007437793403871624,0.011390640681580758,0.028675917782913257,7.447512884836153e-5,-1.0,3.5
1482.0615339279175,4080.0,1626.608695652174,14.91304347826087,7.816057108097024e306,3.130434782608696,0.0063882948520369185,7.447512884836153e-5,0.016741504344275904,-0.9999994577271419,0.007437793403871624,0.011390640681580758,0.028675917782913257,7.447512884836153e-5,-1.0,3.5
1487.2521538734436,4095.0,1641.608695652174,14.91304347826087,7.816057108097024e306,3.130434782608696,0.0063882948520369185,7.447512884836153e-5,0.016741504344275904,-0.9999994577271419,0.007437793403871624,0.011390640681580758,0.028675917782913257,7.447512884836153e-5,-1.0,3.5
1492.3595178127289,4110.0,1656.608695652174,14.91304347826087,7.816057108097024e306,3.130434782608696,0.0063882948520369185,7.447512884836153e-5,0.016741504344275904,-0.9999994577271419,0.007437793403871624,0.011390640681580758,0.028675917782913257,7.447512884836153e-5,-1.0,3.5
1497.6720798015594,4125.0,1668.9130434782608,14.91304347826087,7.816057108097024e306,3.130434782608696,0.006362727114956906,7.400637587334168e-5,0.016826647543495388,-0.9999994611402547,0.00734807494117512,0.011138992991931091,0.02903625233864416,7.400637587334168e-5,-1.0,3.5
1502.994141817093,4140.0,1683.9130434782608,14.91304347826087,7.816057108097024e306,3.130434782608696,0.006362727114956906,7.400637587334168e-5,0.016826647543495388,-0.9999994611402547,0.00734807494117512,0.011138992991931091,0.02903625233864416,7.400637587334168e-5,-1.0,3.5
1508.20112991333,4155.0,1698.9130434782608,14.91304347826087,7.816057108097024e306,3.130434782608696,0.006362727114956906,7.400637587334168e-5,0.016826647543495388,-0.9999994611402547,0.00734807494117512,0.011138992991931091,0.02903625233864416,7.400637587334168e-5,-1.0,3.5
1513.2888247966766,4170.0,1697.608695652174,14.91304347826087,7.816057108097024e306,3.130434782608696,0.006362727114956906,7.400637587334168e-5,0.016826647543495388,-0.9999994611402547,0.00734807494117512,0.011138992991931091,0.02903625233864416,7.400637587334168e-5,-1.0,3.5
1518.4753029346466,4185.0,1712.608695652174,14.91304347826087,7.816057108097024e306,3.130434782608696,0.006362727114956906,7.400637587334168e-5,0.016826647543495388,-0.9999994611402547,0.00734807494117512,0.011138992991931091,0.02903625233864416,7.400637587334168e-5,-1.0,3.5
1523.6713938713074,4200.0,1727.608695652174,14.91304347826087,7.816057108097024e306,3.130434782608696,0.006362727114956906,7.400637587334168e-5,0.016826647543495388,-0.9999994611402547,0.00734807494117512,0.011138992991931091,0.02903625233864416,7.400637587334168e-5,-1.0,3.5
1528.8386709690094,4215.0,1742.608695652174,14.91304347826087,7.816057108097024e306,3.130434782608696,0.006362727114956906,7.400637587334168e-5,0.016826647543495388,-0.9999994611402547,0.00734807494117512,0.011138992991931091,0.02903625233864416,7.400637587334168e-5,-1.0,3.5
1534.0032229423523,4230.0,1757.608695652174,14.91304347826087,7.816057108097024e306,3.130434782608696,0.006362727114956906,7.400637587334168e-5,0.016826647543495388,-0.9999994611402547,0.00734807494117512,0.011138992991931091,0.02903625233864416,7.400637587334168e-5,-1.0,3.5
1539.1736469268799,4245.0,1772.608695652174,14.91304347826087,7.816057108097024e306,3.130434782608696,0.006362727114956906,7.400637587334168e-5,0.016826647543495388,-0.9999994611402547,0.00734807494117512,0.011138992991931091,0.02903625233864416,7.400637587334168e-5,-1.0,3.5
1544.3400478363037,4260.0,1787.608695652174,14.91304347826087,7.816057108097024e306,3.130434782608696,0.006362727114956906,7.400637587334168e-5,0.016826647543495388,-0.9999994611402547,0.00734807494117512,0.011138992991931091,0.02903625233864416,7.400637587334168e-5,-1.0,3.5
1549.4206638336182,4275.0,1802.608695652174,14.91304347826087,7.816057108097024e306,3.130434782608696,0.006362727114956906,7.400637587334168e-5,0.016826647543495388,-0.9999994611402547,0.00734807494117512,0.011138992991931091,0.02903625233864416,7.400637587334168e-5,-1.0,3.5
1554.7286269664764,4290.0,1817.608695652174,14.91304347826087,7.816057108097024e306,3.130434782608696,0.006362727114956906,7.400637587334168e-5,0.016826647543495388,-0.9999994611402547,0.00734807494117512,0.011138992991931091,0.02903625233864416,7.400637587334168e-5,-1.0,3.5
1559.8700029850006,4305.0,1832.608695652174,14.91304347826087,7.816057108097024e306,3.130434782608696,0.006362727114956906,7.400637587334168e-5,0.016826647543495388,-0.9999994611402547,0.00734807494117512,0.011138992991931091,0.02903625233864416,7.400637587334168e-5,-1.0,3.5
1564.9896049499512,4320.0,1847.608695652174,14.91304347826087,7.816057108097024e306,3.130434782608696,0.006362727114956906,7.400637587334168e-5,0.016826647543495388,-0.9999994611402547,0.00734807494117512,0.011138992991931091,0.02903625233864416,7.400637587334168e-5,-1.0,3.5
1570.139694929123,4335.0,1811.3478260869565,14.91304347826087,7.816057108097024e306,3.130434782608696,0.006362727114956906,7.400637587334168e-5,0.016826647543495388,-0.9999994611402547,0.00734807494117512,0.011138992991931091,0.02903625233864416,7.400637587334168e-5,-1.0,3.5
1575.3088200092316,4350.0,1826.3478260869565,14.91304347826087,7.816057108097024e306,3.130434782608696,0.006362727114956906,7.400637587334168e-5,0.016826647543495388,-0.9999994611402547,0.00734807494117512,0.011138992991931091,0.02903625233864416,7.400637587334168e-5,-1.0,3.5
1580.3906619548798,4365.0,1841.3478260869565,14.91304347826087,7.816057108097024e306,3.130434782608696,0.006362727114956906,7.400637587334168e-5,0.016826647543495388,-0.9999994611402547,0.00734807494117512,0.011138992991931091,0.02903625233864416,7.400637587334168e-5,-1.0,3.5
1585.5796349048615,4380.0,1856.3478260869565,14.91304347826087,7.816057108097024e306,3.130434782608696,0.006362727114956906,7.400637587334168e-5,0.016826647543495388,-0.9999994611402547,0.00734807494117512,0.011138992991931091,0.02903625233864416,7.400637587334168e-5,-1.0,3.5
1590.7980308532715,4395.0,1857.0434782608695,14.91304347826087,7.816057108097024e306,3.130434782608696,0.006362727114956906,7.400637587334168e-5,0.016826647543495388,-0.9999994611402547,0.00734807494117512,0.011138992991931091,0.02903625233864416,7.400637587334168e-5,-1.0,3.5
1596.0924818515778,4410.0,1871.2608695652175,14.91304347826087,7.816057108097024e306,3.130434782608696,0.006362727114956906,7.400637587334168e-5,0.016826647543495388,-0.9999994611402547,0.00734807494117512,0.011138992991931091,0.02903625233864416,7.400637587334168e-5,-1.0,3.5
1601.318589925766,4425.0,1885.5217391304348,14.91304347826087,7.816057108097024e306,3.130434782608696,0.006362727114956906,7.400637587334168e-5,0.016826647543495388,-0.9999994611402547,0.00734807494117512,0.011138992991931091,0.02903625233864416,7.400637587334168e-5,-1.0,3.5
1606.3343298435211,4439.0,1899.0434782608695,14.91304347826087,7.816057108097024e306,3.130434782608696,0.006362727114956906,7.400637587334168e-5,0.016826647543495388,-0.9999994611402547,0.00734807494117512,0.011138992991931091,0.02903625233864416,7.400637587334168e-5,-1.0,3.5
1611.3601338863373,4453.0,1912.3478260869565,14.91304347826087,7.816057108097024e306,3.130434782608696,0.006362727114956906,7.400637587334168e-5,0.016826647543495388,-0.9999994611402547,0.00734807494117512,0.011138992991931091,0.02903625233864416,7.400637587334168e-5,-1.0,3.5
1616.68070602417,4468.0,1926.7826086956522,14.91304347826087,7.816057108097024e306,3.130434782608696,0.006362727114956906,7.400637587334168e-5,0.016826647543495388,-0.9999994611402547,0.00734807494117512,0.011138992991931091,0.02903625233864416,7.400637587334168e-5,-1.0,3.5
1621.953490972519,4483.0,1941.0,14.91304347826087,7.816057108097024e306,3.130434782608696,0.006362727114956906,7.400637587334168e-5,0.016826647543495388,-0.9999994611402547,0.00734807494117512,0.011138992991931091,0.02903625233864416,7.400637587334168e-5,-1.0,3.5
1627.2207198143005,4498.0,1955.3478260869565,14.91304347826087,7.816057108097024e306,3.130434782608696,0.006362727114956906,7.400637587334168e-5,0.016826647543495388,-0.9999994611402547,0.00734807494117512,0.011138992991931091,0.02903625233864416,7.400637587334168e-5,-1.0,3.5
1632.4744079113007,4513.0,1969.8695652173913,14.91304347826087,7.816057108097024e306,3.130434782608696,0.006362727114956906,7.400637587334168e-5,0.016826647543495388,-0.9999994611402547,0.00734807494117512,0.011138992991931091,0.02903625233864416,7.400637587334168e-5,-1.0,3.5
1637.60115981102,4528.0,1968.5652173913043,14.91304347826087,7.816057108097024e306,3.130434782608696,0.006362727114956906,7.400637587334168e-5,0.016826647543495388,-0.9999994611402547,0.00734807494117512,0.011138992991931091,0.02903625233864416,7.400637587334168e-5,-1.0,3.5
1642.8807129859924,4543.0,1983.0869565217392,14.91304347826087,7.816057108097024e306,3.130434782608696,0.006362727114956906,7.400637587334168e-5,0.016826647543495388,-0.9999994611402547,0.00734807494117512,0.011138992991931091,0.02903625233864416,7.400637587334168e-5,-1.0,3.5
1648.0281608104706,4558.0,1998.0869565217392,14.91304347826087,7.816057108097024e306,3.130434782608696,0.006362727114956906,7.400637587334168e-5,0.016826647543495388,-0.9999994611402547,0.00734807494117512,0.011138992991931091,0.02903625233864416,7.400637587334168e-5,-1.0,3.5
1653.133015871048,4573.0,1940.2173913043478,14.91304347826087,7.816057108097024e306,3.130434782608696,0.006362727114956906,7.400637587334168e-5,0.016826647543495388,-0.9999994611402547,0.00734807494117512,0.011138992991931091,0.02903625233864416,7.400637587334168e-5,-1.0,3.5
1658.387764930725,4588.0,1955.2173913043478,14.91304347826087,7.816057108097024e306,3.130434782608696,0.006362727114956906,7.400637587334168e-5,0.016826647543495388,-0.9999994611402547,0.00734807494117512,0.011138992991931091,0.02903625233864416,7.400637587334168e-5,-1.0,3.5
1663.672388792038,4603.0,1970.2173913043478,14.91304347826087,7.816057108097024e306,3.130434782608696,0.006362727114956906,7.400637587334168e-5,0.016826647543495388,-0.9999994611402547,0.00734807494117512,0.011138992991931091,0.02903625233864416,7.400637587334168e-5,-1.0,3.5
1668.771535873413,4618.0,1985.2173913043478,14.91304347826087,7.816057108097024e306,3.130434782608696,0.006362727114956906,7.400637587334168e-5,0.016826647543495388,-0.9999994611402547,0.00734807494117512,0.011138992991931091,0.02903625233864416,7.400637587334168e-5,-1.0,3.5
1673.8981080055237,4633.0,2000.2173913043478,14.91304347826087,7.816057108097024e306,3.130434782608696,0.006362727114956906,7.400637587334168e-5,0.016826647543495388,-0.9999994611402547,0.00734807494117512,0.011138992991931091,0.02903625233864416,7.400637587334168e-5,-1.0,3.5
1679.0782198905945,4648.0,2015.2173913043478,14.91304347826087,7.816057108097024e306,3.130434782608696,0.006362727114956906,7.400637587334168e-5,0.016826647543495388,-0.9999994611402547,0.00734807494117512,0.011138992991931091,0.02903625233864416,7.400637587334168e-5,-1.0,3.5
1684.3595788478851,4663.0,2030.2173913043478,14.91304347826087,7.816057108097024e306,3.130434782608696,0.006362727114956906,7.400637587334168e-5,0.016826647543495388,-0.9999994611402547,0.00734807494117512,0.011138992991931091,0.02903625233864416,7.400637587334168e-5,-1.0,3.5
1689.5685889720917,4678.0,2045.2173913043478,14.91304347826087,7.816057108097024e306,3.130434782608696,0.006362727114956906,7.400637587334168e-5,0.016826647543495388,-0.9999994611402547,0.00734807494117512,0.011138992991931091,0.02903625233864416,7.400637587334168e-5,-1.0,3.5
1694.7805979251862,4693.0,2060.217391304348,14.91304347826087,7.816057108097024e306,3.130434782608696,0.006362727114956906,7.400637587334168e-5,0.016826647543495388,-0.9999994611402547,0.00734807494117512,0.011138992991931091,0.02903625233864416,7.400637587334168e-5,-1.0,3.5
1700.0302720069885,4708.0,2068.478260869565,14.91304347826087,7.816057108097024e306,3.130434782608696,0.006362727114956906,7.400637587334168e-5,0.016826647543495388,-0.9999994611402547,0.00734807494117512,0.011138992991931091,0.02903625233864416,7.400637587334168e-5,-1.0,3.5
1705.2671239376068,4723.0,2083.478260869565,14.91304347826087,7.816057108097024e306,3.130434782608696,0.006362727114956906,7.400637587334168e-5,0.016826647543495388,-0.9999994611402547,0.00734807494117512,0.011138992991931091,0.02903625233864416,7.400637587334168e-5,-1.0,3.5
1710.2732779979706,4737.0,2088.478260869565,14.91304347826087,7.816057108097024e306,3.130434782608696,0.006362727114956906,7.400637587334168e-5,0.016826647543495388,-0.9999994611402547,0.00734807494117512,0.011138992991931091,0.02903625233864416,7.400637587334168e-5,-1.0,3.5
1715.5330469608307,4752.0,2072.5652173913045,14.91304347826087,7.816057108097024e306,3.130434782608696,0.006362727114956906,7.400637587334168e-5,0.016826647543495388,-0.9999994611402547,0.00734807494117512,0.011138992991931091,0.02903625233864416,7.400637587334168e-5,-1.0,3.5
1720.743668794632,4767.0,2084.608695652174,14.91304347826087,7.816057108097024e306,3.130434782608696,0.006362727114956906,7.400637587334168e-5,0.016826647543495388,-0.9999994611402547,0.00734807494117512,0.011138992991931091,0.02903625233864416,7.400637587334168e-5,-1.0,3.5
1725.947872877121,4782.0,2099.608695652174,14.91304347826087,7.816057108097024e306,3.130434782608696,0.006362727114956906,7.400637587334168e-5,0.016826647543495388,-0.9999994611402547,0.00734807494117512,0.011138992991931091,0.02903625233864416,7.400637587334168e-5,-1.0,3.5
1731.130394935608,4797.0,2075.782608695652,14.91304347826087,7.816057108097024e306,3.130434782608696,0.006362727114956906,7.400637587334168e-5,0.016826647543495388,-0.9999994611402547,0.00734807494117512,0.011138992991931091,0.02903625233864416,7.400637587334168e-5,-1.0,3.5
1736.259831905365,4812.0,2090.782608695652,14.91304347826087,7.816057108097024e306,3.130434782608696,0.006362727114956906,7.400637587334168e-5,0.016826647543495388,-0.9999994611402547,0.00734807494117512,0.011138992991931091,0.02903625233864416,7.400637587334168e-5,-1.0,3.5
1741.4579708576202,4827.0,2105.782608695652,14.91304347826087,7.816057108097024e306,3.130434782608696,0.006362727114956906,7.400637587334168e-5,0.016826647543495388,-0.9999994611402547,0.00734807494117512,0.011138992991931091,0.02903625233864416,7.400637587334168e-5,-1.0,3.5
1746.7063868045807,4842.0,2120.782608695652,14.91304347826087,7.816057108097024e306,3.130434782608696,0.006362727114956906,7.400637587334168e-5,0.016826647543495388,-0.9999994611402547,0.00734807494117512,0.011138992991931091,0.02903625233864416,7.400637587334168e-5,-1.0,3.5
1751.9973018169403,4857.0,2135.782608695652,14.91304347826087,7.816057108097024e306,3.130434782608696,0.006362727114956906,7.400637587334168e-5,0.016826647543495388,-0.9999994611402547,0.00734807494117512,0.011138992991931091,0.02903625233864416,7.400637587334168e-5,-1.0,3.5
1757.2152848243713,4872.0,2144.7391304347825,14.91304347826087,7.816057108097024e306,3.130434782608696,0.006362727114956906,7.400637587334168e-5,0.016826647543495388,-0.9999994611402547,0.00734807494117512,0.011138992991931091,0.02903625233864416,7.400637587334168e-5,-1.0,3.5
1762.496845960617,4887.0,2159.7391304347825,14.91304347826087,7.816057108097024e306,3.130434782608696,0.006362727114956906,7.400637587334168e-5,0.016826647543495388,-0.9999994611402547,0.00734807494117512,0.011138992991931091,0.02903625233864416,7.400637587334168e-5,-1.0,3.5
1767.800321817398,4902.0,2174.7391304347825,14.91304347826087,7.816057108097024e306,3.130434782608696,0.006362727114956906,7.400637587334168e-5,0.016826647543495388,-0.9999994611402547,0.00734807494117512,0.011138992991931091,0.02903625233864416,7.400637587334168e-5,-1.0,3.5
1773.036997795105,4917.0,2189.7391304347825,14.91304347826087,7.816057108097024e306,3.130434782608696,0.006362727114956906,7.400637587334168e-5,0.016826647543495388,-0.9999994611402547,0.00734807494117512,0.011138992991931091,0.02903625233864416,7.400637587334168e-5,-1.0,3.5
1778.2236728668213,4932.0,2204.7391304347825,14.91304347826087,7.816057108097024e306,3.130434782608696,0.006362727114956906,7.400637587334168e-5,0.016826647543495388,-0.9999994611402547,0.00734807494117512,0.011138992991931091,0.02903625233864416,7.400637587334168e-5,-1.0,3.5
1783.4593408107758,4947.0,2219.7391304347825,14.91304347826087,7.816057108097024e306,3.130434782608696,0.006362727114956906,7.400637587334168e-5,0.016826647543495388,-0.9999994611402547,0.00734807494117512,0.011138992991931091,0.02903625233864416,7.400637587334168e-5,-1.0,3.5
1788.6201539039612,4962.0,2230.8695652173915,14.91304347826087,7.816057108097024e306,3.130434782608696,0.006362727114956906,7.400637587334168e-5,0.016826647543495388,-0.9999994611402547,0.00734807494117512,0.011138992991931091,0.02903625233864416,7.400637587334168e-5,-1.0,3.5
1793.7943379878998,4977.0,2245.8695652173915,14.91304347826087,7.816057108097024e306,3.130434782608696,0.006362727114956906,7.400637587334168e-5,0.016826647543495388,-0.9999994611402547,0.00734807494117512,0.011138992991931091,0.02903625233864416,7.400637587334168e-5,-1.0,3.5
1798.9774038791656,4992.0,2252.3478260869565,14.91304347826087,7.816057108097024e306,3.130434782608696,0.006362727114956906,7.400637587334168e-5,0.016826647543495388,-0.9999994611402547,0.00734807494117512,0.011138992991931091,0.02903625233864416,7.400637587334168e-5,-1.0,3.5
