time,generation,mean age hall_of_fame,mean compl,mean recursive_compl,mean n_params,min mae,min mse,min max_ae,min minus_r2,min mare,min q75_are,min max_are,min ms_processed_e,min minus_spearman,max penalty
20.77521800994873,1.0,0.0,8.6,8.590075454e8,1.1,324.51356273426035,195632.1360991803,963.3385267875565,-0.9985691699218545,0.11756435964405178,0.1459676169625446,0.3292258282457868,195632.1360991803,-0.9951056729699667,6.5
26.18956685066223,5.0,1.2727272727272727,8.090909090909092,261.27272727272725,1.3636363636363635,314.7379584794556,190917.43346386898,945.6870238926422,-0.9986036526938297,0.12032830683545143,0.12085424967231764,0.2757129727025377,190917.43346386898,-0.9955506117908788,14.0
31.460625886917114,12.0,3.857142857142857,7.857142857142857,191.57142857142858,1.4285714285714286,235.7711085949429,125571.02127192626,1101.5115208332263,-0.9990815885479662,0.07948474908964262,0.11398447689573692,0.27127278080734374,125571.02127192626,-0.9955506117908788,6.0
36.581419944763184,18.0,6.125,7.0,8.5,1.375,235.7711085949429,125571.02127192626,1101.5115208332263,-0.9990815885479662,0.07948474908964262,0.11398447689573692,0.27127278080734374,125571.02127192626,-0.9955506117908788,6.0
41.90118098258972,28.0,6.428571428571429,12.642857142857142,28.357142857142858,2.0714285714285716,193.17006481854108,75133.16984205098,733.2850893461282,-0.9994504849692899,0.058759541714701165,0.07479268383875982,0.15168858047908867,75133.16984205098,-0.9973303670745273,6.0
47.40274095535278,38.0,12.285714285714286,11.785714285714286,72.0,2.0,174.09663188657953,66672.72292577977,734.7607797182336,-0.9995123636675638,0.057072703827202816,0.07352396479466808,0.15374575691610498,66672.72292577977,-0.9973303670745273,6.0
52.935465812683105,48.0,10.31578947368421,13.263157894736842,97.36842105263158,2.1052631578947367,173.8703494259317,66672.04762235827,800.4160922866213,-0.9995123686066524,0.056352027507155907,0.07352396398709019,0.15973919970877984,66672.04762235827,-0.9968854282536151,7.0
58.354063987731934,54.0,11.75,11.8125,228.0625,1.875,170.23877513042808,65689.87955769533,826.9902281926525,-0.9995195520665723,0.05635202760102685,0.07698496424078655,0.16625258664539233,65689.87955769533,-0.996440489432703,7.0
63.7311749458313,64.0,14.333333333333334,12.444444444444445,61.666666666666664,2.0,166.78950176275936,64681.376937573325,827.2635935176258,-0.9995269281342856,0.05562960946075591,0.07604180619596784,0.1629581063289986,64681.376937573325,-0.9968854282536151,7.0
68.82056593894958,73.0,16.666666666666668,13.952380952380953,95.47619047619048,2.3333333333333335,166.9152493038906,64398.8697168946,827.2741262442778,-0.9995289943583564,0.05562960946075591,0.07461622900733003,0.16268835338778428,64398.8697168946,-0.9968854282536151,7.0
73.97151780128479,82.0,21.526315789473685,13.421052631578947,248.31578947368422,2.210526315789474,166.9152493038906,62150.09138039199,787.5078970709028,-0.9995454416545272,0.0594401522414806,0.07484292126475782,0.14474041664536105,62150.09138039199,-0.996440489432703,7.0
79.07147598266602,91.0,21.80952380952381,13.285714285714286,49.95238095238095,2.1904761904761907,163.590418404619,62150.09138039199,787.5078970709028,-0.9995454416545272,0.056712185010981145,0.07384250780580617,0.14474041664536105,62150.09138039199,-0.996440489432703,7.0
84.36444878578186,100.0,26.476190476190474,13.857142857142858,59.95238095238095,2.2857142857142856,158.5602118578073,62150.09138039199,787.5078970709028,-0.9995454416545272,0.05535874797953585,0.07384250839774631,0.14474041664536105,62150.09138039199,-0.996440489432703,7.0
89.58134484291077,109.0,28.16,15.28,79.72,2.48,158.5602118578073,62150.09138039199,787.5078970709028,-0.9995454416545272,0.05518912971670528,0.07384250839772974,0.14474041664536105,62150.09138039199,-0.996440489432703,10.0
94.89681482315063,118.0,33.916666666666664,14.75,75.45833333333333,2.4583333333333335,158.5602118578073,62150.09138039199,787.5078970709028,-0.9995454416545272,0.05518912971670528,0.07384250839772974,0.14474041664536105,62150.09138039199,-0.996440489432703,7.0
100.13036584854126,127.0,38.416666666666664,14.291666666666666,80.54166666666667,2.4166666666666665,158.5602118578073,62150.04674799383,787.5083615905623,-0.9995454419809632,0.05535874797953585,0.07384250839772974,0.14474050202198943,62150.04674799383,-0.996440489432703,7.0
105.36742782592773,136.0,40.2,14.52,79.2,2.52,158.5602118578073,62150.04674799383,787.5083615905623,-0.9995454419809632,0.05535874797953585,0.07384250855849357,0.14474050202198943,62150.04674799383,-0.996440489432703,7.0
110.62640595436096,145.0,42.46153846153846,14.846153846153847,74.92307692307692,2.6153846153846154,158.5602118578073,62150.04674799383,787.5083615905623,-0.9995454419809632,0.05535874797953585,0.07384250855849357,0.14474050202198943,62150.04674799383,-0.996440489432703,7.0
115.86641597747803,154.0,44.875,14.875,81.58333333333333,2.5833333333333335,133.9273492492275,42618.95843571214,678.8852479387479,-0.9996882900281877,0.04825480081408158,0.0676545637280892,0.13885303619910186,42618.95843571214,-0.996440489432703,7.0
121.13602590560913,163.0,47.84615384615385,15.5,95.3076923076923,2.6923076923076925,133.9273492492275,42618.95843571214,678.8852479387479,-0.9996882900281877,0.04825480081408158,0.0676545637280892,0.13885303619910186,42618.95843571214,-0.996440489432703,7.0
126.3645658493042,172.0,51.30769230769231,15.307692307692308,81.23076923076923,2.6923076923076925,133.9273492492275,42618.95843571214,675.9523061571508,-0.9996882900281877,0.04825480081408158,0.0676545637280892,0.13885303619910186,42618.95843571214,-0.996440489432703,7.0
131.61683893203735,181.0,59.57692307692308,15.307692307692308,81.23076923076923,2.6923076923076925,133.9273492492275,42618.95843571214,675.9542188796258,-0.9996882900281877,0.04825480081408158,0.0676545637280892,0.13885303619910186,42618.95843571214,-0.996440489432703,7.0
136.88386797904968,190.0,74.14285714285714,13.761904761904763,72.0,2.3333333333333335,133.9273492492275,42618.95843571214,675.9548776109132,-0.9996882900281877,0.04825480081408158,0.0676545637280892,0.13885303619910186,42618.95843571214,-0.996440489432703,7.0
142.11464190483093,199.0,76.0,14.478260869565217,80.6086956521739,2.4782608695652173,133.9273492492275,42618.95843571214,675.9556836000538,-0.9996882900281877,0.04825480081408158,0.0676545637280892,0.13885303619910186,42618.95843571214,-0.996440489432703,7.0
147.25170493125916,208.0,79.125,14.916666666666666,79.79166666666667,2.5833333333333335,133.9273492492275,42618.95843571214,675.9561558592741,-0.9996882900281877,0.04825480081408158,0.0676545637280892,0.13885303619910186,42618.95843571214,-0.996440489432703,7.0
152.46578693389893,217.0,87.75,14.916666666666666,79.79166666666667,2.5833333333333335,133.9273492492275,42618.95843571214,675.9566352757502,-0.9996882900281877,0.04825480081408158,0.0676545637280892,0.13885303619910186,42618.95843571214,-0.996440489432703,7.0
157.71952486038208,226.0,82.48,15.52,81.68,2.68,133.9273492492275,42618.95843571214,675.9569006629736,-0.9996882900281877,0.04825480081408158,0.0676545637280892,0.13885303619910186,42618.95843571214,-0.996440489432703,7.0
162.86884689331055,235.0,91.04,15.52,110.6,2.68,133.9273492492275,42618.95843571214,678.8852479387479,-0.9996882900281877,0.04825480081408158,0.0676545637280892,0.13885303619910186,42618.95843571214,-0.996440489432703,7.0
167.99471783638,244.0,88.8076923076923,16.0,117.65384615384616,2.730769230769231,133.9273492492275,41809.75145931607,632.9330453435159,-0.9996942084713656,0.04825480081408158,0.062580944624088,0.13885303619910186,41809.75145931607,-0.996440489432703,7.0
173.09449887275696,253.0,88.33333333333333,16.48148148148148,118.44444444444444,2.814814814814815,133.9273492492275,41809.75145931607,632.9330453435159,-0.9996942084713656,0.04825480081408158,0.062580944624088,0.13885303619910186,41809.75145931607,-0.996440489432703,7.0
178.2317669391632,262.0,93.18518518518519,16.48148148148148,118.44444444444444,2.814814814814815,133.9273492492275,41809.75145931607,632.9330453435159,-0.9996942084713656,0.04825480081408158,0.062580944624088,0.13885303619910186,41809.75145931607,-0.996440489432703,7.0
183.36482095718384,271.0,93.22222222222223,16.48148148148148,118.44444444444444,2.814814814814815,133.9273492492275,41809.75145931607,632.9330453435159,-0.9996942084713656,0.04825480081408158,0.062580944624088,0.13885303619910186,41809.75145931607,-0.996440489432703,7.0
188.4239239692688,280.0,86.70370370370371,16.666666666666668,116.33333333333333,2.8518518518518516,133.9273492492275,41809.75145931607,632.9330453435159,-0.9996942084713656,0.04825480081408158,0.062580944624088,0.13885303619910186,41809.75145931607,-0.996440489432703,7.0
193.52073884010315,289.0,86.35714285714286,17.0,118.32142857142857,2.857142857142857,133.9273492492275,41809.75145931607,564.0786493066225,-0.9996942084713656,0.04825480081408158,0.062580944624088,0.13885303619910186,41809.75145931607,-0.996440489432703,7.0
198.64012694358826,298.0,81.62962962962963,16.666666666666668,98.92592592592592,2.8518518518518516,133.9273492492275,41783.76011122546,599.6671411745137,-0.9996943985689813,0.04825480081408158,0.062580944624088,0.13885303619910186,41783.76011122546,-0.996440489432703,7.0
204.1400179862976,308.0,82.66666666666667,16.666666666666668,103.0,2.888888888888889,133.9273492492275,41783.76011122546,599.6671411745137,-0.9996943985689813,0.04825480081408158,0.062580944624088,0.13885303619910186,41783.76011122546,-0.996440489432703,7.0
209.68193984031677,318.0,91.1923076923077,16.692307692307693,105.0,2.8846153846153846,133.9273492492275,41783.76011122546,599.6671411745137,-0.9996943985689813,0.04825480081408158,0.062580944624088,0.13885303619910186,41783.76011122546,-0.996440489432703,7.0
214.7184739112854,327.0,98.92307692307692,16.692307692307693,105.0,2.8846153846153846,133.9273492492275,41783.76011122546,599.6671411745137,-0.9996943985689813,0.04825480081408158,0.062580944624088,0.13885303619910186,41783.76011122546,-0.996440489432703,7.0
219.81504797935486,336.0,102.81481481481481,17.037037037037038,526.5925925925926,3.0,133.9273492492275,41783.76011122546,553.5536679584984,-0.9996943985689813,0.04700127099919016,0.062580944624088,0.13885303619910186,41783.76011122546,-0.9968854282536151,7.0
224.90458178520203,345.0,98.48148148148148,17.037037037037038,526.6666666666666,3.0,133.9273492492275,41783.76011122546,553.5536679584984,-0.9996943985689813,0.04700127099919016,0.062580944624088,0.13885303619910186,41783.76011122546,-0.9968854282536151,7.0
229.9543809890747,354.0,91.57142857142857,16.785714285714285,508.9642857142857,2.9285714285714284,130.16115924740274,37604.99213981748,553.5536679584984,-0.9997249615788338,0.04700127099919016,0.062580944624088,0.1391013748797884,37604.99213981748,-0.9968854282536151,7.0
234.98185396194458,363.0,91.55555555555556,16.37037037037037,516.6666666666666,2.888888888888889,130.16115924740274,37604.99213981748,553.5536679584984,-0.9997249615788338,0.04700127099919016,0.06581869368815803,0.13785374975019582,37604.99213981748,-0.9968854282536151,7.0
240.04481101036072,372.0,91.42857142857143,16.821428571428573,502.10714285714283,2.9642857142857144,130.16115924740274,37604.99213981748,553.5536679584984,-0.9997249615788338,0.04700127099919016,0.06581869368815803,0.13785391898872423,37604.99213981748,-0.9968854282536151,7.0
245.14032888412476,381.0,93.39285714285714,16.785714285714285,65.60714285714286,2.9642857142857144,130.16115924740274,37604.99213981748,553.5536679584984,-0.9997249615788338,0.04766350813673312,0.06581869368815803,0.13671116967615624,37604.99213981748,-0.996440489432703,7.0
250.70001983642578,391.0,100.42857142857143,16.75,70.67857142857143,2.9642857142857144,130.16115924740274,37604.99213981748,553.5536679584984,-0.9997249615788338,0.04766339448037213,0.06581869368815803,0.13671116967615624,37604.99213981748,-0.996440489432703,7.0
255.76773881912231,400.0,97.5,16.75,65.53571428571429,3.0,130.16115924740274,37604.99213981748,553.5536679584984,-0.9997249615788338,0.04766333484261058,0.06581869368815803,0.13671116967615624,37604.99213981748,-0.996440489432703,7.0
260.92476296424866,409.0,101.53846153846153,16.346153846153847,67.5,2.8846153846153846,130.16115924740274,37604.99213981748,553.5536679584984,-0.9997249615788338,0.04766333484261058,0.06581869368815803,0.13671116967615624,37604.99213981748,-0.996440489432703,7.0
266.2397599220276,418.0,110.08,15.84,65.84,2.8,130.16115924740274,37604.99213981748,553.5536679584984,-0.9997249615788338,0.047747419362177204,0.06333539508892792,0.13671116967615624,37604.99213981748,-0.996440489432703,7.0
273.169725894928,426.0,108.44444444444444,16.37037037037037,68.18518518518519,2.888888888888889,130.16115924740274,37604.99213981748,553.5536679584984,-0.9997249615788338,0.047747419362177204,0.06333539508892792,0.13671116967615624,37604.99213981748,-0.996440489432703,7.0
278.27557396888733,435.0,116.55555555555556,16.37037037037037,68.18518518518519,2.888888888888889,130.16115924740274,37604.99213981748,553.5536679584984,-0.9997249615788338,0.047747419362177204,0.06333539508892792,0.13671116967615624,37604.99213981748,-0.996440489432703,7.0
283.441890001297,444.0,120.92307692307692,16.0,65.1923076923077,2.8846153846153846,130.16115924740274,37604.99213981748,553.5536679584984,-0.9997249615788338,0.048079785895171624,0.062389214701929055,0.14789521356524687,37604.99213981748,-0.996440489432703,7.0
288.44199299812317,453.0,125.3076923076923,16.0,65.1923076923077,2.8846153846153846,130.16115924740274,37604.99213981748,568.656817545525,-0.9997249615788338,0.048079785895171624,0.062389214701929055,0.1432705906791251,37604.99213981748,-0.996440489432703,7.0
293.518837928772,462.0,134.30769230769232,16.0,65.1923076923077,2.8846153846153846,130.16115924740274,37604.99213981748,568.656817545525,-0.9997249615788338,0.048079785895171624,0.062389214701929055,0.1432705906791251,37604.99213981748,-0.996440489432703,7.0
298.6106607913971,471.0,143.30769230769232,16.0,65.1923076923077,2.8846153846153846,130.16115924740274,37604.99213981748,568.656817545525,-0.9997249615788338,0.048079785895171624,0.062389214701929055,0.1432705906791251,37604.99213981748,-0.996440489432703,7.0
303.6633059978485,480.0,147.65384615384616,15.923076923076923,67.07692307692308,2.8076923076923075,130.16115924740274,37604.99213981748,568.656817545525,-0.9997249615788338,0.048079785895171624,0.062389214701929055,0.1434528368404902,37604.99213981748,-0.996440489432703,7.0
309.25427198410034,490.0,156.36,15.84,66.76,2.8,130.16115924740274,37604.99213981748,568.656817545525,-0.9997249615788338,0.048079785895171624,0.062389214701929055,0.1434528368404902,37604.99213981748,-0.996440489432703,7.0
314.3774859905243,499.0,169.3913043478261,14.73913043478261,53.30434782608695,2.5652173913043477,130.16115924740274,37604.99213981748,568.656817545525,-0.9997249615788338,0.048079785895171624,0.06168955614202715,0.14787082712229918,37604.99213981748,-0.996440489432703,7.0
319.4703538417816,508.0,177.08695652173913,14.73913043478261,53.30434782608695,2.5652173913043477,130.16115924740274,37604.99213981748,568.656817545525,-0.9997249615788338,0.048079785895171624,0.06168955614202715,0.14787082712229918,37604.99213981748,-0.996440489432703,7.0
324.5601718425751,517.0,185.8695652173913,14.73913043478261,53.30434782608695,2.5652173913043477,130.16115924740274,37604.99213981748,568.656817545525,-0.9997249615788338,0.048079785895171624,0.06168955614202715,0.14787082712229918,37604.99213981748,-0.996440489432703,7.0
329.6037039756775,526.0,189.17391304347825,14.73913043478261,53.30434782608695,2.5652173913043477,130.16115924740274,37604.99213981748,568.656817545525,-0.9997249615788338,0.048079785895171624,0.06168955614202715,0.14787082712229918,37604.99213981748,-0.996440489432703,7.0
334.7352759838104,535.0,188.375,15.208333333333334,54.375,2.6666666666666665,130.16115924740274,37604.99213981748,568.656817545525,-0.9997249615788338,0.048079785895171624,0.06168955614202715,0.1375680327707859,37604.99213981748,-0.996440489432703,7.0
339.8185977935791,544.0,189.04166666666666,15.208333333333334,54.375,2.6666666666666665,130.16115924740274,37604.99213981748,568.656817545525,-0.9997249615788338,0.048079785895171624,0.061692071447668556,0.1375711930325148,37604.99213981748,-0.996440489432703,7.0
344.9891519546509,553.0,196.41666666666666,15.208333333333334,54.375,2.6666666666666665,130.16115924740274,37604.99213981748,568.656817545525,-0.9997249615788338,0.048079785895171624,0.062389214701929055,0.13757264888949078,37604.99213981748,-0.996440489432703,7.0
350.2322738170624,562.0,205.0,15.208333333333334,54.375,2.6666666666666665,130.16115924740274,37604.99213981748,568.656817545525,-0.9997249615788338,0.048079785895171624,0.062389214701929055,0.13757532045894835,37604.99213981748,-0.996440489432703,7.0
355.52887201309204,571.0,201.88,15.24,53.68,2.68,130.16115924740274,37604.99213981748,568.656817545525,-0.9997249615788338,0.048079785895171624,0.062389214701929055,0.13757761063361845,37604.99213981748,-0.996440489432703,7.0
360.85503602027893,580.0,210.32,15.24,53.68,2.68,130.16115924740274,37604.99213981748,568.656817545525,-0.9997249615788338,0.048079785895171624,0.062389214701929055,0.13758170963426758,37604.99213981748,-0.996440489432703,7.0
366.10549998283386,589.0,218.96,15.24,53.68,2.68,130.16115924740274,37604.99213981748,568.656817545525,-0.9997249615788338,0.048079785895171624,0.062389214701929055,0.1375851430390528,37604.99213981748,-0.996440489432703,7.0
371.3468987941742,598.0,227.72,15.24,53.68,2.68,130.16115924740274,37604.99213981748,568.656817545525,-0.9997249615788338,0.048079785895171624,0.062389214701929055,0.1375860171072894,37604.99213981748,-0.996440489432703,7.0
376.64534878730774,607.0,236.2,15.24,53.68,2.68,130.16115924740274,37604.99213981748,568.656817545525,-0.9997249615788338,0.048079785895171624,0.062389214701929055,0.1375886714058937,37604.99213981748,-0.996440489432703,7.0
381.91597294807434,616.0,233.3846153846154,15.615384615384615,56.26923076923077,2.730769230769231,130.16115924740274,37604.99213981748,568.656817545525,-0.9997249615788338,0.048079785895171624,0.062389214701929055,0.13759227743785654,37604.99213981748,-0.996440489432703,7.0
387.1485059261322,625.0,233.80769230769232,15.615384615384615,56.26923076923077,2.730769230769231,130.16115924740274,37604.99213981748,568.656817545525,-0.9997249615788338,0.048079785895171624,0.062389214701929055,0.1375931898765649,37604.99213981748,-0.996440489432703,7.0
392.3281168937683,634.0,241.5,15.615384615384615,56.26923076923077,2.730769230769231,130.16115924740274,37604.99213981748,568.656817545525,-0.9997249615788338,0.048079785895171624,0.062389214701929055,0.1379168971616773,37604.99213981748,-0.996440489432703,7.0
397.6066598892212,643.0,236.96153846153845,15.461538461538462,56.03846153846154,2.730769230769231,130.16115924740274,37604.99213981748,553.3114355346679,-0.9997249615788338,0.048079785895171624,0.062389214701929055,0.13791701924255753,37604.99213981748,-0.996440489432703,7.0
403.04057097435,652.0,245.26923076923077,15.461538461538462,53.38461538461539,2.8076923076923075,130.16115924740274,37604.99213981748,553.3114355346679,-0.9997249615788338,0.048079785895171624,0.062389214701929055,0.1391199007999103,37604.99213981748,-0.996440489432703,7.0
408.39723682403564,661.0,251.83333333333334,14.791666666666666,1.431655819e9,2.75,134.63538477272272,37308.611710918965,553.3114355346679,-0.9997271292698927,0.04835880140019402,0.061805222460941917,0.1442938272789858,37308.611710918965,-0.996440489432703,7.0
413.74291801452637,670.0,260.2916666666667,14.791666666666666,74.125,2.7083333333333335,131.0556149681416,35350.30410457684,553.3114355346679,-0.9997414520978354,0.04835880140019402,0.061805222460941917,0.1442938272789858,35350.30410457684,-0.996440489432703,7.0
418.96522784233093,679.0,269.77272727272725,13.636363636363637,69.13636363636364,2.590909090909091,119.92174069872482,35144.23912962419,581.4200237839123,-0.9997429592324509,0.05888664710448567,0.06492399864105597,0.16073460990160454,35144.23912962419,-0.996440489432703,7.0
424.1805830001831,688.0,260.3478260869565,14.043478260869565,63.04347826086956,2.6956521739130435,115.7764681583295,32287.3439891414,585.4893833505303,-0.9997638542222957,0.05888664710448567,0.06520421706050016,0.16073460990160454,32287.3439891414,-0.9977753058954394,7.0
429.34834384918213,697.0,207.2608695652174,14.26086956521739,68.04347826086956,2.739130434782609,111.5776850144171,31611.241363322082,580.3584358705539,-0.9997687991561508,0.05888664710448567,0.06520421706050016,0.16073460990160454,31611.241363322082,-0.9977753058954394,7.0
434.5854477882385,706.0,224.22727272727272,12.909090909090908,48.86363636363637,2.409090909090909,113.53623803484244,31611.241363322082,580.3584358705539,-0.9997687991561508,0.05888664710448567,0.07254383642475343,0.16073460990160454,31611.241363322082,-0.9977753058954394,7.0
439.7462558746338,715.0,233.13636363636363,12.909090909090908,48.86363636363637,2.409090909090909,113.53623803373206,31611.241363322082,580.3584358705539,-0.9997687991561508,0.05888664710448567,0.07254383642475343,0.16073460990160454,31611.241363322082,-0.9977753058954394,7.0
444.93682384490967,724.0,235.4090909090909,12.909090909090908,49.72727272727273,2.409090909090909,113.53623803373206,31611.241363322082,580.3584358705539,-0.9997687991561508,0.05014209757250691,0.07068560965055895,0.15970069708050896,31611.241363322082,-0.9977753058954394,7.0
450.12837290763855,733.0,234.5909090909091,12.909090909090908,48.40909090909091,2.409090909090909,113.53623803373206,31611.241363322082,498.07362741499765,-0.9997687991561508,0.050699490042601804,0.06955470612773498,0.14177987680446516,31611.241363322082,-0.9977753058954394,7.0
455.2888607978821,742.0,239.45454545454547,12.863636363636363,40.22727272727273,2.4545454545454546,113.65653384639837,30245.156608261375,582.7575684910807,-0.9997787905368912,0.048271024245295086,0.07039859515915609,0.1399446775583131,30245.156608261375,-0.9977753058954394,7.0
460.43695187568665,751.0,234.47826086956522,13.521739130434783,51.04347826086956,2.5652173913043477,110.71098954071196,28177.08773513847,527.2694311284886,-0.9997939161456298,0.048271371398638165,0.07039859515915609,0.13994062009402256,28177.08773513847,-0.9977753058954394,7.0
465.7120258808136,760.0,234.04347826086956,13.521739130434783,50.78260869565217,2.5652173913043477,110.71098954071196,28177.08773513847,527.2694311284886,-0.9997939161456298,0.048275991836241455,0.07039859515915609,0.13995612162770152,28177.08773513847,-0.9977753058954394,7.0
470.90016889572144,769.0,241.34782608695653,13.521739130434783,51.69565217391305,2.5652173913043477,110.17864872962427,27771.754146984702,514.313450519172,-0.9997968807070827,0.04947306934840114,0.06445757742803501,0.14177987680446516,27771.754146984702,-0.9977753058954394,7.0
476.1480128765106,778.0,242.43478260869566,13.521739130434783,52.0,2.5652173913043477,110.17864872962427,27771.754146984702,514.313450519172,-0.9997968807070827,0.04947306934840114,0.06445757742803501,0.14177987680446516,27771.754146984702,-0.9977753058954394,7.0
481.41706681251526,787.0,258.09090909090907,12.909090909090908,46.81818181818182,2.409090909090909,107.05436236976064,27683.848338916665,511.3577138294586,-0.9997975236396639,0.04961140528650924,0.06500319496959082,0.14205750629528588,27683.848338916665,-0.9977753058954394,7.0
486.68342185020447,796.0,266.72727272727275,12.909090909090908,46.81818181818182,2.409090909090909,107.05435932129453,27683.848338916665,511.3577138294586,-0.9997975236396639,0.04961140528650924,0.06500319496959082,0.14205750629528588,27683.848338916665,-0.9977753058954394,7.0
491.92126393318176,805.0,273.09090909090907,12.909090909090908,46.40909090909091,2.409090909090909,107.05435932129453,27683.848338916665,472.20334166880957,-0.9997975236396639,0.04721535503190794,0.07024111723414159,0.13709950548285232,27683.848338916665,-0.9977753058954394,7.0
497.07779598236084,814.0,262.77272727272725,12.909090909090908,46.40909090909091,2.409090909090909,107.05137698677535,27683.848338916665,472.0407738202489,-0.9997975236396639,0.04722055847464988,0.07024111723414159,0.13706472766236766,27683.848338916665,-0.9977753058954394,7.0
502.176255941391,823.0,271.77272727272725,12.909090909090908,46.40909090909091,2.409090909090909,107.05137698677535,27683.848338916665,472.0407738202489,-0.9997975236396639,0.04722055847464988,0.07024111723414159,0.13706472766236766,27683.848338916665,-0.9977753058954394,7.0
507.26388692855835,832.0,280.77272727272725,12.909090909090908,46.40909090909091,2.409090909090909,107.05137698677535,27683.848338916665,472.0407738202489,-0.9997975236396639,0.04722055847464988,0.07024111723414159,0.13706472766236766,27683.848338916665,-0.9977753058954394,7.0
512.3937039375305,841.0,265.9166666666667,13.875,57.208333333333336,2.5833333333333335,106.97632252032825,27683.848338916665,472.0407738202489,-0.9997975236396639,0.044171525884344004,0.0655910913673164,0.13706472766236766,27683.848338916665,-0.9977753058954394,7.0
517.5116739273071,850.0,274.9166666666667,13.875,57.208333333333336,2.5833333333333335,106.97632252032825,27683.848338916665,472.0407738202489,-0.9997975236396639,0.044171525884344004,0.0655910913673164,0.13706472766236766,27683.848338916665,-0.9977753058954394,7.0
522.6862018108368,859.0,280.6666666666667,13.875,57.166666666666664,2.5833333333333335,106.97632252032825,27683.848338916665,472.0407738202489,-0.9997975236396639,0.044171525884344004,0.0655910913673164,0.13706472766236766,27683.848338916665,-0.9977753058954394,7.0
527.864284992218,868.0,282.5416666666667,13.875,57.166666666666664,2.5833333333333335,106.97632252032825,27683.848338916665,472.0407738202489,-0.9997975236396639,0.044171525884344004,0.0655910913673164,0.13706472766236766,27683.848338916665,-0.9977753058954394,7.0
532.9840059280396,877.0,284.7083333333333,13.875,48.583333333333336,2.5833333333333335,104.16023949445204,26652.230216543318,472.0407738202489,-0.9998050687713999,0.044172950243576856,0.06556388918123875,0.13706472766236766,26652.230216543318,-0.9977753058954394,7.0
538.0958027839661,886.0,279.0833333333333,13.875,48.583333333333336,2.5833333333333335,104.16023949445204,26652.230216543318,472.0407738202489,-0.9998050687713999,0.044172950243576856,0.06556388918123875,0.13706472766236766,26652.230216543318,-0.9977753058954394,7.0
543.2900738716125,895.0,287.3478260869565,14.391304347826088,92.1304347826087,2.652173913043478,104.03835097394796,26617.100650067347,472.0407738202489,-0.9998053257048534,0.044172950243576856,0.06556388918123875,0.13706472766236766,26617.100650067347,-0.9977753058954394,7.0
548.3963439464569,904.0,322.14285714285717,13.0,44.42857142857143,2.4285714285714284,104.1102587090191,26604.21765444217,472.0407738202489,-0.9998054199295446,0.044172950243576856,0.06556388918123875,0.13706472766236766,26604.21765444217,-0.9977753058954394,7.0
553.5801029205322,913.0,316.3181818181818,13.681818181818182,63.18181818181818,2.5454545454545454,103.34845155713995,26003.00802904011,461.56075391664854,-0.9998098171049395,0.044172950243576856,0.06556388918123875,0.13706472766236766,26003.00802904011,-0.9977753058954394,7.0
558.6749749183655,922.0,311.17391304347825,14.08695652173913,64.0,2.608695652173913,103.34845155713995,26003.00802904011,461.56075391664854,-0.9998098171049395,0.044172950243576856,0.06556388918123875,0.13468820486441155,26003.00802904011,-0.9977753058954394,7.0
563.8093228340149,931.0,339.04761904761904,13.142857142857142,59.333333333333336,2.4285714285714284,103.34845155713995,26003.00802904011,461.56075391664854,-0.9998098171049395,0.04498218778707889,0.06901789680815482,0.13471305563996028,26003.00802904011,-0.9977753058954394,7.0
568.8873529434204,940.0,347.7142857142857,13.142857142857142,59.333333333333336,2.4285714285714284,103.34845155713995,26003.00802904011,461.56075391664854,-0.9998098171049395,0.04498218777486921,0.06846396173184696,0.1347130556556521,26003.00802904011,-0.9977753058954394,7.0
573.9385678768158,949.0,356.7142857142857,13.142857142857142,59.333333333333336,2.4285714285714284,103.34845155713995,26003.00802904011,461.56075391664854,-0.9998098171049395,0.04498218777486921,0.06846396173184696,0.1347130556556521,26003.00802904011,-0.9977753058954394,7.0
579.486407995224,959.0,363.23809523809524,13.142857142857142,59.333333333333336,2.4285714285714284,103.34845155713995,26003.00802904011,461.56075391664854,-0.9998098171049395,0.04498218777486921,0.06702777834348697,0.1347130556556521,26003.00802904011,-0.9977753058954394,7.0
585.0468549728394,969.0,345.0,13.142857142857142,58.76190476190476,2.4285714285714284,103.34845155713995,26003.00802904011,461.56075391664854,-0.9998098171049395,0.04498218784956878,0.06702777834348697,0.13471305374747686,26003.00802904011,-0.9977753058954394,7.0
590.5754039287567,979.0,347.8095238095238,13.142857142857142,58.904761904761905,2.4285714285714284,103.34845155713995,26003.00802904011,461.56075391664854,-0.9998098171049395,0.04498218784956878,0.0666800415509577,0.13471305374747686,26003.00802904011,-0.9977753058954394,7.0
595.6639778614044,988.0,355.0,13.142857142857142,57.38095238095238,2.4285714285714284,103.34845155713995,26003.00802904011,461.56075391664854,-0.9998098171049395,0.04498218784956878,0.0666800415509577,0.13471305374747686,26003.00802904011,-0.9977753058954394,7.0
600.7286729812622,997.0,319.8,13.6,57.4,2.65,103.34845155713995,26003.00802904011,461.56075391664854,-0.9998098171049395,0.04498218784956878,0.0666800415509577,0.13471305374747686,26003.00802904011,-0.9977753058954394,7.0
605.8082280158997,1006.0,298.0,14.772727272727273,99.31818181818181,2.8181818181818183,101.11806026994763,25874.08486125807,461.56075391664854,-0.9998107600335908,0.044982182069917345,0.06658336484495067,0.13470891696996068,25874.08486125807,-0.9977753058954394,7.0
611.2722728252411,1016.0,308.0,14.772727272727273,99.31818181818181,2.8181818181818183,101.11806026994763,25874.08486125807,461.56075391664854,-0.9998107600335908,0.044982182069917345,0.06658336484495067,0.13470891696996068,25874.08486125807,-0.9977753058954394,7.0
616.6759989261627,1026.0,314.72727272727275,14.772727272727273,99.31818181818181,2.8181818181818183,101.11806026994763,25874.08486125807,461.56075391664854,-0.9998107600335908,0.044982182069917345,0.06658336484495067,0.13470891696996068,25874.08486125807,-0.9977753058954394,7.0
622.1671559810638,1036.0,344.9,13.35,40.6,2.6,102.1110573859174,25028.424260311473,443.03310504504134,-0.9998169450942248,0.044982182069917345,0.06658336484495067,0.13470891696996068,25028.424260311473,-0.9977753058954394,7.0
627.5819709300995,1046.0,352.25,13.35,40.6,2.6,102.1110573859174,25028.424260311473,443.03310504504134,-0.9998169450942248,0.044982182069917345,0.06460270023601387,0.13470891696996068,25028.424260311473,-0.9977753058954394,7.0
633.0722148418427,1056.0,358.2,13.35,41.8,2.6,102.1110573859174,25028.424260311473,443.03310504504134,-0.9998169450942248,0.044982182069917345,0.06441978458050666,0.13470891696996068,25028.424260311473,-0.9977753058954394,7.0
638.1040728092194,1065.0,340.8,13.35,41.8,2.6,102.1110573859174,25028.424260311473,443.03310504504134,-0.9998169450942248,0.044982182069917345,0.06441978458050666,0.13470891696996068,25028.424260311473,-0.9977753058954394,7.0
643.44486784935,1075.0,311.55,13.35,40.6,2.6,102.1110573859174,25028.424260311473,443.03310504504134,-0.9998169450942248,0.044982182069917345,0.06441978458050666,0.13470891696996068,25028.424260311473,-0.9977753058954394,7.0
648.7971098423004,1085.0,332.1578947368421,12.842105263157896,37.473684210526315,2.526315789473684,102.1110573859174,25028.424260311473,443.03310504504134,-0.9998169450942248,0.04497720836340282,0.06441978458050666,0.13472195566784567,25028.424260311473,-0.9977753058954394,7.0
654.2413740158081,1095.0,342.1578947368421,12.842105263157896,37.473684210526315,2.526315789473684,102.1110573859174,25028.424260311473,443.03310504504134,-0.9998169450942248,0.04497720836340282,0.06441978458050666,0.13472195566784567,25028.424260311473,-0.9977753058954394,7.0
659.7148129940033,1105.0,334.6,13.0,37.15,2.55,102.1110573859174,25028.424260311473,443.03310504504134,-0.9998169450942248,0.04497720836340282,0.06441978458050666,0.13472195566784567,25028.424260311473,-0.9977753058954394,7.0
665.2222797870636,1115.0,344.25,13.0,37.15,2.55,102.1110573859174,25028.424260311473,443.03310504504134,-0.9998169450942248,0.04497720836340282,0.06441978458050666,0.13472195566784567,25028.424260311473,-0.9977753058954394,7.0
670.6311647891998,1125.0,330.45,13.0,37.15,2.55,102.1110573859174,25028.424260311473,443.03310504504134,-0.9998169450942248,0.04497720836340282,0.06441978458050666,0.13472195566784567,25028.424260311473,-0.9977753058954394,7.0
676.086807012558,1135.0,340.45,13.0,37.15,2.55,102.1110573859174,25028.424260311473,443.03310504504134,-0.9998169450942248,0.04497720836340282,0.06441978458050666,0.13472195566784567,25028.424260311473,-0.9977753058954394,7.0
681.4786438941956,1145.0,345.05,13.0,37.15,2.55,102.1110573859174,25028.424260311473,443.03310504504134,-0.9998169450942248,0.04497720836340282,0.06598800634326293,0.13472195566784567,25028.424260311473,-0.9977753058954394,7.0
686.8214797973633,1155.0,341.75,13.0,37.15,2.55,102.1110573859174,25028.424260311473,443.03310504504134,-0.9998169450942248,0.04497720836340282,0.06598800634326293,0.13472195566784567,25028.424260311473,-0.9977753058954394,7.0
692.2167220115662,1165.0,329.7142857142857,13.476190476190476,40.142857142857146,2.619047619047619,102.1110573859174,25028.424260311473,443.03310504504134,-0.9998169450942248,0.04360150165624688,0.06598800634326293,0.13472195566784567,25028.424260311473,-0.9982202447163515,7.0
697.5968728065491,1175.0,339.7142857142857,13.476190476190476,40.142857142857146,2.619047619047619,102.1110573859174,25028.424260311473,443.03310504504134,-0.9998169450942248,0.04360150165624688,0.06598800634326293,0.13472195566784567,25028.424260311473,-0.9982202447163515,7.0
702.8676478862762,1185.0,349.7142857142857,13.476190476190476,40.142857142857146,2.619047619047619,102.1110573859174,25028.424260311473,443.03310504504134,-0.9998169450942248,0.04360150165624688,0.06598800634326293,0.13472195566784567,25028.424260311473,-0.9982202447163515,7.0
708.3340718746185,1195.0,357.23809523809524,13.476190476190476,40.142857142857146,2.619047619047619,102.1110573859174,25028.424260311473,443.03310504504134,-0.9998169450942248,0.04360150165624688,0.06586411522189069,0.13472195566784567,25028.424260311473,-0.9982202447163515,7.0
713.636953830719,1205.0,350.54545454545456,14.181818181818182,46.36363636363637,2.772727272727273,102.1110573859174,22149.04608618163,443.03310504504134,-0.9998380045222924,0.04360150165624688,0.06586411522189069,0.13472195566784567,22149.04608618163,-0.9982202447163515,7.0
718.9478969573975,1215.0,355.6818181818182,14.181818181818182,46.36363636363637,2.772727272727273,102.1110573859174,21895.620603477724,443.03310504504134,-0.9998398580460051,0.04360150165624688,0.06586411522189069,0.13472195566784567,21895.620603477724,-0.9982202447163515,7.0
724.2359409332275,1225.0,349.4782608695652,14.73913043478261,66.82608695652173,2.869565217391304,100.38946653894443,21895.620603477724,443.03310504504134,-0.9998398580460051,0.04360150165624688,0.06586411522189069,0.13472195566784567,21895.620603477724,-0.9982202447163515,7.0
729.5801877975464,1235.0,359.2173913043478,14.73913043478261,66.82608695652173,2.869565217391304,100.38946653894443,21895.620603477724,443.03310504504134,-0.9998398580460051,0.04360150165624688,0.06586411522189069,0.13472195566784567,21895.620603477724,-0.9982202447163515,7.0
734.8898859024048,1245.0,362.0,14.73913043478261,66.82608695652173,2.869565217391304,100.38946653894443,21895.620603477724,443.03310504504134,-0.9998398580460051,0.04360150165624688,0.06586411522189069,0.1271297706812342,21895.620603477724,-0.9982202447163515,7.0
740.216136932373,1255.0,372.0,14.73913043478261,66.82608695652173,2.869565217391304,100.38946653894443,21895.620603477724,443.03310504504134,-0.9998398580460051,0.04360150165624688,0.06586411522189069,0.1271297706812342,21895.620603477724,-0.9982202447163515,7.0
745.4953858852386,1265.0,382.0,14.73913043478261,66.82608695652173,2.869565217391304,100.38946653894443,21895.620603477724,443.03310504504134,-0.9998398580460051,0.04360150165624688,0.06586411522189069,0.1271297706812342,21895.620603477724,-0.9982202447163515,7.0
750.8449277877808,1275.0,392.0,14.73913043478261,66.82608695652173,2.869565217391304,100.38946653894443,21895.620603477724,443.03310504504134,-0.9998398580460051,0.04360150165624688,0.06586411522189069,0.1271297706812342,21895.620603477724,-0.9982202447163515,7.0
756.1048138141632,1285.0,402.0,14.73913043478261,66.82608695652173,2.869565217391304,100.38946653894443,21895.620603477724,443.03310504504134,-0.9998398580460051,0.04360150165624688,0.06586411522189069,0.1271297706812342,21895.620603477724,-0.9982202447163515,7.0
761.4373998641968,1295.0,356.4782608695652,14.73913043478261,66.82608695652173,2.869565217391304,100.38946653894443,21895.620603477724,443.03310504504134,-0.9998398580460051,0.04360150165624688,0.06586411522189069,0.1271297706812342,21895.620603477724,-0.9982202447163515,7.0
766.7075169086456,1305.0,348.375,14.791666666666666,65.58333333333333,2.875,100.38946653894443,21895.620603477724,443.03310504504134,-0.9998398580460051,0.04360150165624688,0.06586411522189069,0.1271297706812342,21895.620603477724,-0.9982202447163515,7.0
771.883553981781,1315.0,344.2083333333333,14.791666666666666,65.58333333333333,2.875,100.38946653894443,21895.620603477724,443.03310504504134,-0.9998398580460051,0.04360150165624688,0.06586411522189069,0.1271297706812342,21895.620603477724,-0.9982202447163515,7.0
777.1347138881683,1325.0,339.4,15.32,72.28,2.96,100.38946653894443,21895.620603477724,443.03310504504134,-0.9998398580460051,0.04360150165624688,0.06586411522189069,0.1271297706812342,21895.620603477724,-0.9982202447163515,7.0
782.3899879455566,1335.0,347.76,15.32,72.28,2.96,100.38946653894443,21895.620603477724,443.03310504504134,-0.9998398580460051,0.04360150165624688,0.06586411522189069,0.1271297706812342,21895.620603477724,-0.9982202447163515,7.0
787.7424437999725,1345.0,357.12,15.32,72.28,2.96,100.38946653894443,21895.620603477724,443.03310504504134,-0.9998398580460051,0.04360150165624688,0.06586411522189069,0.1271297706812342,21895.620603477724,-0.9982202447163515,7.0
793.0099217891693,1355.0,355.68,15.32,72.28,2.96,100.38946653894443,21895.620603477724,443.03310504504134,-0.9998398580460051,0.04360150165624688,0.06586411522189069,0.1271297706812342,21895.620603477724,-0.9982202447163515,7.0
798.3285930156708,1365.0,365.68,15.32,72.28,2.96,100.38946653894443,21895.620603477724,443.03310504504134,-0.9998398580460051,0.04360150165624688,0.06586411522189069,0.1271297706812342,21895.620603477724,-0.9982202447163515,7.0
803.6590189933777,1375.0,361.5769230769231,15.615384615384615,72.6923076923077,3.0,100.38946653894443,21895.620603477724,443.03310504504134,-0.9998398580460051,0.04360150165624688,0.06549314150119517,0.1271297706812342,21895.620603477724,-0.9982202447163515,7.0
808.8356218338013,1385.0,375.24,15.32,73.48,2.96,100.38946653894443,21895.620603477724,443.03310504504134,-0.9998398580460051,0.0461387274891159,0.06586411522189069,0.1271297706812342,21895.620603477724,-0.9982202447163515,7.0
814.1554138660431,1395.0,368.44,15.32,73.36,2.96,100.38946653894443,21895.620603477724,443.03310504504134,-0.9998398580460051,0.0461387274891159,0.06586411522189069,0.1271297706812342,21895.620603477724,-0.9982202447163515,7.0
819.4752178192139,1405.0,374.56,15.32,73.36,2.96,100.38946653894443,21895.620603477724,443.03310504504134,-0.9998398580460051,0.0461387274891159,0.06586411522189069,0.1271297706812342,21895.620603477724,-0.9982202447163515,7.0
824.6856989860535,1415.0,384.56,15.32,73.36,2.96,100.38946653894443,21895.620603477724,443.03310504504134,-0.9998398580460051,0.0461387274891159,0.06586411522189069,0.1271297706812342,21895.620603477724,-0.9982202447163515,7.0
829.8935158252716,1425.0,392.8,15.32,73.36,2.96,100.38946653894443,21895.620603477724,443.03310504504134,-0.9998398580460051,0.0461387274891159,0.06586411522189069,0.1271297706812342,21895.620603477724,-0.9982202447163515,7.0
835.0950889587402,1435.0,402.44,15.32,73.36,2.96,100.38946653894443,21895.620603477724,443.03310504504134,-0.9998398580460051,0.0461387274891159,0.06586411522189069,0.1271297706812342,21895.620603477724,-0.9982202447163515,7.0
840.5016579627991,1445.0,412.44,15.32,73.36,2.96,100.38946653894443,21895.620603477724,443.03310504504134,-0.9998398580460051,0.0461387274891159,0.06586411522189069,0.1271297706812342,21895.620603477724,-0.9982202447163515,7.0
845.8399019241333,1455.0,420.48,15.32,73.36,2.96,100.38946653894443,21895.620603477724,443.03310504504134,-0.9998398580460051,0.0461387274891159,0.06586411522189069,0.1271297706812342,21895.620603477724,-0.9982202447163515,7.0
851.1277358531952,1465.0,420.24,15.32,73.36,2.96,100.38946653894443,20545.161925328244,398.9297884631669,-0.9998497351394854,0.0461387274891159,0.06586411522189069,0.1271297706812342,20545.161925328244,-0.9982202447163515,7.0
856.4566788673401,1475.0,430.8695652173913,14.26086956521739,48.52173913043478,2.782608695652174,103.82208085358226,20517.041942004496,397.4858412331105,-0.9998499408056849,0.0461387274891159,0.06586411522189069,0.1271297706812342,20517.041942004496,-0.9977753058954394,7.0
861.8227469921112,1485.0,425.9130434782609,14.26086956521739,48.52173913043478,2.782608695652174,103.82208085358226,20515.993661199172,397.5263480854346,-0.9998499484726855,0.0461387274891159,0.06586411522189069,0.1271297706812342,20515.993661199172,-0.9977753058954394,7.0
867.9548668861389,1492.0,432.9130434782609,14.26086956521739,48.52173913043478,2.782608695652174,103.82208085358226,20515.993661199172,397.5263480854346,-0.9998499484726855,0.0461387274891159,0.06586411522189069,0.1271297706812342,20515.993661199172,-0.9977753058954394,7.0
873.3869888782501,1502.0,421.9583333333333,14.833333333333334,56.208333333333336,2.875,103.71326498734471,20515.993661199172,397.5263480854346,-0.9998499484726855,0.0461387274891159,0.06586411522189069,0.1271297706812342,20515.993661199172,-0.9982202447163515,7.0
878.9374189376831,1512.0,431.9583333333333,14.833333333333334,56.208333333333336,2.875,103.71326498734471,20515.993661199172,397.5263480854346,-0.9998499484726855,0.0461387274891159,0.06586411522189069,0.1271297706812342,20515.993661199172,-0.9982202447163515,7.0
884.4644060134888,1522.0,441.9583333333333,14.833333333333334,56.208333333333336,2.875,103.71326498734471,20515.993661199172,397.5263480854346,-0.9998499484726855,0.0461387274891159,0.06586411522189069,0.1271297706812342,20515.993661199172,-0.9982202447163515,7.0
889.980673789978,1532.0,450.7916666666667,14.833333333333334,58.333333333333336,2.875,103.71326498734471,20515.993661199172,397.5263480854346,-0.9998499484726855,0.0461387274891159,0.06586411522189069,0.1271297706812342,20515.993661199172,-0.9982202447163515,7.0
895.493745803833,1542.0,458.2173913043478,14.26086956521739,50.73913043478261,2.782608695652174,108.12537698139494,20515.993661199172,397.5263480854346,-0.9998499484726855,0.0461387274891159,0.06586411522189069,0.1271297706812342,20515.993661199172,-0.9982202447163515,7.0
900.9599258899689,1552.0,447.4782608695652,14.26086956521739,50.73913043478261,2.782608695652174,108.12537698139494,20515.993661199172,397.5263480854346,-0.9998499484726855,0.0461387274891159,0.06586411522189069,0.1271297706812342,20515.993661199172,-0.9982202447163515,7.0
906.4914858341217,1562.0,457.4782608695652,14.26086956521739,50.73913043478261,2.782608695652174,108.12537698139494,20515.993661199172,397.5263480854346,-0.9998499484726855,0.0461387274891159,0.06586411522189069,0.1271297706812342,20515.993661199172,-0.9982202447163515,7.0
912.0524590015411,1572.0,463.4782608695652,14.26086956521739,50.73913043478261,2.782608695652174,108.0479596307709,20411.399346963597,400.8593026132239,-0.9998507134630076,0.0461387274891159,0.06586411522189069,0.1271297706812342,20411.399346963597,-0.9982202447163515,7.0
917.0700747966766,1581.0,472.4782608695652,14.26086956521739,50.73913043478261,2.782608695652174,108.0479596307709,20411.399346963597,400.8593026132239,-0.9998507134630076,0.0461387274891159,0.06586411522189069,0.1271297706812342,20411.399346963597,-0.9982202447163515,7.0
922.6328458786011,1591.0,482.4782608695652,14.26086956521739,50.73913043478261,2.782608695652174,108.0479596307709,20411.399346963597,400.8593026132239,-0.9998507134630076,0.0461387274891159,0.06586411522189069,0.1271297706812342,20411.399346963597,-0.9982202447163515,7.0
927.6537628173828,1600.0,491.4782608695652,14.26086956521739,50.73913043478261,2.782608695652174,108.0479596307709,20411.399346963597,400.8593026132239,-0.9998507134630076,0.0461387274891159,0.06586411522189069,0.1271297706812342,20411.399346963597,-0.9982202447163515,7.0
933.1772248744965,1610.0,499.7391304347826,14.26086956521739,50.73913043478261,2.782608695652174,105.88574355254312,19773.739183988746,441.1143844864755,-0.9998553772332808,0.0461387274891159,0.06586411522189069,0.1271297706812342,19773.739183988746,-0.9982202447163515,7.0
938.6740388870239,1620.0,509.7391304347826,14.26086956521739,50.73913043478261,2.782608695652174,105.88574355254312,19773.739183988746,441.1143844864755,-0.9998553772332808,0.0461387274891159,0.06586411522189069,0.1271297706812342,19773.739183988746,-0.9982202447163515,7.0
943.7843890190125,1629.0,518.0869565217391,14.26086956521739,50.73913043478261,2.782608695652174,103.12791872468743,18357.646759899173,392.7843015262124,-0.9998657343641398,0.0461387274891159,0.06586411522189069,0.1271297706812342,18357.646759899173,-0.9982202447163515,7.0
948.8477609157562,1638.0,522.7826086956521,14.26086956521739,50.73913043478261,2.782608695652174,103.12791872468743,18357.646759899173,392.7843015262124,-0.9998657343641398,0.0461387274891159,0.06586411522189069,0.1271297706812342,18357.646759899173,-0.9982202447163515,7.0
954.4107818603516,1648.0,532.7826086956521,14.26086956521739,50.73913043478261,2.782608695652174,103.12791872468743,18357.646759899173,392.7843015262124,-0.9998657343641398,0.0461387274891159,0.06586411522189069,0.1271297706812342,18357.646759899173,-0.9982202447163515,7.0
959.4209499359131,1657.0,541.7826086956521,14.26086956521739,50.73913043478261,2.782608695652174,103.12791872468743,18357.646759899173,392.7843015262124,-0.9998657343641398,0.0461387274891159,0.06586411522189069,0.1271297706812342,18357.646759899173,-0.9982202447163515,7.0
964.9775099754333,1667.0,551.7826086956521,14.26086956521739,50.73913043478261,2.782608695652174,103.12791872468743,18357.646759899173,392.7843015262124,-0.9998657343641398,0.0461387274891159,0.06586411522189069,0.1271297706812342,18357.646759899173,-0.9982202447163515,7.0
970.0845170021057,1676.0,560.7826086956521,14.26086956521739,50.73913043478261,2.782608695652174,103.12791872468743,18357.646759899173,392.7843015262124,-0.9998657343641398,0.0461387274891159,0.06586411522189069,0.1271297706812342,18357.646759899173,-0.9982202447163515,7.0
975.1998488903046,1685.0,569.7826086956521,14.26086956521739,50.73913043478261,2.782608695652174,103.12791872468743,18357.646759899173,392.7843015262124,-0.9998657343641398,0.0461387274891159,0.06586411522189069,0.1271297706812342,18357.646759899173,-0.9982202447163515,7.0
980.250326871872,1694.0,578.7826086956521,14.26086956521739,50.73913043478261,2.782608695652174,103.12791872468743,18357.646759899173,392.7843015262124,-0.9998657343641398,0.0461387274891159,0.06586411522189069,0.1271297706812342,18357.646759899173,-0.9982202447163515,7.0
985.320464849472,1703.0,587.7826086956521,14.26086956521739,50.73913043478261,2.782608695652174,103.12791872468743,18357.646759899173,392.7843015262124,-0.9998657343641398,0.0461387274891159,0.06586411522189069,0.1271297706812342,18357.646759899173,-0.9982202447163515,7.0
990.8740229606628,1713.0,593.8695652173913,14.26086956521739,50.73913043478261,2.782608695652174,103.12786693834438,18357.640850847987,392.7839698740372,-0.9998657344073579,0.0461387274891159,0.06586411522189069,0.1271297706812342,18357.640850847987,-0.9982202447163515,7.0
996.0205149650574,1722.0,595.0434782608696,14.26086956521739,50.73913043478261,2.782608695652174,103.12786693834438,18357.640850847987,392.7839698740372,-0.9998657344073579,0.0461387274891159,0.06586411522189069,0.1271297706812342,18357.640850847987,-0.9982202447163515,7.0
1001.1066279411316,1731.0,588.9565217391304,14.26086956521739,50.30434782608695,2.782608695652174,103.12786693834438,18357.640850847987,392.7839698740372,-0.9998657344073579,0.0461387274891159,0.06586411522189069,0.1271297706812342,18357.640850847987,-0.9982202447163515,7.0
1006.2410809993744,1740.0,570.0,14.26086956521739,47.73913043478261,2.782608695652174,103.12786693834438,18357.640850847987,392.7839698740372,-0.9998657344073579,0.0461387274891159,0.06586411522189069,0.1271297706812342,18357.640850847987,-0.9982202447163515,7.0
1011.4178597927094,1749.0,578.7826086956521,14.26086956521739,47.73913043478261,2.782608695652174,103.12786693834438,18357.640850847987,392.7839698740372,-0.9998657344073579,0.0461387274891159,0.06586411522189069,0.1271297706812342,18357.640850847987,-0.9982202447163515,7.0
1016.5640518665314,1758.0,587.7826086956521,14.26086956521739,47.73913043478261,2.782608695652174,103.12786693834438,18357.640850847987,392.7839698740372,-0.9998657344073579,0.0461387274891159,0.06586411522189069,0.1271297706812342,18357.640850847987,-0.9982202447163515,7.0
1022.1136388778687,1768.0,597.7826086956521,14.26086956521739,47.73913043478261,2.782608695652174,103.12786693834438,18357.640850847987,392.7839698740372,-0.9998657344073579,0.0461387274891159,0.06586411522189069,0.1271297706812342,18357.640850847987,-0.9982202447163515,7.0
1027.243656873703,1777.0,583.5652173913044,14.26086956521739,48.65217391304348,2.782608695652174,103.12786693834438,18357.640850847987,392.7839698740372,-0.9998657344073579,0.05023451353781464,0.06586411522189069,0.15528195479092294,18357.640850847987,-0.9982202447163515,7.0
1032.2640488147736,1786.0,592.5652173913044,14.26086956521739,48.65217391304348,2.782608695652174,103.12786693834438,18357.640850847987,392.7839698740372,-0.9998657344073579,0.05023451353781464,0.06586411522189069,0.15528195479092294,18357.640850847987,-0.9982202447163515,7.0
1037.8130559921265,1796.0,601.9130434782609,14.26086956521739,48.65217391304348,2.782608695652174,103.12786693834438,18357.640850847987,392.7839698740372,-0.9998657344073579,0.05023451353781464,0.06586411522189069,0.15528195479092294,18357.640850847987,-0.9982202447163515,7.0
1043.3538568019867,1806.0,611.9130434782609,14.26086956521739,48.65217391304348,2.782608695652174,103.12786693834438,18357.640850847987,392.7839698740372,-0.9998657344073579,0.05023451353781464,0.06586411522189069,0.15528195479092294,18357.640850847987,-0.9982202447163515,7.0
1048.3886778354645,1815.0,620.9130434782609,14.26086956521739,48.65217391304348,2.782608695652174,103.12786693834438,18357.640850847987,392.7839698740372,-0.9998657344073579,0.05023451353781464,0.06586411522189069,0.15528195479092294,18357.640850847987,-0.9982202447163515,7.0
1053.8502519130707,1825.0,614.4347826086956,14.26086956521739,48.65217391304348,2.782608695652174,103.12786693834438,18357.640850847987,392.7839698740372,-0.9998657344073579,0.05023451353781464,0.06586411522189069,0.15528195479092294,18357.640850847987,-0.9982202447163515,7.0
1059.3799269199371,1835.0,624.4347826086956,14.26086956521739,48.65217391304348,2.782608695652174,103.12786693834438,18357.640850847987,392.7839698740372,-0.9998657344073579,0.05023451353781464,0.06586411522189069,0.15528195479092294,18357.640850847987,-0.9982202447163515,7.0
1064.8975110054016,1845.0,634.4347826086956,14.26086956521739,48.65217391304348,2.782608695652174,103.12786693834438,18357.640850847987,392.7839698740372,-0.9998657344073579,0.05023451353781464,0.06586411522189069,0.15528195479092294,18357.640850847987,-0.9982202447163515,7.0
1070.3266069889069,1855.0,643.2173913043479,14.26086956521739,48.65217391304348,2.782608695652174,103.12786693834438,18357.640850847987,392.7839698740372,-0.9998657344073579,0.05023451353781464,0.06586411522189069,0.15528195479092294,18357.640850847987,-0.9982202447163515,7.0
1075.8005378246307,1865.0,623.2083333333334,14.833333333333334,54.583333333333336,2.875,103.12786693834438,18357.640850847987,392.7839698740372,-0.9998657344073579,0.05023451353781464,0.06586411522189069,0.15528195479092294,18357.640850847987,-0.9982202447163515,7.0
1081.212368965149,1875.0,632.9166666666666,14.833333333333334,54.583333333333336,2.875,103.12786693834438,18357.640850847987,392.7839698740372,-0.9998657344073579,0.05023451353781464,0.06586411522189069,0.15528195479092294,18357.640850847987,-0.9982202447163515,7.0
1086.6478099822998,1885.0,642.9166666666666,14.833333333333334,54.583333333333336,2.875,103.12786693834438,18357.640850847987,392.7839698740372,-0.9998657344073579,0.05023451353781464,0.06586411522189069,0.15528195479092294,18357.640850847987,-0.9982202447163515,7.0
1092.0853159427643,1895.0,646.2916666666666,14.833333333333334,54.375,2.875,103.12786693834438,18357.640850847987,392.7839698740372,-0.9998657344073579,0.05025338687990673,0.06586411522189069,0.15546960249989794,18357.640850847987,-0.9982202447163515,7.0
1097.5193209648132,1905.0,656.2916666666666,14.833333333333334,54.375,2.875,103.12786693834438,18357.640850847987,392.7839698740372,-0.9998657344073579,0.05025338687990673,0.06586411522189069,0.15546960249989794,18357.640850847987,-0.9982202447163515,7.0
1102.8539979457855,1915.0,639.8,14.76,53.32,2.84,103.12786693834438,18357.640850847987,392.7839698740372,-0.9998657344073579,0.05025338687990673,0.06586411522189069,0.15546960249989794,18357.640850847987,-0.9982202447163515,7.0
1108.3314378261566,1925.0,649.8,14.76,53.32,2.84,103.12786693834438,18357.640850847987,392.7839698740372,-0.9998657344073579,0.05025338687990673,0.06586411522189069,0.15546960249989794,18357.640850847987,-0.9982202447163515,7.0
1113.7865388393402,1935.0,659.12,14.76,53.32,2.84,103.12786693834438,18357.640850847987,392.7839698740372,-0.9998657344073579,0.05025338687990673,0.06586411522189069,0.15546960249989794,18357.640850847987,-0.9982202447163515,7.0
1119.1244859695435,1945.0,668.68,14.76,53.32,2.84,103.12786693834438,18357.640850847987,392.7839698740372,-0.9998657344073579,0.05025338687990673,0.06586411522189069,0.15546960249989794,18357.640850847987,-0.9982202447163515,7.0
1124.5459198951721,1955.0,678.68,14.76,53.32,2.84,103.12786693834438,18357.640850847987,392.7839698740372,-0.9998657344073579,0.05025338687990673,0.06586411522189069,0.15546960249989794,18357.640850847987,-0.9982202447163515,7.0
1129.9605469703674,1965.0,688.68,14.76,53.32,2.84,103.12786693834438,18357.640850847987,392.7839698740372,-0.9998657344073579,0.05025338687990673,0.06586411522189069,0.15546960249989794,18357.640850847987,-0.9982202447163515,7.0
1135.3083629608154,1975.0,698.68,14.76,53.32,2.84,103.12786693834438,18357.640850847987,392.7839698740372,-0.9998657344073579,0.05025338687990673,0.06586411522189069,0.15546960249989794,18357.640850847987,-0.9982202447163515,7.0
1140.6844899654388,1985.0,703.4,14.76,53.32,2.84,103.12786693834438,18357.640850847987,392.7839698740372,-0.9998657344073579,0.051630867191113,0.06458918670283273,0.1607586189014579,18357.640850847987,-0.9982202447163515,7.0
1146.1109528541565,1995.0,713.2,14.76,53.32,2.84,103.12786693834438,18357.640850847987,392.7839698740372,-0.9998657344073579,0.051630867191113,0.06458918670283273,0.1607586189014579,18357.640850847987,-0.9982202447163515,7.0
1151.5359678268433,2005.0,696.8,14.76,53.04,2.84,103.12786693834438,18357.640850847987,392.7839698740372,-0.9998657344073579,0.051630867191113,0.06458918670283273,0.1607586189014579,18357.640850847987,-0.9982202447163515,7.0
1156.9194049835205,2015.0,706.8,14.76,53.04,2.84,103.12786693834438,18357.640850847987,392.7839698740372,-0.9998657344073579,0.051630867191113,0.06458918670283273,0.1607586189014579,18357.640850847987,-0.9982202447163515,7.0
1162.291589975357,2025.0,716.8,14.76,53.04,2.84,103.12786693834438,18357.640850847987,392.7839698740372,-0.9998657344073579,0.051630867191113,0.06458918670283273,0.1607586189014579,18357.640850847987,-0.9982202447163515,7.0
1167.707641839981,2035.0,725.52,14.76,53.04,2.84,103.12786693834438,18357.640850847987,392.7839698740372,-0.9998657344073579,0.051630867191113,0.06458918670283273,0.1607586189014579,18357.640850847987,-0.9982202447163515,7.0
1173.0598068237305,2045.0,722.28,14.76,53.04,2.84,101.66220074899448,18178.038028928822,414.96113341885666,-0.9998670480009466,0.051630867191113,0.06458918670283273,0.1607586189014579,18178.038028928822,-0.9982202447163515,7.0
1178.4119458198547,2055.0,729.36,14.76,53.24,2.84,101.66220074899448,18178.038028928822,414.96113341885666,-0.9998670480009466,0.05190957030200607,0.06416292795761064,0.1607586189014579,18178.038028928822,-0.9982202447163515,7.0
1183.7586719989777,2065.0,739.36,14.76,53.24,2.84,101.66220074899448,18178.038028928822,414.96113341885666,-0.9998670480009466,0.05190957030200607,0.06416292795761064,0.1607586189014579,18178.038028928822,-0.9982202447163515,7.0
1189.1059517860413,2075.0,749.36,14.76,53.24,2.84,101.66220074899448,18178.038028928822,414.96113341885666,-0.9998670480009466,0.05190957030200607,0.06416292795761064,0.1607586189014579,18178.038028928822,-0.9982202447163515,7.0
1194.4526419639587,2085.0,758.52,14.76,53.24,2.84,101.66220074899448,18178.038028928822,414.96113341885666,-0.9998670480009466,0.051897309457698125,0.06420281033351444,0.1607586189014579,18178.038028928822,-0.9982202447163515,7.0
1199.764703989029,2095.0,746.88,14.76,53.24,2.84,101.66220074899448,18178.038028928822,414.96113341885666,-0.9998670480009466,0.051897309457698125,0.06420281033351444,0.1607586189014579,18178.038028928822,-0.9982202447163515,7.0
1205.1340799331665,2105.0,718.16,14.76,53.24,2.84,101.66220074899448,18178.038028928822,414.96113341885666,-0.9998670480009466,0.051897309457698125,0.06420281033351444,0.1607586189014579,18178.038028928822,-0.9982202447163515,7.0
1210.5065348148346,2115.0,728.16,14.76,53.24,2.84,101.66220074899448,18178.038028928822,414.96113341885666,-0.9998670480009466,0.051897309457698125,0.06420281033351444,0.1607586189014579,18178.038028928822,-0.9982202447163515,7.0
1215.9105308055878,2125.0,718.72,14.76,53.24,2.84,101.66220074899448,18178.038028928822,414.96113341885666,-0.9998670480009466,0.051897309457698125,0.06420281033351444,0.1607586189014579,18178.038028928822,-0.9982202447163515,7.0
1221.3048899173737,2135.0,689.88,14.76,53.24,2.84,101.66220074899448,18178.038028928822,414.96113341885666,-0.9998670480009466,0.051897309457698125,0.06420281033351444,0.1607586189014579,18178.038028928822,-0.9982202447163515,7.0
1226.6496448516846,2145.0,694.28,14.76,53.24,2.84,101.66220074899448,18178.038028928822,414.96113341885666,-0.9998670480009466,0.051897309457698125,0.06420281033351444,0.1607586189014579,18178.038028928822,-0.9982202447163515,7.0
1231.9492769241333,2155.0,704.28,14.76,53.24,2.84,101.66220074899448,18178.038028928822,414.96113341885666,-0.9998670480009466,0.051897309457698125,0.06420281033351444,0.1607586189014579,18178.038028928822,-0.9982202447163515,7.0
1237.3089108467102,2165.0,697.24,14.76,53.24,2.84,101.66220074899448,18178.038028928822,414.96113341885666,-0.9998670480009466,0.051897309457698125,0.06420281033351444,0.1607586189014579,18178.038028928822,-0.9982202447163515,7.0
1242.6346588134766,2175.0,707.24,14.76,53.24,2.84,101.66220074899448,18178.038028928822,414.96113341885666,-0.9998670480009466,0.051897309457698125,0.06420281033351444,0.1607586189014579,18178.038028928822,-0.9982202447163515,7.0
1248.0201539993286,2185.0,714.72,14.76,53.24,2.84,101.66220074899448,18178.038028928822,414.96113341885666,-0.9998670480009466,0.051897309457698125,0.06420281033351444,0.1607586189014579,18178.038028928822,-0.9982202447163515,7.0
1253.3836498260498,2195.0,705.84,14.76,53.56,2.84,101.66220074899448,18178.038028928822,414.96113341885666,-0.9998670480009466,0.051897309457698125,0.06420281033351444,0.1607586189014579,18178.038028928822,-0.9977753058954394,7.0
1258.8008790016174,2205.0,713.64,14.76,53.56,2.84,101.66220074899448,18178.038028928822,414.96113341885666,-0.9998670480009466,0.051897309457698125,0.06420281033351444,0.1607586189014579,18178.038028928822,-0.9977753058954394,7.0
1264.217141866684,2215.0,723.64,14.76,53.56,2.84,101.66220074899448,18178.038028928822,414.96113341885666,-0.9998670480009466,0.051897309457698125,0.06420281033351444,0.1607586189014579,18178.038028928822,-0.9977753058954394,7.0
1269.597737789154,2225.0,733.64,14.76,53.56,2.84,101.66220074899448,18178.038028928822,414.96113341885666,-0.9998670480009466,0.051897309457698125,0.06420281033351444,0.1607586189014579,18178.038028928822,-0.9977753058954394,7.0
1274.953813791275,2235.0,741.84,14.76,53.56,2.84,101.66220074899448,18178.038028928822,414.96113341885666,-0.9998670480009466,0.051897309457698125,0.06420281033351444,0.1607586189014579,18178.038028928822,-0.9977753058954394,7.0
1280.3061299324036,2245.0,751.84,14.76,53.56,2.84,101.66220074899448,18178.038028928822,414.96113341885666,-0.9998670480009466,0.051897309457698125,0.06420281033351444,0.1607586189014579,18178.038028928822,-0.9977753058954394,7.0
1285.5912408828735,2255.0,761.84,14.76,53.56,2.84,101.66220074899448,18178.038028928822,414.96113341885666,-0.9998670480009466,0.051897309457698125,0.06420281033351444,0.1607586189014579,18178.038028928822,-0.9977753058954394,7.0
1290.935308933258,2265.0,767.88,14.76,53.56,2.84,101.66220074899448,18178.038028928822,414.96113341885666,-0.9998670480009466,0.051897309457698125,0.06420281033351444,0.1607586189014579,18178.038028928822,-0.9977753058954394,7.0
1296.2692058086395,2275.0,777.88,14.76,53.56,2.84,101.66220074899448,18178.038028928822,414.96113341885666,-0.9998670480009466,0.051897309457698125,0.06420281033351444,0.1607586189014579,18178.038028928822,-0.9977753058954394,7.0
1301.5157618522644,2285.0,783.08,14.76,53.56,2.84,101.66220074899448,18178.038028928822,414.96113341885666,-0.9998670480009466,0.051897309457698125,0.06420281033351444,0.1607586189014579,18178.038028928822,-0.9977753058954394,7.0
1306.844022989273,2295.0,793.08,14.76,53.56,2.84,101.66220074899448,18178.038028928822,414.96113341885666,-0.9998670480009466,0.051897309457698125,0.06420281033351444,0.1607586189014579,18178.038028928822,-0.9977753058954394,7.0
1312.1992678642273,2305.0,803.08,14.76,53.56,2.84,101.66220074899448,18178.038028928822,414.96113341885666,-0.9998670480009466,0.051897309457698125,0.06420281033351444,0.1607586189014579,18178.038028928822,-0.9977753058954394,7.0
1317.51917886734,2315.0,813.08,14.76,53.56,2.84,101.66220074899448,18178.038028928822,414.96113341885666,-0.9998670480009466,0.051897309457698125,0.06420281033351444,0.1607586189014579,18178.038028928822,-0.9977753058954394,7.0
1322.7755029201508,2325.0,823.08,14.76,53.56,2.84,101.66220074899448,18178.038028928822,414.96113341885666,-0.9998670480009466,0.051897309457698125,0.06420281033351444,0.1607586189014579,18178.038028928822,-0.9977753058954394,7.0
1328.0532479286194,2335.0,833.08,14.76,53.56,2.84,101.66220074899448,18178.038028928822,414.96113341885666,-0.9998670480009466,0.051897309457698125,0.06420281033351444,0.1607586189014579,18178.038028928822,-0.9977753058954394,7.0
1333.3164739608765,2345.0,843.08,14.76,53.56,2.84,101.66220074899448,18178.038028928822,414.96113341885666,-0.9998670480009466,0.051897309457698125,0.06420281033351444,0.1607586189014579,18178.038028928822,-0.9977753058954394,7.0
1338.5413899421692,2355.0,794.4,14.76,53.56,2.84,101.66220074899448,18178.038028928822,414.96113341885666,-0.9998670480009466,0.051897309457698125,0.06420281033351444,0.1607586189014579,18178.038028928822,-0.9977753058954394,7.0
1343.8916149139404,2365.0,799.12,14.76,53.56,2.84,101.66220074899448,18178.038028928822,414.96113341885666,-0.9998670480009466,0.051897309457698125,0.06420281033351444,0.1607586189014579,18178.038028928822,-0.9982202447163515,7.0
1349.1647019386292,2375.0,809.04,14.76,53.56,2.84,101.66220074899448,18178.038028928822,414.96113341885666,-0.9998670480009466,0.051897309457698125,0.06420281033351444,0.1607586189014579,18178.038028928822,-0.9982202447163515,7.0
1354.4417889118195,2385.0,819.04,14.76,53.56,2.84,101.66220074899448,18178.038028928822,414.96113341885666,-0.9998670480009466,0.051897309457698125,0.06420281033351444,0.1607586189014579,18178.038028928822,-0.9982202447163515,7.0
1359.7478399276733,2395.0,780.96,14.76,52.84,2.84,101.66220074899448,18178.038028928822,414.96113341885666,-0.9998670480009466,0.051897309457698125,0.06420281033351444,0.1607586189014579,18178.038028928822,-0.9982202447163515,7.0
1365.1028079986572,2405.0,771.12,14.76,53.84,2.84,98.45425183427899,18083.41856120894,411.87392798925157,-0.9998677400364326,0.051897309457698125,0.06420281033351444,0.1607586189014579,18083.41856120894,-0.9982202447163515,7.0
1370.3244099617004,2415.0,781.12,14.76,53.84,2.84,98.45425183427899,18083.41856120894,411.87392798925157,-0.9998677400364326,0.051897309457698125,0.06420281033351444,0.1607586189014579,18083.41856120894,-0.9982202447163515,7.0
1375.611006975174,2425.0,782.24,14.76,53.84,2.84,98.45425183427899,18083.41856120894,411.87392798925157,-0.9998677400364326,0.051897309457698125,0.06420281033351444,0.1607586189014579,18083.41856120894,-0.9982202447163515,7.0
1380.8707258701324,2435.0,792.24,14.76,53.84,2.84,98.45425183427899,18083.41856120894,411.87392798925157,-0.9998677400364326,0.051897309457698125,0.06420281033351444,0.1607586189014579,18083.41856120894,-0.9982202447163515,7.0
1386.209448814392,2445.0,771.5384615384615,15.26923076923077,61.34615384615385,2.923076923076923,98.45425183427899,18083.41856120894,411.87392798925157,-0.9998677400364326,0.051897309457698125,0.06420281033351444,0.1607586189014579,18083.41856120894,-0.9982202447163515,7.0
1391.5322959423065,2455.0,781.5384615384615,15.26923076923077,61.34615384615385,2.923076923076923,98.45425183427899,18083.41856120894,411.87392798925157,-0.9998677400364326,0.051897309457698125,0.06420281033351444,0.1607586189014579,18083.41856120894,-0.9982202447163515,7.0
1396.8639459609985,2465.0,763.8076923076923,15.26923076923077,63.30769230769231,2.923076923076923,98.45425183427899,18083.41856120894,411.87392798925157,-0.9998677400364326,0.051897309457698125,0.06420281033351444,0.1607586189014579,18083.41856120894,-0.9982202447163515,7.0
1402.175400018692,2475.0,773.8076923076923,15.26923076923077,63.30769230769231,2.923076923076923,98.45425183427899,18083.41856120894,411.87392798925157,-0.9998677400364326,0.051897309457698125,0.06420281033351444,0.1607586189014579,18083.41856120894,-0.9982202447163515,7.0
1407.547376871109,2485.0,783.8076923076923,15.26923076923077,63.30769230769231,2.923076923076923,98.45425183427899,18083.41856120894,411.87392798925157,-0.9998677400364326,0.051897309457698125,0.06420281033351444,0.1607586189014579,18083.41856120894,-0.9982202447163515,7.0
1412.9680387973785,2495.0,793.8076923076923,15.26923076923077,63.30769230769231,2.923076923076923,98.45425183427899,18083.41856120894,411.87392798925157,-0.9998677400364326,0.051897309457698125,0.06420281033351444,0.1607586189014579,18083.41856120894,-0.9982202447163515,7.0
1418.336077928543,2505.0,785.8846153846154,15.26923076923077,64.03846153846153,2.923076923076923,98.15729122283541,18029.078415054908,424.1971738357124,-0.9998681374737716,0.051897309457698125,0.06420281033351444,0.1607586189014579,18029.078415054908,-0.9982202447163515,7.0
1423.63236784935,2515.0,763.0769230769231,15.26923076923077,64.03846153846153,2.923076923076923,98.15729122283541,18029.078415054908,424.1971738357124,-0.9998681374737716,0.051897309457698125,0.06420281033351444,0.1607586189014579,18029.078415054908,-0.9982202447163515,7.0
1428.8835909366608,2525.0,765.3846153846154,15.26923076923077,64.03846153846153,2.923076923076923,98.15729122283541,18029.078415054908,424.1971738357124,-0.9998681374737716,0.051897309457698125,0.06420281033351444,0.1607586189014579,18029.078415054908,-0.9982202447163515,7.0
1434.196121931076,2535.0,775.3846153846154,15.26923076923077,64.03846153846153,2.923076923076923,98.15729122283541,18029.078415054908,424.1971738357124,-0.9998681374737716,0.051897309457698125,0.06420281033351444,0.1607586189014579,18029.078415054908,-0.9982202447163515,7.0
1439.4893498420715,2545.0,785.3846153846154,15.26923076923077,64.03846153846153,2.923076923076923,98.15729122283541,18029.078415054908,424.1971738357124,-0.9998681374737716,0.051897309457698125,0.06420281033351444,0.1607586189014579,18029.078415054908,-0.9982202447163515,7.0
1444.7780787944794,2555.0,795.3846153846154,15.26923076923077,64.03846153846153,2.923076923076923,98.15729122283541,18029.078415054908,424.1971738357124,-0.9998681374737716,0.051897309457698125,0.06420281033351444,0.1607586189014579,18029.078415054908,-0.9982202447163515,7.0
1450.1351199150085,2565.0,805.3846153846154,15.26923076923077,64.03846153846153,2.923076923076923,98.15729122283541,18029.078415054908,424.1971738357124,-0.9998681374737716,0.051897309457698125,0.06420281033351444,0.1607586189014579,18029.078415054908,-0.9982202447163515,7.0
1455.4750468730927,2575.0,815.3846153846154,15.26923076923077,64.03846153846153,2.923076923076923,98.15729122283541,18029.078415054908,424.1971738357124,-0.9998681374737716,0.051897309457698125,0.06420281033351444,0.1607586189014579,18029.078415054908,-0.9982202447163515,7.0
1460.8119869232178,2585.0,814.2307692307693,15.26923076923077,64.03846153846153,2.923076923076923,98.15729122283541,18029.078415054908,424.1971738357124,-0.9998681374737716,0.051897309457698125,0.06420281033351444,0.1607586189014579,18029.078415054908,-0.9982202447163515,7.0
1466.1459608078003,2595.0,820.9230769230769,15.26923076923077,64.03846153846153,2.923076923076923,98.15729122283541,18029.078415054908,424.1971738357124,-0.9998681374737716,0.051897309457698125,0.06420281033351444,0.1607586189014579,18029.078415054908,-0.9982202447163515,7.0
1471.5612349510193,2605.0,810.6538461538462,15.26923076923077,63.88461538461539,2.923076923076923,98.15729122283541,18029.078415054908,424.1971738357124,-0.9998681374737716,0.051914774249725536,0.0641975736336877,0.1607586189014579,18029.078415054908,-0.9982202447163515,7.0
1476.9507269859314,2615.0,820.6538461538462,15.26923076923077,63.88461538461539,2.923076923076923,98.15729122283541,18029.078415054908,424.1971738357124,-0.9998681374737716,0.051914774249725536,0.0641975736336877,0.1607586189014579,18029.078415054908,-0.9982202447163515,7.0
1482.3542969226837,2625.0,830.1538461538462,15.26923076923077,64.03846153846153,2.923076923076923,98.15729122283541,18029.078415054908,424.1971738357124,-0.9998681374737716,0.05169782027990097,0.06562298608502033,0.16047035658753914,18029.078415054908,-0.9982202447163515,7.0
1487.7133448123932,2635.0,840.1538461538462,15.26923076923077,64.03846153846153,2.923076923076923,98.15729122283541,18029.078415054908,424.1971738357124,-0.9998681374737716,0.05169782027990097,0.06562298608502033,0.16047035658753914,18029.078415054908,-0.9982202447163515,7.0
1493.1264929771423,2645.0,848.0384615384615,15.26923076923077,64.03846153846153,2.923076923076923,98.15729122283541,18029.078415054908,424.1971738357124,-0.9998681374737716,0.05169782027990097,0.06562298608502033,0.16047035658753914,18029.078415054908,-0.9982202447163515,7.0
1498.5245139598846,2655.0,853.2307692307693,15.26923076923077,64.03846153846153,2.923076923076923,98.15729122283541,18029.078415054908,424.1971738357124,-0.9998681374737716,0.05169782027990097,0.06562298608502033,0.16047035658753914,18029.078415054908,-0.9982202447163515,7.0
1503.9302189350128,2665.0,863.2307692307693,15.26923076923077,64.03846153846153,2.923076923076923,98.15729122283541,18029.078415054908,424.1971738357124,-0.9998681374737716,0.05169782027990097,0.06562298608502033,0.16047035658753914,18029.078415054908,-0.9982202447163515,7.0
1509.299647808075,2675.0,873.2307692307693,15.26923076923077,64.03846153846153,2.923076923076923,98.15729122283541,18029.078415054908,424.1971738357124,-0.9998681374737716,0.05169782027990097,0.06562298608502033,0.16047035658753914,18029.078415054908,-0.9982202447163515,7.0
1514.6874380111694,2685.0,883.2307692307693,15.26923076923077,64.03846153846153,2.923076923076923,98.15729122283541,18029.078415054908,424.1971738357124,-0.9998681374737716,0.05169782027990097,0.06562298608502033,0.16047035658753914,18029.078415054908,-0.9982202447163515,7.0
1520.1699318885803,2695.0,893.2307692307693,15.26923076923077,64.03846153846153,2.923076923076923,98.15729122283541,18029.078415054908,424.1971738357124,-0.9998681374737716,0.05169782027990097,0.06562298608502033,0.16047035658753914,18029.078415054908,-0.9982202447163515,7.0
1525.6009788513184,2705.0,903.2307692307693,15.26923076923077,64.03846153846153,2.923076923076923,98.15729122283541,18029.078415054908,424.1971738357124,-0.9998681374737716,0.05169782027990097,0.06562298608502033,0.16047035658753914,18029.078415054908,-0.9982202447163515,7.0
1530.92147397995,2715.0,913.2307692307693,15.26923076923077,64.03846153846153,2.923076923076923,98.15729122283541,18029.078415054908,424.1971738357124,-0.9998681374737716,0.05169782027990097,0.06562298608502033,0.16047035658753914,18029.078415054908,-0.9982202447163515,7.0
1536.3332159519196,2725.0,923.2307692307693,15.26923076923077,64.03846153846153,2.923076923076923,98.15729122283541,18029.078415054908,424.1971738357124,-0.9998681374737716,0.05169782027990097,0.06562298608502033,0.16047035658753914,18029.078415054908,-0.9982202447163515,7.0
1541.7686729431152,2735.0,933.2307692307693,15.26923076923077,64.03846153846153,2.923076923076923,98.15729122283541,18029.078415054908,424.1971738357124,-0.9998681374737716,0.05169782027990097,0.06562298608502033,0.16047035658753914,18029.078415054908,-0.9982202447163515,7.0
1547.152839899063,2745.0,943.2307692307693,15.26923076923077,64.03846153846153,2.923076923076923,98.15729122283541,18029.078415054908,424.1971738357124,-0.9998681374737716,0.05169782027990097,0.06562298608502033,0.16047035658753914,18029.078415054908,-0.9982202447163515,7.0
1552.5573348999023,2755.0,953.2307692307693,15.26923076923077,64.03846153846153,2.923076923076923,98.15729122283541,18029.078415054908,424.1971738357124,-0.9998681374737716,0.05169782027990097,0.06562298608502033,0.16047035658753914,18029.078415054908,-0.9982202447163515,7.0
1557.9556918144226,2765.0,948.2692307692307,15.26923076923077,64.03846153846153,2.923076923076923,98.15729122283541,18029.078415054908,424.1971738357124,-0.9998681374737716,0.05169782027990097,0.06562298608502033,0.16047035658753914,18029.078415054908,-0.9982202447163515,7.0
1563.3013179302216,2775.0,958.2692307692307,15.26923076923077,64.03846153846153,2.923076923076923,98.15729122283541,18029.078415054908,424.1971738357124,-0.9998681374737716,0.05169782027990097,0.06562298608502033,0.16047035658753914,18029.078415054908,-0.9982202447163515,7.0
1568.6883327960968,2785.0,932.4074074074074,15.74074074074074,70.14814814814815,3.0,98.15729122283541,18029.078415054908,424.1971738357124,-0.9998681374737716,0.05169782027990097,0.06562298608502033,0.16047035658753914,18029.078415054908,-0.9982202447163515,7.0
1574.120446920395,2795.0,942.4074074074074,15.74074074074074,70.14814814814815,3.0,98.15729122283541,18029.078415054908,424.1971738357124,-0.9998681374737716,0.05169782027990097,0.06562298608502033,0.16047035658753914,18029.078415054908,-0.9982202447163515,7.0
1579.5353438854218,2805.0,952.4074074074074,15.74074074074074,70.14814814814815,3.0,98.15729122283541,18029.078415054908,424.1971738357124,-0.9998681374737716,0.05169782027990097,0.06562298608502033,0.16047035658753914,18029.078415054908,-0.9982202447163515,7.0
1584.9537439346313,2815.0,962.4074074074074,15.74074074074074,70.14814814814815,3.0,98.15729122283541,18029.078415054908,424.1971738357124,-0.9998681374737716,0.05169782027990097,0.06562298608502033,0.16047035658753914,18029.078415054908,-0.9982202447163515,7.0
1590.4312369823456,2825.0,960.4074074074074,15.74074074074074,70.14814814814815,3.0,97.17281594106768,17998.320075779855,439.5748170825118,-0.9998683624365914,0.05169782027990097,0.06562298608502033,0.16047035658753914,17998.320075779855,-0.9982202447163515,7.0
1595.8016819953918,2835.0,917.0,15.74074074074074,70.18518518518519,3.0,97.54305992426612,17988.64352210987,433.86497695346134,-0.9998684332097493,0.05169782027990097,0.06562298608502033,0.16047035658753914,17988.64352210987,-0.9982202447163515,7.0
1601.2307929992676,2845.0,927.0,15.74074074074074,70.18518518518519,3.0,97.54305992426612,17988.64352210987,433.86497695346134,-0.9998684332097493,0.05169782027990097,0.06562298608502033,0.16047035658753914,17988.64352210987,-0.9982202447163515,7.0
1606.6831789016724,2855.0,933.6666666666666,15.74074074074074,70.18518518518519,3.0,97.54305992426612,17988.64352210987,433.86497695346134,-0.9998684332097493,0.05169782027990097,0.06562298608502033,0.16047035658753914,17988.64352210987,-0.9982202447163515,7.0
1612.1370689868927,2865.0,901.5555555555555,15.74074074074074,70.18518518518519,3.0,97.54305992426612,17988.64352210987,433.86497695346134,-0.9998684332097493,0.05169782027990097,0.06562298608502033,0.16047035658753914,17988.64352210987,-0.9982202447163515,7.0
1617.4030358791351,2875.0,911.5555555555555,15.74074074074074,70.18518518518519,3.0,97.54305992426612,17988.64352210987,433.86497695346134,-0.9998684332097493,0.05169782027990097,0.06562298608502033,0.16047035658753914,17988.64352210987,-0.9982202447163515,7.0
1622.7762169837952,2885.0,919.5185185185185,15.74074074074074,70.18518518518519,3.0,97.54305992426612,17988.64352210987,433.86497695346134,-0.9998684332097493,0.05169782027990097,0.06562298608502033,0.16047035658753914,17988.64352210987,-0.9982202447163515,7.0
1628.1771059036255,2895.0,929.4444444444445,15.74074074074074,70.18518518518519,3.0,97.54305992426612,17988.64352210987,433.86497695346134,-0.9998684332097493,0.05169782027990097,0.06562298608502033,0.16047035658753914,17988.64352210987,-0.9982202447163515,7.0
1633.5460469722748,2905.0,868.925925925926,15.74074074074074,70.18518518518519,3.0,97.54305992426612,17988.64352210987,433.86497695346134,-0.9998684332097493,0.05169782027990097,0.06562298608502033,0.16047035658753914,17988.64352210987,-0.9982202447163515,7.0
1638.903100013733,2915.0,877.6296296296297,15.74074074074074,70.18518518518519,3.0,97.54305992426612,17988.64352210987,433.86497695346134,-0.9998684332097493,0.05169782027990097,0.06562298608502033,0.16047035658753914,17988.64352210987,-0.9982202447163515,7.0
1644.3651278018951,2925.0,887.6296296296297,15.74074074074074,70.18518518518519,3.0,97.54305992426612,17988.64352210987,433.86497695346134,-0.9998684332097493,0.05169782027990097,0.06562298608502033,0.16047035658753914,17988.64352210987,-0.9982202447163515,7.0
1649.8206248283386,2935.0,897.6296296296297,15.74074074074074,70.18518518518519,3.0,97.54305992426612,17988.64352210987,433.86497695346134,-0.9998684332097493,0.05169782027990097,0.06562298608502033,0.16047035658753914,17988.64352210987,-0.9982202447163515,7.0
1655.1807458400726,2945.0,907.6296296296297,15.74074074074074,70.18518518518519,3.0,97.54305992426612,17988.64352210987,433.86497695346134,-0.9998684332097493,0.05169782027990097,0.06562298608502033,0.16047035658753914,17988.64352210987,-0.9982202447163515,7.0
1660.6266570091248,2955.0,917.6296296296297,15.74074074074074,70.18518518518519,3.0,97.54305992426612,17988.64352210987,433.86497695346134,-0.9998684332097493,0.05169782027990097,0.06562298608502033,0.16047035658753914,17988.64352210987,-0.9982202447163515,7.0
1666.0653488636017,2965.0,901.1111111111111,15.74074074074074,70.18518518518519,3.0,97.54305992426612,17988.64352210987,433.86497695346134,-0.9998684332097493,0.052145872036872834,0.06490593460577716,0.1608056485843035,17988.64352210987,-0.9982202447163515,7.0
1671.5956988334656,2975.0,878.6071428571429,16.0,71.64285714285714,3.0357142857142856,97.54305992426612,17988.64352210987,433.86497695346134,-0.9998684332097493,0.04472883676658248,0.06490593460577716,0.12506908198803168,17988.64352210987,-0.9982202447163515,7.0
1677.016340970993,2985.0,888.6071428571429,16.0,71.64285714285714,3.0357142857142856,97.54305992426612,17988.64352210987,433.86497695346134,-0.9998684332097493,0.04472883676658248,0.06490593460577716,0.12506908198803168,17988.64352210987,-0.9982202447163515,7.0
1682.4672257900238,2995.0,898.6071428571429,16.0,71.64285714285714,3.0357142857142856,97.54305992426612,17988.64352210987,433.86497695346134,-0.9998684332097493,0.04472883676658248,0.06490593460577716,0.12506908198803168,17988.64352210987,-0.9982202447163515,7.0
1687.978227853775,3005.0,905.3571428571429,16.0,71.64285714285714,3.0357142857142856,97.54305992426612,17988.64352210987,433.86497695346134,-0.9998684332097493,0.04472883676658248,0.06490593460577716,0.12506908198803168,17988.64352210987,-0.9982202447163515,7.0
1693.3525729179382,3015.0,915.3571428571429,16.0,71.64285714285714,3.0357142857142856,97.54305992426612,17988.64352210987,433.86497695346134,-0.9998684332097493,0.04472883676658248,0.06490593460577716,0.12506908198803168,17988.64352210987,-0.9982202447163515,7.0
1698.7633068561554,3025.0,925.3571428571429,16.0,71.64285714285714,3.0357142857142856,97.54305992426612,17988.64352210987,433.86497695346134,-0.9998684332097493,0.04472883676658248,0.06490593460577716,0.12506908198803168,17988.64352210987,-0.9982202447163515,7.0
1704.2265498638153,3035.0,933.0714285714286,16.0,71.64285714285714,3.0357142857142856,97.54305992426612,17988.64352210987,433.86497695346134,-0.9998684332097493,0.04472883676658248,0.06490593460577716,0.12506908198803168,17988.64352210987,-0.9982202447163515,7.0
1709.6821179389954,3045.0,943.0714285714286,16.0,71.64285714285714,3.0357142857142856,97.54305992426612,17988.64352210987,433.86497695346134,-0.9998684332097493,0.04472883676658248,0.06490593460577716,0.12506908198803168,17988.64352210987,-0.9982202447163515,7.0
1715.1687939167023,3055.0,953.0714285714286,16.0,71.64285714285714,3.0357142857142856,97.54305992426612,17988.64352210987,433.86497695346134,-0.9998684332097493,0.04472883676658248,0.06490593460577716,0.12506908198803168,17988.64352210987,-0.9982202447163515,7.0
1720.5379378795624,3065.0,963.0714285714286,16.0,71.64285714285714,3.0357142857142856,97.54305992426612,17988.64352210987,433.86497695346134,-0.9998684332097493,0.04472883676658248,0.06490593460577716,0.12506908198803168,17988.64352210987,-0.9982202447163515,7.0
1725.9569900035858,3075.0,973.0714285714286,16.0,71.64285714285714,3.0357142857142856,97.54305992426612,17988.64352210987,433.86497695346134,-0.9998684332097493,0.04472883676658248,0.06490593460577716,0.12506908198803168,17988.64352210987,-0.9982202447163515,7.0
1731.486778974533,3085.0,983.0714285714286,16.0,71.64285714285714,3.0357142857142856,97.54305992426612,17988.64352210987,433.86497695346134,-0.9998684332097493,0.04472883676658248,0.06490593460577716,0.12506908198803168,17988.64352210987,-0.9982202447163515,7.0
1736.912024974823,3095.0,993.0714285714286,16.0,71.64285714285714,3.0357142857142856,97.54305992426612,17988.64352210987,433.86497695346134,-0.9998684332097493,0.04472883676658248,0.06490593460577716,0.12506908198803168,17988.64352210987,-0.9982202447163515,7.0
1742.3239319324493,3105.0,1003.0714285714286,16.0,71.64285714285714,3.0357142857142856,97.54305992426612,17988.64352210987,433.86497695346134,-0.9998684332097493,0.04472883676658248,0.06490593460577716,0.12506908198803168,17988.64352210987,-0.9982202447163515,7.0
1747.6800079345703,3115.0,1013.0714285714286,16.0,71.64285714285714,3.0357142857142856,97.54305992426612,17988.64352210987,433.86497695346134,-0.9998684332097493,0.04472883676658248,0.06490593460577716,0.12506908198803168,17988.64352210987,-0.9982202447163515,7.0
1753.0688939094543,3125.0,1014.5357142857143,16.0,71.64285714285714,3.0357142857142856,97.54305992426612,17988.64352210987,433.86497695346134,-0.9998684332097493,0.04472883676658248,0.06490593460577716,0.12506908198803168,17988.64352210987,-0.9982202447163515,7.0
1758.530550956726,3135.0,1024.5357142857142,16.0,71.64285714285714,3.0357142857142856,97.54305992426612,17988.64352210987,433.86497695346134,-0.9998684332097493,0.04472883676658248,0.06490593460577716,0.12506908198803168,17988.64352210987,-0.9982202447163515,7.0
1764.0688478946686,3145.0,1034.5357142857142,16.0,71.64285714285714,3.0357142857142856,97.54305992426612,17988.64352210987,433.86497695346134,-0.9998684332097493,0.04472883676658248,0.06490593460577716,0.12506908198803168,17988.64352210987,-0.9982202447163515,7.0
1769.088495016098,3154.0,1043.5357142857142,16.0,71.64285714285714,3.0357142857142856,97.54305992426612,17988.64352210987,433.86497695346134,-0.9998684332097493,0.04472883676658248,0.06490593460577716,0.12506908198803168,17988.64352210987,-0.9982202447163515,7.0
1774.5384118556976,3164.0,1035.4642857142858,16.0,71.64285714285714,3.0357142857142856,97.54305992426612,17988.64352210987,433.86497695346134,-0.9998684332097493,0.04472883676658248,0.06490593460577716,0.12506908198803168,17988.64352210987,-0.9982202447163515,7.0
1780.0789380073547,3174.0,1045.4642857142858,16.0,71.64285714285714,3.0357142857142856,97.54305992426612,17988.64352210987,433.86497695346134,-0.9998684332097493,0.04472883676658248,0.06490593460577716,0.12506908198803168,17988.64352210987,-0.9982202447163515,7.0
1785.1154398918152,3183.0,1054.4642857142858,16.0,71.64285714285714,3.0357142857142856,97.54305992426612,17988.64352210987,433.86497695346134,-0.9998684332097493,0.04472883676658248,0.06490593460577716,0.12506908198803168,17988.64352210987,-0.9982202447163515,7.0
1790.644191980362,3193.0,1064.4642857142858,16.0,71.64285714285714,3.0357142857142856,97.54305992426612,17988.64352210987,433.86497695346134,-0.9998684332097493,0.04472883676658248,0.06490593460577716,0.12506908198803168,17988.64352210987,-0.9982202447163515,7.0
1796.0744018554688,3203.0,989.6428571428571,16.0,71.60714285714286,3.0357142857142856,97.54305992426612,17988.64352210987,433.86497695346134,-0.9998684332097493,0.04472883676658248,0.06490593460577716,0.12506908198803168,17988.64352210987,-0.9982202447163515,7.0
