time,generation,mean age hall_of_fame,mean compl,mean recursive_compl,mean n_params,min mae,min mse,min max_ae,min minus_r2,min mare,min q75_are,min max_are,min ms_processed_e,min minus_spearman,max penalty
13.730064153671265,1.0,0.0,5.75,4.611686019501146e18,0.5,1.4833668058406823e26,1.99054267357834e53,2.020260474615946e27,-0.7050416193937405,1.0,1.0,1.0,1.99054267357834e53,-0.9092324805339266,10.0
18.834859132766724,8.0,2.1666666666666665,6.0,Inf,0.8333333333333334,5.063973451325038e25,2.4176694109342646e52,6.850268106235733e26,-0.9641750029398506,1.271262246938965,0.9999999999999942,9.570431998528969,2.4176694109342646e52,-0.9256952169076752,4.0
23.95876407623291,38.0,13.555555555555555,7.333333333333333,1.9974368165136842e307,0.8888888888888888,2.1814614602393226e24,4.5524358762659243e49,3.154201379074875e25,-0.9999325420584195,0.05125576505468264,0.07594712495631098,0.11065245489502559,4.5524358762659243e49,-1.0,4.0
28.99797010421753,68.0,30.0,7.777777777777778,36.55555555555556,1.0,1.7929617413802203e24,4.03114064270313e49,3.154201378885979e25,-0.9999402666050947,0.050556491581446115,0.07594712495364403,0.11065245489245891,4.03114064270313e49,-1.0,3.0
34.15450096130371,99.0,40.77777777777778,8.11111111111111,38.55555555555556,1.0,1.7929617413802203e24,4.03114064270313e49,3.1542012163448177e25,-0.9999402666050947,0.050556491581446115,0.07594712495364403,0.11065245489245891,4.03114064270313e49,-1.0,4.0
39.177284955978394,130.0,60.666666666666664,7.444444444444445,17.333333333333332,1.0,1.9381248149713945e24,2.296217484940247e49,1.5448745066975084e25,-0.999965974676159,0.05125576505329132,0.07594712495364403,0.11065245489245891,2.296217484940247e49,-1.0,4.0
44.292495012283325,161.0,60.0,8.8,54.0,1.1,8.164302590671324e23,7.73959508644825e48,1.1175829192867748e25,-0.9999885314770512,0.03958013346975732,0.04909222046804151,0.11065087529298867,7.73959508644825e48,-1.0,6.0
49.344846963882446,190.0,66.6923076923077,10.615384615384615,92.3076923076923,1.2307692307692308,3.427982497706989e23,1.4778972894632955e48,5.790777104883822e24,-0.9999978100535246,0.038265690955894174,0.04909222046804151,0.11065087529298867,1.4778972894632955e48,-1.0,6.0
54.43071913719177,218.0,74.5,11.5625,149.6875,1.3125,3.0803553175435183e23,1.0034606526204816e48,4.956574809547858e24,-0.9999985130731783,0.03813852370688686,0.047960158716991746,0.11065087529298867,1.0034606526204816e48,-1.0,6.0
59.46194005012512,245.0,92.625,11.5625,8336.3125,1.3125,3.08035532449704e23,1.0034606526204611e48,4.956574797837922e24,-0.9999985130731783,0.038138523708951544,0.04726281580972223,0.11065087529298867,1.0034606526204611e48,-1.0,6.0
64.46226596832275,271.0,95.88888888888889,13.222222222222221,131253.88888888888,1.3888888888888888,2.6546192648038943e23,7.270672945656649e47,3.957264251321563e24,-0.9999989226325331,0.03793446273663716,0.04648324209335509,0.11065087529298867,7.270672945656649e47,-1.0,6.5
69.61452913284302,297.0,109.88888888888889,13.555555555555555,9.987184082568421e306,1.3888888888888888,2.6546192648038943e23,7.270672945656649e47,3.957264251321563e24,-0.9999989226325331,0.03793446273608766,0.04648324209335509,0.11065087529298867,7.270672945656649e47,-1.0,6.5
74.80460906028748,323.0,107.52631578947368,13.157894736842104,9.46154281506482e306,1.368421052631579,2.6546192648038943e23,7.270672945656649e47,3.957264251321563e24,-0.9999989226325331,0.03793446273608766,0.04648324209335509,0.11065087529298867,7.270672945656649e47,-1.0,6.5
79.95831108093262,348.0,113.52380952380952,13.476190476190476,8.560443499344361e306,1.380952380952381,2.6546192648038943e23,7.270672945656649e47,3.957264251321563e24,-0.9999989226325331,0.03793446273608766,0.04648324209335509,0.11065087529298867,7.270672945656649e47,-1.0,6.5
84.96128606796265,372.0,126.28571428571429,12.476190476190476,158.04761904761904,1.4285714285714286,6.670447125758943e22,2.613511308449759e46,5.0675620587171384e23,-0.99999996127302,0.037424653821915385,0.04654050786103239,0.11065087529298867,2.613511308449759e46,-1.0,6.0
90.16853308677673,397.0,135.1904761904762,12.904761904761905,179.71428571428572,1.4761904761904763,6.670086209227227e22,2.6135098402158924e46,5.0672786027242145e23,-0.9999999612730418,0.037424654169573794,0.04654048027791009,0.11065087529298878,2.6135098402158924e46,-1.0,6.0
95.1801381111145,421.0,134.36363636363637,12.954545454545455,185.27272727272728,1.4545454545454546,6.670301200379785e22,2.613509814643881e46,5.067251304483827e23,-0.9999999612730421,0.03742465477455311,0.04654047776101482,0.11065087529298878,2.613509814643881e46,-1.0,6.0
100.25799608230591,445.0,156.66666666666666,12.19047619047619,114.47619047619048,1.380952380952381,6.500098617998146e22,2.492463482630882e46,5.05663980426542e23,-0.9999999630667052,0.03793446273663716,0.04727518575716766,0.11065087529298878,2.492463482630882e46,-1.0,6.0
105.33952116966248,469.0,156.5,12.727272727272727,153.54545454545453,1.4545454545454546,5.2386214229373715e22,1.7962080589333064e46,5.116813528757987e23,-0.99999997338381,0.03793446273606089,0.047275185766510006,0.11065087529298878,1.7962080589333064e46,-1.0,6.0
110.34381604194641,493.0,170.76190476190476,12.047619047619047,100.57142857142857,1.4285714285714286,4.328630228225288e22,1.7764751649078625e46,5.114382867009135e23,-0.9999999736762117,0.03749536630409362,0.04674814482334486,0.11065087529298878,1.7764751649078625e46,-1.0,6.0
115.3980541229248,517.0,162.85714285714286,12.428571428571429,4767.571428571428,1.5238095238095237,4.328630228744779e22,1.7764751649078363e46,5.1143828669864575e23,-0.9999999736762117,0.03749536630409362,0.04674814482334486,0.11065087529298878,1.7764751649078363e46,-1.0,6.0
120.57436394691467,542.0,209.0,10.555555555555555,7334.277777777777,1.3888888888888888,4.328630228744779e22,1.7764751649078363e46,5.055432014726844e23,-0.9999999736762117,0.0374235556239283,0.04654190871378483,0.11065087529298878,1.7764751649078363e46,-1.0,6.0
125.69897699356079,566.0,216.94444444444446,10.555555555555555,67.33333333333333,1.3888888888888888,4.328630228744779e22,1.7764751649078363e46,5.109551311432016e23,-0.9999999736762117,0.03795965296109089,0.04728835506763788,0.11065087529298878,1.7764751649078363e46,-1.0,6.0
130.74856805801392,590.0,235.77777777777777,10.555555555555555,67.33333333333333,1.3888888888888888,4.3286302143805055e22,1.7764751649078336e46,5.109551311432016e23,-0.9999999736762117,0.03795965296109089,0.04728835506763788,0.11065087529298878,1.7764751649078336e46,-1.0,6.0
135.76985502243042,614.0,230.45,12.15,94.0,1.6,3.927618894486443e22,1.5575268233779256e46,5.104577214226381e23,-0.9999999769205857,0.03795965296109089,0.04728835506763788,0.11065087529298878,1.5575268233779256e46,-1.0,6.0
140.85438203811646,638.0,252.1,12.15,94.0,1.6,3.927618893877386e22,1.5575268233779234e46,5.1045772142865104e23,-0.9999999769205857,0.03795965296109089,0.04728835506763788,0.11065087529298878,1.5575268233779234e46,-1.0,6.0
145.95313906669617,662.0,274.45,12.15,94.0,1.6,3.927618893877386e22,1.5575268233779234e46,5.1045772142865104e23,-0.9999999769205857,0.03795965296109089,0.04728835506763788,0.11065087529298878,1.5575268233779234e46,-1.0,6.0
151.03443002700806,686.0,294.6,12.15,94.0,1.6,3.927618893877386e22,1.5575268233779234e46,5.1045772142865104e23,-0.9999999769205857,0.03795965296109089,0.04728835506763788,0.11065087529298878,1.5575268233779234e46,-1.0,6.0
156.14429712295532,710.0,290.6190476190476,12.523809523809524,127.85714285714286,1.619047619047619,3.927618893877386e22,1.5575268233779234e46,5.1045772142865104e23,-0.9999999769205857,0.03773233536321739,0.04728835506763788,0.11065087529298878,1.5575268233779234e46,-1.0,6.0
161.25937509536743,734.0,298.22727272727275,13.272727272727273,145.95454545454547,1.7272727272727273,3.927600127773874e22,1.5575253198018877e46,5.104566976674259e23,-0.999999976920608,0.03773472093290133,0.04728835506763788,0.11065087529298878,1.5575253198018877e46,-1.0,6.0
166.34287214279175,758.0,312.95454545454544,13.272727272727273,215.0909090909091,1.7727272727272727,3.927600121914687e22,1.5575253198018653e46,5.074829797997843e23,-0.999999976920608,0.03773528795499782,0.04728835506763788,0.11065087529298878,1.5575253198018653e46,-1.0,6.0
171.48236513137817,782.0,332.72727272727275,13.272727272727273,211.95454545454547,1.7727272727272727,3.927600121914687e22,1.5575253198018653e46,5.0748297969957413e23,-0.999999976920608,0.0377353353889693,0.04728835506763788,0.11065087529298878,1.5575253198018653e46,-1.0,6.0
176.5715069770813,806.0,353.90909090909093,13.272727272727273,211.95454545454547,1.7727272727272727,3.927600121914687e22,1.5575253198018653e46,5.0748297969957413e23,-0.999999976920608,0.037735359351226766,0.04728835506763788,0.11065087529298878,1.5575253198018653e46,-1.0,6.0
181.68053817749023,830.0,376.77272727272725,13.272727272727273,211.95454545454547,1.7727272727272727,3.927600121914687e22,1.5575253198018653e46,5.0748297969957413e23,-0.999999976920608,0.03773536443644226,0.04728835506763788,0.11065087529298878,1.5575253198018653e46,-1.0,6.0
186.74345016479492,854.0,397.8636363636364,13.272727272727273,211.95454545454547,1.7727272727272727,3.927600121914687e22,1.5575253198018653e46,5.0748297969957413e23,-0.999999976920608,0.03773536443633336,0.04728835506763788,0.11065087529298878,1.5575253198018653e46,-1.0,6.0
191.80816006660461,878.0,404.8181818181818,13.272727272727273,211.95454545454547,1.7727272727272727,3.927600121914687e22,1.5575253198018653e46,5.0748297969957413e23,-0.999999976920608,0.03771998533399256,0.04728835506763788,0.11065087529298878,1.5575253198018653e46,-1.0,6.0
196.87056016921997,902.0,421.8181818181818,13.272727272727273,211.95454545454547,1.7727272727272727,3.927600125042645e22,1.5575253198018628e46,5.0748297969957413e23,-0.999999976920608,0.03771998533399256,0.04728835506763788,0.11065087529298878,1.5575253198018628e46,-1.0,6.0
201.99629497528076,926.0,426.77272727272725,13.272727272727273,211.95454545454547,1.7727272727272727,3.927600125042645e22,1.5575253198018628e46,5.0748297969957413e23,-0.999999976920608,0.03771998533399256,0.04728835506763788,0.11065087529298878,1.5575253198018628e46,-1.0,6.0
207.0296549797058,949.0,429.60869565217394,13.695652173913043,215.3913043478261,1.826086956521739,3.927600125042645e22,1.5575253198018628e46,5.0748297969957413e23,-0.999999976920608,0.03771998533399256,0.04728835506763788,0.11065087529298878,1.5575253198018628e46,-1.0,6.0
212.11903500556946,973.0,426.9130434782609,13.695652173913043,1248.9565217391305,1.826086956521739,3.927600125042645e22,1.5575253198018628e46,5.0748297969957413e23,-0.999999976920608,0.03793087335426124,0.04684704083578142,0.11065087529298878,1.5575253198018628e46,-1.0,6.0
217.27975416183472,997.0,446.17391304347825,13.695652173913043,1248.9565217391305,1.826086956521739,3.9276001250433395e22,1.5575253198018618e46,5.0748297969957413e23,-0.999999976920608,0.03793087335426124,0.04684704083578142,0.11065087529298878,1.5575253198018618e46,-1.0,6.0
222.47259402275085,1021.0,467.9130434782609,13.695652173913043,1248.9565217391305,1.826086956521739,3.9276001250433395e22,1.5575253198018618e46,5.0748297969957413e23,-0.999999976920608,0.03793087335426124,0.04684704083578142,0.11065087529298878,1.5575253198018618e46,-1.0,6.0
227.64444494247437,1045.0,456.72727272727275,13.454545454545455,2780.8636363636365,1.8181818181818181,3.9276001250433395e22,1.5575253198018618e46,5.0748297969957413e23,-0.999999976920608,0.03793087335426124,0.04684704083578142,0.11065245492747598,1.5575253198018618e46,-1.0,6.0
232.7398591041565,1069.0,409.1,14.0,3057.0,1.9,3.9276001250433395e22,1.5575253198018618e46,5.0748297969957413e23,-0.999999976920608,0.03793087335426124,0.04684704083578142,0.11065245492747598,1.5575253198018618e46,-1.0,6.0
237.8289921283722,1093.0,425.15,14.0,3057.0,1.9,3.9276001250433395e22,1.5575253198018618e46,5.0748297969957413e23,-0.999999976920608,0.03793087335426124,0.04684704083578142,0.11065245492747598,1.5575253198018618e46,-1.0,6.0
242.94745111465454,1117.0,441.35,14.0,3058.05,1.9,3.9276001250433395e22,1.5575253198018618e46,5.0748297969957413e23,-0.999999976920608,0.03793087335426124,0.04684704083578142,0.11065245492747598,1.5575253198018618e46,-1.0,6.0
248.13506507873535,1141.0,465.35,14.0,3058.05,1.9,3.9276001250433395e22,1.5575253198018618e46,5.0748297969957413e23,-0.999999976920608,0.03793087335426124,0.04684704083578142,0.11065245492747598,1.5575253198018618e46,-1.0,6.0
253.1932611465454,1164.0,488.35,14.0,3058.05,1.9,3.9276001250433395e22,1.5575253198018618e46,5.0748297969957413e23,-0.999999976920608,0.03793087335426124,0.04684704083578142,0.11065245492747598,1.5575253198018618e46,-1.0,6.0
258.3708550930023,1188.0,512.35,14.0,3058.05,1.9,3.9276001250433395e22,1.5575253198018618e46,5.0748297969957413e23,-0.999999976920608,0.03793087335426124,0.04684704083578142,0.11065245492747598,1.5575253198018618e46,-1.0,6.0
263.4336941242218,1211.0,535.35,14.0,3058.05,1.9,3.9276001250433395e22,1.5575253198018618e46,5.0748297969957413e23,-0.999999976920608,0.03793087335426124,0.04684704083578142,0.11065245492747598,1.5575253198018618e46,-1.0,6.0
268.5040681362152,1234.0,548.75,14.0,3058.05,1.9,3.9276001250433395e22,1.5575253198018618e46,5.0748297969957413e23,-0.999999976920608,0.03793087335426124,0.04684704083578142,0.11065245492747598,1.5575253198018618e46,-1.0,6.0
273.5940749645233,1257.0,509.6666666666667,14.761904761904763,3101.0476190476193,2.0,3.9276188943139125e22,1.4643646768540103e46,4.385085188621246e23,-0.9999999783010614,0.037413823642720986,0.04684704083578142,0.11065245492747598,1.4643646768540103e46,-1.0,6.0
278.6819770336151,1280.0,551.3888888888889,12.61111111111111,3479.222222222222,1.6666666666666667,4.273897076312885e22,1.4634986231997738e46,4.3866904185919006e23,-0.9999999783138945,0.037367657453327395,0.04675347355675543,0.11065245492747598,1.4634986231997738e46,-1.0,6.0
283.75726199150085,1303.0,571.8888888888889,12.61111111111111,3479.222222222222,1.6666666666666667,4.25609382618381e22,1.462643989785621e46,4.38847766664295e23,-0.9999999783265585,0.037367657453327395,0.04675347355675543,0.11065245492747598,1.462643989785621e46,-1.0,6.0
288.83062195777893,1326.0,560.9473684210526,13.473684210526315,3318.2631578947367,1.7894736842105263,4.244956759934877e22,1.4621665329134577e46,4.3895957383140786e23,-0.9999999783336334,0.037356943263813,0.04672912556548021,0.11065245492747598,1.4621665329134577e46,-1.0,6.0
293.8949501514435,1349.0,580.6842105263158,13.473684210526315,3318.2631578947367,1.7894736842105263,4.2348013747833796e22,1.4617695154480012e46,4.390615280646865e23,-0.9999999783395164,0.03735693040678948,0.04672926164333913,0.11065245492747598,1.4617695154480012e46,-1.0,6.0
299.0130879878998,1372.0,599.8947368421053,13.473684210526315,3318.2631578947367,1.7894736842105263,4.225541055189842e22,1.4614393809436456e46,4.391544983114152e23,-0.9999999783444083,0.03735443384175882,0.04672372966315004,0.11065245492747598,1.4614393809436456e46,-1.0,6.0
304.13968110084534,1395.0,619.2105263157895,13.473684210526315,3318.2631578947367,1.7894736842105263,4.218255992278181e22,1.4612010449432316e46,4.3922763901067304e23,-0.99999997834794,0.03735442918748769,0.04672372465836255,0.11065245492747598,1.4612010449432316e46,-1.0,6.0
309.2915620803833,1418.0,606.6,13.55,3155.7,1.8,4.210453760001941e22,1.4609666691067162e46,4.393059732780692e23,-0.999999978351413,0.03735442473671021,0.04672371548957873,0.11065245492747598,1.4609666691067162e46,-1.0,6.0
314.3687210083008,1441.0,626.15,13.55,3155.7,1.8,4.202375166855864e22,1.4607467480195494e46,4.3938708360138245e23,-0.9999999783546718,0.03735441933931756,0.046723703559228794,0.11065245492747598,1.4607467480195494e46,-1.0,6.0
319.50582814216614,1464.0,643.7,13.5,3153.95,1.8,4.193403846373861e22,1.4605296562567997e46,4.3947715871225865e23,-0.9999999783578887,0.03735441395443855,0.04672369155265886,0.11065245492747598,1.4605296562567997e46,-1.0,6.0
324.5690929889679,1487.0,663.4,13.5,3153.95,1.8,4.187791342960161e22,1.460408361328535e46,4.395335110489704e23,-0.999999978359686,0.03735440955493577,0.04672368173546752,0.11065245492747598,1.460408361328535e46,-1.0,6.0
329.7020399570465,1510.0,644.75,13.5,21584.3,1.8,4.17995375435241e22,1.4602576775750014e46,4.396122055017021e23,-0.9999999783619188,0.0373544071131067,0.04670299015734096,0.11065245492747598,1.4602576775750014e46,-1.0,6.0
334.788761138916,1533.0,664.45,13.5,21584.3,1.8,4.176133934988935e22,1.460192137184075e46,4.39650559441387e23,-0.99999997836289,0.03735285834956548,0.04670300355647204,0.11065245492747598,1.460192137184075e46,-1.0,6.0
339.8462300300598,1556.0,658.5,13.5,22403.45,1.8,4.171488544052158e22,1.4601194070315526e46,4.396972031869592e23,-0.9999999783639677,0.03735285597485301,0.04670300464890534,0.11065245492747598,1.4601194070315526e46,-1.0,6.0
345.0113410949707,1580.0,648.0952380952381,14.142857142857142,21920.666666666668,1.9047619047619047,3.793755925863156e22,1.4600539678743672e46,4.397441252453599e23,-0.9999999783649374,0.03734765262927213,0.04670300464890534,0.11065245492747598,1.4600539678743672e46,-1.0,6.0
350.0684690475464,1603.0,667.7619047619048,14.142857142857142,21920.666666666668,1.9047619047619047,3.793755925863156e22,1.4600074914913137e46,4.3978141165360176e23,-0.999999978365626,0.03734765262927213,0.0467030069816151,0.11065245492747598,1.4600074914913137e46,-1.0,6.0
355.1358940601349,1626.0,658.7727272727273,14.681818181818182,20937.409090909092,1.9545454545454546,3.793755925863156e22,1.4599698457992594e46,4.398149692867139e23,-0.9999999783661839,0.03734765262927213,0.0467030069816151,0.11065245492747598,1.4599698457992594e46,-1.0,6.0
360.18267011642456,1649.0,650.952380952381,14.095238095238095,21761.428571428572,1.8571428571428572,3.793755925863156e22,1.4504041470019485e46,4.912135378425592e23,-0.9999999785079283,0.03734583501931102,0.0467030069816151,0.11065245492747598,1.4504041470019485e46,-1.0,6.0
365.2701771259308,1672.0,672.9047619047619,14.095238095238095,21761.428571428572,1.8571428571428572,3.793755925863156e22,1.4504041470019485e46,4.912135378425592e23,-0.9999999785079283,0.03734583501931102,0.0467030069816151,0.11065245492747598,1.4504041470019485e46,-1.0,6.0
370.29757809638977,1695.0,748.0,12.947368421052632,2.6730254210526315e6,1.736842105263158,3.793755925863156e22,1.4504041470019485e46,4.912135378425592e23,-0.9999999785079283,0.03734583501931102,0.0467030069816151,0.11065245492747598,1.4504041470019485e46,-1.0,6.0
375.5091919898987,1719.0,732.15,13.65,3.27337775e6,1.8,3.793755925863156e22,1.4504041470019485e46,4.912135378425592e23,-0.9999999785079283,0.03734583501931102,0.0467030069816151,0.11065245492747598,1.4504041470019485e46,-1.0,6.0
380.5424520969391,1742.0,751.15,13.65,3.27337775e6,1.8,3.793755925863156e22,1.4504041470019478e46,4.912135376432555e23,-0.9999999785079283,0.03734583501938126,0.0467030069816151,0.11065245492747598,1.4504041470019478e46,-1.0,6.0
385.70193815231323,1766.0,775.15,13.65,3.27337775e6,1.8,3.793755925863156e22,1.4504041470019478e46,4.912135376432555e23,-0.9999999785079283,0.03734583501938126,0.0467030069816151,0.11065245492747598,1.4504041470019478e46,-1.0,6.0
390.7110869884491,1789.0,753.2380952380952,14.19047619047619,3.6168248095238097e6,1.8571428571428572,3.793755925863156e22,1.4504041470019478e46,4.912135376432555e23,-0.9999999785079283,0.03734583501938126,0.0467030069816151,0.11065245492747598,1.4504041470019478e46,-1.0,6.0
395.7173430919647,1812.0,798.75,13.4,5.36988845e6,1.7,3.951880770848542e22,1.3204472794615628e46,4.531934480222308e23,-0.9999999804336277,0.03736685500182162,0.0467030069816151,0.11065245492747598,1.3204472794615628e46,-1.0,6.0
400.9403591156006,1836.0,778.5714285714286,13.238095238095237,3.017029e6,1.6666666666666667,3.951880770848542e22,1.3204472794615628e46,4.531934480222308e23,-0.9999999804336277,0.03736685500173147,0.0467030069816151,0.11065245489587068,1.3204472794615628e46,-1.0,6.0
406.1278009414673,1860.0,802.5714285714286,13.238095238095237,3.017029e6,1.6666666666666667,3.951880770848542e22,1.3204472794615628e46,4.531934480222308e23,-0.9999999804336277,0.03736685500173147,0.0467030069816151,0.11065245489587068,1.3204472794615628e46,-1.0,6.0
411.28065299987793,1884.0,814.952380952381,13.238095238095237,1.3014321561904761e8,1.6666666666666667,3.951880770848542e22,1.3204472794615628e46,4.531934480222308e23,-0.9999999804336277,0.03736685500173147,0.0467030069816151,0.11065245489587068,1.3204472794615628e46,-1.0,6.0
416.41247296333313,1908.0,821.5238095238095,13.238095238095237,1.3013814433333333e8,1.6666666666666667,3.951880770848542e22,1.3204472794615628e46,4.531934480222308e23,-0.9999999804336277,0.03736685500173147,0.04670300696547216,0.11065245489587068,1.3204472794615628e46,-1.0,6.0
421.42102909088135,1931.0,837.2857142857143,13.238095238095237,1.3013814433333333e8,1.6666666666666667,3.951880770848542e22,1.3204472794615628e46,4.531934480222308e23,-0.9999999804336277,0.03736685500173147,0.04670300696547216,0.11065245489587068,1.3204472794615628e46,-1.0,6.0
426.53032398223877,1955.0,808.5,13.909090909090908,1.2415128104545455e8,1.7727272727272727,3.9518807858097875e22,1.3204472794615504e46,4.5319344778115855e23,-0.9999999804336277,0.03721182856372083,0.04665240199325395,0.11065245489587068,1.3204472794615504e46,-1.0,6.0
431.61873412132263,1979.0,771.8571428571429,14.047619047619047,1.3005076423809524e8,1.8571428571428572,3.9518807858097875e22,1.3204472794615504e46,4.5319344778115855e23,-0.9999999804336277,0.037211833686071095,0.04654050916653651,0.11065245488559482,1.3204472794615504e46,-1.0,6.0
436.71749806404114,2003.0,792.952380952381,14.047619047619047,1.3005076423809524e8,1.8571428571428572,3.9518807858097875e22,1.3204472794615504e46,4.5319344778115855e23,-0.9999999804336277,0.03721183474692866,0.04654050916273393,0.11065245488559482,1.3204472794615504e46,-1.0,6.0
441.8396100997925,2027.0,812.0952380952381,14.047619047619047,2.2245241428571427e6,1.8571428571428572,3.9518807858097875e22,1.3204472794615504e46,4.4254222646311456e23,-0.9999999804336277,0.03718160864506476,0.04654050916273393,0.11065245488559482,1.3204472794615504e46,-1.0,6.0
446.945867061615,2051.0,745.5909090909091,14.590909090909092,8.171332431192344e306,1.9090909090909092,3.9518807858097875e22,1.3204472794615504e46,4.4254222646311456e23,-0.9999999804336277,0.03718161999538096,0.04654050916273393,0.11065245488559482,1.3204472794615504e46,-1.0,6.0
452.0630421638489,2075.0,720.0454545454545,14.590909090909092,8.171332431192344e306,1.9090909090909092,3.951880777363309e22,1.3204472794615436e46,4.4254222646311456e23,-0.9999999804336277,0.03718160135914249,0.04654050916273393,0.11065245488559482,1.3204472794615436e46,-1.0,6.0
457.2215211391449,2099.0,729.3181818181819,14.590909090909092,8.171332431192344e306,1.9090909090909092,3.951880777363309e22,1.3204472794615436e46,4.4254222646311456e23,-0.9999999804336277,0.03718159332215723,0.04654050916273169,0.11065245488559482,1.3204472794615436e46,-1.0,6.0
462.30949211120605,2123.0,750.4090909090909,14.590909090909092,8.171332431192344e306,1.9090909090909092,3.5908427710196047e22,1.3204472794615436e46,4.4254222646311456e23,-0.9999999804336277,0.03714327580927183,0.04654050916273169,0.11065245488559482,1.3204472794615436e46,-1.0,6.0
467.41116213798523,2147.0,765.0909090909091,14.590909090909092,8.171332431192344e306,1.9090909090909092,3.590843224381063e22,1.3204472794615436e46,4.4254222646311456e23,-0.9999999804336277,0.037143275788884704,0.04654050916273169,0.11065245483698481,1.3204472794615436e46,-1.0,6.0
472.5535559654236,2171.0,749.0909090909091,14.590909090909092,8.171332431192344e306,1.9090909090909092,3.5908434221974847e22,1.3204472794615354e46,4.4254222646311456e23,-0.9999999804336277,0.03714327576483523,0.04654050916273169,0.11065245483698481,1.3204472794615354e46,-1.0,6.0
477.66890716552734,2195.0,764.2272727272727,14.590909090909092,8.171332431192344e306,1.9090909090909092,3.5908436467524494e22,1.3204472794615354e46,4.4254222571874733e23,-0.9999999804336277,0.037143275737796265,0.04654050916273169,0.11065245483698481,1.3204472794615354e46,-1.0,6.0
482.8176200389862,2219.0,787.1363636363636,14.590909090909092,8.171332431192344e306,1.9090909090909092,3.5908438715574323e22,1.3204472794615354e46,4.4254222571874733e23,-0.9999999804336277,0.03714327571075935,0.04654050916273169,0.11065245483698481,1.3204472794615354e46,-1.0,6.0
487.9281041622162,2243.0,801.9090909090909,14.590909090909092,8.171332431192344e306,1.9090909090909092,3.59084412137254e22,1.3204472794615354e46,4.4254222571874733e23,-0.9999999804336277,0.037143275680718554,0.04654050916273169,0.11065245483698481,1.3204472794615354e46,-1.0,6.0
492.9736671447754,2267.0,750.3636363636364,14.590909090909092,8.171332431192344e306,1.9090909090909092,3.590844296244272e22,1.3204472794615354e46,4.4254222571874733e23,-0.9999999804336277,0.037143275659690084,0.04654050916273169,0.11065245483698481,1.3204472794615354e46,-1.0,6.0
498.0097551345825,2291.0,773.1363636363636,14.590909090909092,8.171332431192344e306,1.9090909090909092,3.590844546034559e22,1.3204472794615354e46,4.4254222571874733e23,-0.9999999804336277,0.03714327562964937,0.04654050916273169,0.11065245483698481,1.3204472794615354e46,-1.0,6.0
503.1276800632477,2315.0,782.5454545454545,14.590909090909092,8.171332431192344e306,1.9090909090909092,3.593294369818285e22,1.3204472794615354e46,4.4254222571874733e23,-0.9999999804336277,0.03714298110125679,0.04654050916273169,0.11065245483698481,1.3204472794615354e46,-1.0,6.0
508.21596002578735,2338.0,858.55,13.4,1.8092513e6,1.85,3.5932940765859785e22,1.3204472794615354e46,4.531934481309901e23,-0.9999999804336277,0.03714298106428727,0.04654050916273169,0.11065245483698481,1.3204472794615354e46,-1.0,6.0
513.3725960254669,2362.0,880.05,13.4,1.8092513e6,1.85,3.5932942415095786e22,1.3204472794615354e46,4.531934481309901e23,-0.9999999804336277,0.037142981040519704,0.04654050916273169,0.11065245483698481,1.3204472794615354e46,-1.0,6.0
518.400591135025,2385.0,878.5,13.4,1.60066235e6,1.85,3.605274592107384e22,1.3204472794615354e46,4.531934481309901e23,-0.9999999804336277,0.03714156491475717,0.04654050916273169,0.11065245483698481,1.3204472794615354e46,-1.0,6.0
523.5307049751282,2409.0,841.9,13.4,1.60066245e6,1.85,3.605076016640983e22,1.3204472794615354e46,4.531934481309901e23,-0.9999999804336277,0.03714156446161281,0.04654050916273169,0.11065245483698481,1.3204472794615354e46,-1.0,6.0
528.6009531021118,2433.0,861.55,13.4,1.60066245e6,1.85,3.605078393889663e22,1.3204472794615354e46,4.531934481309901e23,-0.9999999804336277,0.037141563775740814,0.04654050916273169,0.11065245483698481,1.3204472794615354e46,-1.0,6.0
533.6797020435333,2457.0,883.15,13.4,1.60066245e6,1.85,3.6051126044666957e22,1.3204472794615354e46,4.531934481309901e23,-0.9999999804336277,0.03714155973278746,0.04654050916273169,0.11065245483698481,1.3204472794615354e46,-1.0,6.0
538.7223830223083,2481.0,904.8,13.4,1.60066245e6,1.85,3.6051127089984994e22,1.3204472794615354e46,4.531934481309901e23,-0.9999999804336277,0.03714155971962487,0.04654050916273169,0.11065245483698481,1.3204472794615354e46,-1.0,6.0
543.7615611553192,2505.0,860.1428571428571,14.047619047619047,1.5244665238095238e6,1.9523809523809523,3.605112925618486e22,1.3204472794615354e46,4.531934481309901e23,-0.9999999804336277,0.03714155969336242,0.04654050916273169,0.11065245483698481,1.3204472794615354e46,-1.0,6.0
548.7620811462402,2529.0,795.2380952380952,14.047619047619047,1.5245045238095238e6,1.9523809523809523,3.608021841824235e22,1.3204472794615354e46,4.531934481309901e23,-0.9999999804336277,0.03714120987747557,0.04654050916273169,0.11065245483698481,1.3204472794615354e46,-1.0,6.0
553.9209690093994,2554.0,816.3809523809524,14.047619047619047,1.5245045238095238e6,1.9523809523809523,3.60802173426789e22,1.3204472794615354e46,4.531934481309901e23,-0.9999999804336277,0.03714120985753771,0.04654050916273169,0.11065245483698481,1.3204472794615354e46,-1.0,6.0
559.0725691318512,2578.0,814.2380952380952,14.047619047619047,1.5245045238095238e6,1.9523809523809523,3.6080218596774343e22,1.3204472794615354e46,4.531934481309901e23,-0.9999999804336277,0.03714120983679969,0.04654050916276827,0.11065245483698481,1.3204472794615354e46,-1.0,6.0
564.1744501590729,2602.0,835.1428571428571,14.047619047619047,1.5245045238095238e6,1.9523809523809523,3.6080220025542547e22,1.3204472794615354e46,4.531934481309901e23,-0.9999999804336277,0.03714120981892734,0.04654050916276827,0.11065245483698481,1.3204472794615354e46,-1.0,6.0
569.2625820636749,2626.0,818.6818181818181,14.5,1.4565123181818181e6,2.0,3.6085379847918348e22,1.3204472794615354e46,4.531934481309901e23,-0.9999999804336277,0.037141163078696464,0.04654050916276827,0.11065245483698481,1.3204472794615354e46,-1.0,6.0
574.2702050209045,2650.0,834.5454545454545,14.5,1.4565122727272727e6,2.0,3.6084260281109487e22,1.3204472794615354e46,4.531934481309901e23,-0.9999999804336277,0.03714116212558198,0.04654050916276827,0.11065245483698481,1.3204472794615354e46,-1.0,6.0
579.4052729606628,2675.0,857.0909090909091,14.5,1.4565122727272727e6,2.0,3.6084203285026643e22,1.3204472794615354e46,4.531934481309901e23,-0.9999999804336277,0.03714116205960642,0.04654050916276827,0.11065245483698481,1.3204472794615354e46,-1.0,6.0
584.60968708992,2700.0,880.5454545454545,14.5,1.4565122727272727e6,2.0,3.608419513395609e22,1.3204472794615354e46,4.531934481309901e23,-0.9999999804336277,0.03714116203391356,0.04654050916276827,0.11065245483698481,1.3204472794615354e46,-1.0,6.0
589.7837769985199,2725.0,854.695652173913,15.173913043478262,1.3932262608695652e6,2.0869565217391304,3.590858472788343e22,1.25175424555134e46,4.4724861726640386e23,-0.9999999814515202,0.037141162014852916,0.04654050916276827,0.11065245483698481,1.25175424555134e46,-1.0,6.0
594.9656810760498,2750.0,796.48,15.12,1.28176512e6,2.08,3.590858472788343e22,1.25175424555134e46,4.4724861726640386e23,-0.9999999814515202,0.037141124382044234,0.046486902286630306,0.11065245483698481,1.25175424555134e46,-1.0,6.0
600.1440589427948,2775.0,819.48,15.12,1.28176512e6,2.08,3.590858472788343e22,1.25175424555134e46,4.4724861726640386e23,-0.9999999814515202,0.03714112435070714,0.046486902286630306,0.11065245483698481,1.25175424555134e46,-1.0,6.0
605.3384780883789,2800.0,840.44,15.12,1.28176512e6,2.08,3.590858472788343e22,1.25175424555134e46,4.4724861726640386e23,-0.9999999814515202,0.03714112432538517,0.046486902240080924,0.11065245483698481,1.25175424555134e46,-1.0,6.0
610.3738870620728,2824.0,859.52,15.12,1.28176512e6,2.08,3.590858472788343e22,1.25175424555134e46,4.4724861726640386e23,-0.9999999814515202,0.03714112430768759,0.046486902240080924,0.11065245483698481,1.25175424555134e46,-1.0,6.0
615.4308650493622,2848.0,881.64,15.12,1.28176512e6,2.08,3.590858472788343e22,1.25175424555134e46,4.4724861726640386e23,-0.9999999814515202,0.03714112428746477,0.046486902240080924,0.11065245483698481,1.25175424555134e46,-1.0,6.0
620.4506809711456,2872.0,903.8,15.12,1.28176512e6,2.08,3.590858472788343e22,1.25175424555134e46,4.4724861726640386e23,-0.9999999814515202,0.03714112427735373,0.046486902240080924,0.11065245483698481,1.25175424555134e46,-1.0,6.0
625.4911870956421,2896.0,920.32,15.12,1.28176508e6,2.08,3.590858472788343e22,1.25175424555134e46,4.4724861726640386e23,-0.9999999814515202,0.03714112424954818,0.046486902240080924,0.11065245483698481,1.25175424555134e46,-1.0,6.0
630.6060571670532,2920.0,943.44,15.12,1.28176508e6,2.08,3.590858472788343e22,1.25175424555134e46,4.4724861726640386e23,-0.9999999814515202,0.037141124224270586,0.046486902240080924,0.11065245483698481,1.25175424555134e46,-1.0,6.0
635.6774051189423,2944.0,1004.25,14.541666666666666,1.3187318333333333e6,2.0,3.590858472788343e22,1.25175424555134e46,4.4724861726640386e23,-0.9999999814515202,0.03712155924441162,0.046486902240080924,0.11065245483698481,1.25175424555134e46,-1.0,6.0
640.7400541305542,2968.0,1027.4166666666667,14.541666666666666,1.3187318333333333e6,2.0,3.590858472788343e22,1.25175424555134e46,4.4724861726640386e23,-0.9999999814515202,0.03712150856817408,0.046486902240080924,0.11065245483698481,1.25175424555134e46,-1.0,6.0
645.8238971233368,2992.0,1043.5833333333333,14.541666666666666,1.318731875e6,2.0,3.590858472788343e22,1.25175424555134e46,4.4724861726640386e23,-0.9999999814515202,0.03712151196211066,0.046486902240080924,0.11065245483698481,1.25175424555134e46,-1.0,6.0
650.9383301734924,3016.0,1033.608695652174,13.826086956521738,8357.91304347826,1.9565217391304348,2.148885063011495e22,4.3108076467652673e45,3.0273176475904266e23,-0.9999999936122502,0.03712153403688058,0.046486902240080924,0.11065245483698481,4.3108076467652673e45,-1.0,6.0
655.9653069972992,3040.0,1046.2173913043478,13.826086956521738,8357.91304347826,1.9565217391304348,2.148885063011495e22,4.3108076467652673e45,3.0273176475904266e23,-0.9999999936122502,0.03712153403167294,0.046486902280652664,0.11065245483698481,4.3108076467652673e45,-1.0,6.0
661.0580401420593,3064.0,1069.0869565217392,13.826086956521738,8357.91304347826,1.9565217391304348,2.148885063011495e22,4.3108076467652673e45,3.0273176475904266e23,-0.9999999936122502,0.037124050440162856,0.046486902280652664,0.11065245483698481,4.3108076467652673e45,-1.0,6.0
666.1484999656677,3088.0,1083.8260869565217,13.826086956521738,8357.91304347826,1.9565217391304348,2.148885063011495e22,4.3108076467652673e45,3.0273176475904266e23,-0.9999999936122502,0.03712405044941004,0.046486902280652664,0.11065245483698481,4.3108076467652673e45,-1.0,6.0
671.2817809581757,3112.0,1106.8260869565217,13.826086956521738,8357.91304347826,1.9565217391304348,2.148885063011495e22,4.3108076467652673e45,3.0273176475904266e23,-0.9999999936122502,0.03712405143211633,0.046486902280652664,0.11065245483698481,4.3108076467652673e45,-1.0,6.0
676.4357709884644,3136.0,1082.7083333333333,14.5,8373.166666666666,2.0416666666666665,1.9197889776292297e22,4.1840302787808573e45,3.0273176475904266e23,-0.9999999938001088,0.03712405144331295,0.046486902280652664,0.11065245483698481,4.1840302787808573e45,-1.0,6.0
681.4731969833374,3160.0,1105.7916666666667,14.5,8373.166666666666,2.0416666666666665,1.9197889776292297e22,4.1840302787808573e45,3.0273176475904266e23,-0.9999999938001088,0.037124051460805906,0.046486902280652664,0.11065245483698481,4.1840302787808573e45,-1.0,6.0
686.5059599876404,3184.0,1121.875,14.5,8373.125,2.0416666666666665,1.9197889776292297e22,4.1840302787808573e45,3.027317647749394e23,-0.9999999938001088,0.037124051475108,0.046486902280652664,0.11065245483698481,4.1840302787808573e45,-1.0,6.0
691.6132090091705,3208.0,1144.7916666666667,14.5,8373.125,2.0416666666666665,1.9197889776292297e22,4.1840302787808573e45,3.027317647749394e23,-0.9999999938001088,0.037124051489409414,0.046486902280652664,0.11065245483698481,4.1840302787808573e45,-1.0,6.0
696.6585199832916,3232.0,1167.9583333333333,14.5,8373.125,2.0416666666666665,1.9197889776292297e22,4.1840302787808573e45,3.027317647749394e23,-0.9999999938001088,0.037124051494176524,0.046486902280652664,0.11065245483698481,4.1840302787808573e45,-1.0,6.0
701.7077529430389,3256.0,1164.5,14.5,8373.125,2.0416666666666665,1.9197889776292297e22,4.1840302787808573e45,3.027317647749394e23,-0.9999999938001088,0.03712405150847775,0.046486902280652664,0.11065245483698481,4.1840302787808573e45,-1.0,6.0
706.7253019809723,3280.0,1187.5416666666667,14.5,8373.125,2.0416666666666665,1.9197889776292297e22,4.1840302787808573e45,3.027317647749394e23,-0.9999999938001088,0.037124052393923086,0.046486902280652664,0.11065245483698481,4.1840302787808573e45,-1.0,6.0
711.8543839454651,3304.0,1204.125,14.5,8373.125,2.0416666666666665,1.919788982506463e22,4.1840302787808535e45,3.027317647749394e23,-0.9999999938001088,0.0371240520347578,0.046486902280652664,0.11065245483698481,4.1840302787808535e45,-1.0,6.0
716.9069111347198,3328.0,1200.0,14.608695652173912,8735.478260869566,2.0434782608695654,1.919788982506463e22,4.1840302787808535e45,3.027317647749394e23,-0.9999999938001088,0.037124052011908805,0.046486902280652664,0.11065245483698481,4.1840302787808535e45,-1.0,6.0
722.0170440673828,3352.0,1222.9565217391305,14.608695652173912,8735.478260869566,2.0434782608695654,1.919788982506463e22,4.1840302787808535e45,3.027317647749394e23,-0.9999999938001088,0.03712405202009846,0.046486902280652664,0.11065245483698481,4.1840302787808535e45,-1.0,6.0
727.1453499794006,3376.0,1246.0,14.608695652173912,8735.478260869566,2.0434782608695654,1.919788982506463e22,4.1840302787808535e45,3.027317647749394e23,-0.9999999938001088,0.03712405203537872,0.046486902280652664,0.11065245483698481,4.1840302787808535e45,-1.0,6.0
732.1957421302795,3400.0,1233.7391304347825,14.608695652173912,8646.652173913044,2.0434782608695654,1.919788982506463e22,4.1840302787808535e45,3.027317647749394e23,-0.9999999938001088,0.03712405205280951,0.046486902280652664,0.11065245483698481,4.1840302787808535e45,-1.0,6.0
737.3614201545715,3424.0,1250.391304347826,14.608695652173912,8646.695652173914,2.0434782608695654,1.919788979151525e22,4.184030278780821e45,3.027317647749394e23,-0.9999999938001088,0.037124118588734586,0.046486902280652664,0.11065245483698481,4.184030278780821e45,-1.0,6.0
742.4594459533691,3448.0,1219.5833333333333,15.208333333333334,8298.583333333334,2.125,1.919788979151525e22,4.184030278780821e45,3.027317647749394e23,-0.9999999938001088,0.037124118601642116,0.046486902280652664,0.11065245483698481,4.184030278780821e45,-1.0,6.0
747.5599761009216,3472.0,1241.5833333333333,15.208333333333334,8298.583333333334,2.125,1.919788979151525e22,4.184030278780821e45,3.027317647749394e23,-0.9999999938001088,0.03712411861295796,0.046486902280652664,0.11065245483698481,4.184030278780821e45,-1.0,6.0
752.6447689533234,3496.0,1263.2916666666667,15.208333333333334,8298.583333333334,2.125,1.919788979151525e22,4.184030278780821e45,3.027317647749394e23,-0.9999999938001088,0.0371241186303057,0.046486902280652664,0.11065245483698481,4.184030278780821e45,-1.0,6.0
757.7845561504364,3520.0,1271.875,15.208333333333334,8298.541666666666,2.125,1.919788979151525e22,4.184030278780821e45,3.0273176498694437e23,-0.9999999938001088,0.037124133428870984,0.046486902280652664,0.11065245483698481,4.184030278780821e45,-1.0,6.0
762.9159960746765,3544.0,1284.2083333333333,15.208333333333334,8298.541666666666,2.125,1.919788979151525e22,4.184030278780821e45,3.0273176498694437e23,-0.9999999938001088,0.03712413344392458,0.046486902280652664,0.11065245483698481,4.184030278780821e45,-1.0,6.0
768.1005210876465,3568.0,1307.1666666666667,15.208333333333334,8298.541666666666,2.125,1.919788979151525e22,4.184030278780821e45,3.0273176498694437e23,-0.9999999938001088,0.037124133458128886,0.046486902280652664,0.11065245483698481,4.184030278780821e45,-1.0,6.0
773.2241520881653,3592.0,1315.875,15.208333333333334,7112.041666666667,2.125,1.919788979151525e22,4.184030278780821e45,3.0273176498694437e23,-0.9999999938001088,0.03712413376801848,0.046486902280652664,0.11065245483698481,4.184030278780821e45,-1.0,6.0
778.3525161743164,3616.0,1339.0833333333333,15.208333333333334,7112.041666666667,2.125,1.919788979151525e22,4.184030278780821e45,3.0273176498694437e23,-0.9999999938001088,0.0371241337743755,0.046486902280652664,0.11065245483698481,4.184030278780821e45,-1.0,6.0
783.4776570796967,3640.0,1361.7916666666667,15.208333333333334,7112.041666666667,2.125,1.919788979151525e22,4.184030278780821e45,3.0273176498694437e23,-0.9999999938001088,0.0371241485389333,0.046486902280652664,0.11065245483698481,4.184030278780821e45,-1.0,6.0
788.5768129825592,3664.0,1385.0416666666667,15.208333333333334,7112.041666666667,2.125,1.919788979151525e22,4.184030278780821e45,3.0273176498694437e23,-0.9999999938001088,0.037124148545858465,0.046486902280652664,0.11065245483698481,4.184030278780821e45,-1.0,6.0
793.636589050293,3688.0,1408.25,15.208333333333334,7112.041666666667,2.125,1.919788979151525e22,4.184030278780821e45,3.0273176498694437e23,-0.9999999938001088,0.03712414855394746,0.046486902280652664,0.11065245483698481,4.184030278780821e45,-1.0,6.0
798.7950019836426,3712.0,1430.7916666666667,15.208333333333334,7112.041666666667,2.125,1.919788979151525e22,4.184030278780821e45,3.0273176498694437e23,-0.9999999938001088,0.03712414857907345,0.046486902280652664,0.11065245483698481,4.184030278780821e45,-1.0,6.0
803.9868669509888,3736.0,1442.5,15.208333333333334,7112.041666666667,2.125,1.919788979151525e22,4.184030278780821e45,3.0273176498694437e23,-0.9999999938001088,0.037124148593151794,0.046486902280652664,0.11065245483698481,4.184030278780821e45,-1.0,6.0
809.1729381084442,3760.0,1412.3333333333333,15.208333333333334,7112.083333333333,2.125,1.919788979151525e22,4.184030278780821e45,3.0273176498694437e23,-0.9999999938001088,0.037124148608792686,0.046486902280652664,0.11065245483698481,4.184030278780821e45,-1.0,6.0
814.2663440704346,3784.0,1378.92,14.88,6828.0,2.08,1.919788979151525e22,4.184030278780821e45,3.0273176498694437e23,-0.9999999938001088,0.03712414862599753,0.046486902280652664,0.11065245483698481,4.184030278780821e45,-1.0,6.0
819.469731092453,3808.0,1369.6,14.88,6828.0,2.08,1.919788979151525e22,4.184030278780821e45,3.0273176498694437e23,-0.9999999938001088,0.037124148635382034,0.046486902280652664,0.11065245483698481,4.184030278780821e45,-1.0,6.0
824.6084761619568,3832.0,1392.56,14.88,6828.0,2.08,1.919788979151525e22,4.184030278780821e45,3.0273176498694437e23,-0.9999999938001088,0.03712414865258685,0.046486902280652664,0.11065245483698481,4.184030278780821e45,-1.0,6.0
829.8053331375122,3856.0,1415.6,14.88,6828.0,2.08,1.919788979151525e22,4.184030278780821e45,3.0273176498694437e23,-0.9999999938001088,0.03712414866822754,0.046486902280652664,0.11065245483698481,4.184030278780821e45,-1.0,6.0
834.8885371685028,3880.0,1438.68,14.88,6828.0,2.08,1.919788979151525e22,4.184030278780821e45,3.0273176498694437e23,-0.9999999938001088,0.03712416373381586,0.046486902280652664,0.11065245483698481,4.184030278780821e45,-1.0,6.0
839.9739830493927,3904.0,1461.8,14.88,6828.0,2.08,1.919788979151525e22,4.184030278780821e45,3.0273176498694437e23,-0.9999999938001088,0.0371241637466573,0.046486902280652664,0.11065245483698481,4.184030278780821e45,-1.0,6.0
845.1084501743317,3928.0,1484.76,14.88,6828.0,2.08,1.919788979151525e22,4.184030278780821e45,3.0273176498694437e23,-0.9999999938001088,0.03712416375630882,0.046486902280652664,0.11065245483698481,4.184030278780821e45,-1.0,6.0
850.16983294487,3952.0,1507.88,14.88,6828.0,2.08,1.919788979151525e22,4.184030278780821e45,3.0273176498694437e23,-0.9999999938001088,0.03712416376573174,0.046486902280652664,0.11065245483698481,4.184030278780821e45,-1.0,6.0
855.3356039524078,3976.0,1530.84,14.88,6828.0,2.08,1.919788979151525e22,4.184030278780821e45,3.0273176498694437e23,-0.9999999938001088,0.0371242019934914,0.046486902280652664,0.11065245483698481,4.184030278780821e45,-1.0,6.0
860.4611811637878,4000.0,1553.88,14.88,6828.0,2.08,1.919788979151525e22,4.184030278780821e45,3.0273176498694437e23,-0.9999999938001088,0.03712420200913969,0.046486902280652664,0.11065245483698481,4.184030278780821e45,-1.0,6.0
865.5582699775696,4024.0,1576.92,14.88,6828.0,2.08,1.919788979151525e22,4.184030278780821e45,3.0273176498694437e23,-0.9999999938001088,0.037124202021955245,0.046486902280652664,0.11065245483698481,4.184030278780821e45,-1.0,6.0
870.6886851787567,4042.0,1574.44,14.88,6828.0,2.08,1.919788979151525e22,4.184030278780821e45,3.0273176498694437e23,-0.9999999938001088,0.03712420203441065,0.046486902280652664,0.11065245483698481,4.184030278780821e45,-1.0,6.0
875.7629570960999,4065.0,1595.68,14.88,6828.0,2.08,1.919788979151525e22,4.184030278780821e45,3.0273176498694437e23,-0.9999999938001088,0.03712420204837082,0.046486902280652664,0.11065245483698481,4.184030278780821e45,-1.0,6.0
880.7765040397644,4088.0,1617.96,14.88,6828.0,2.08,1.919788979151525e22,4.184030278780821e45,3.0273176498694437e23,-0.9999999938001088,0.03712420205457276,0.046486902280652664,0.11065245483698481,4.184030278780821e45,-1.0,6.0
885.9720809459686,4112.0,1640.72,14.88,6828.0,2.08,1.919788979151525e22,4.184030278780821e45,3.0273176498694437e23,-0.9999999938001088,0.037124202073177216,0.046486902280652664,0.11065245483698481,4.184030278780821e45,-1.0,6.0
890.9721491336823,4135.0,1662.8,14.88,6828.0,2.08,1.919788979151525e22,4.184030278780821e45,3.0273176498694437e23,-0.9999999938001088,0.03712420208402981,0.046486902280652664,0.11065245483698481,4.184030278780821e45,-1.0,6.0
896.1568200588226,4159.0,1668.56,14.88,6828.0,2.08,1.919788979151525e22,4.184030278780821e45,3.0273176498694437e23,-0.9999999938001088,0.037124202096432565,0.046486902280652664,0.11065245483698481,4.184030278780821e45,-1.0,6.0
901.1962530612946,4182.0,1690.52,14.88,6828.0,2.08,1.919788979151525e22,4.184030278780821e45,3.0273176498694437e23,-0.9999999938001088,0.03712420211503676,0.046486902280652664,0.11065245483698481,4.184030278780821e45,-1.0,6.0
906.2146401405334,4205.0,1712.56,14.88,6828.0,2.08,1.919788979151525e22,4.184030278780821e45,3.0273176498694437e23,-0.9999999938001088,0.03712420213519126,0.046486902280652664,0.11065245483698481,4.184030278780821e45,-1.0,6.0
911.4402191638947,4229.0,1735.68,14.88,6828.0,2.08,1.919788979151525e22,4.184030278780821e45,3.0273176498694437e23,-0.9999999938001088,0.037124202142942944,0.046486902280652664,0.11065245483698481,4.184030278780821e45,-1.0,6.0
916.4470150470734,4252.0,1757.68,14.88,6828.0,2.08,1.919788979151525e22,4.184030278780821e45,3.0273176498694437e23,-0.9999999938001088,0.0371242021506946,0.046486902280652664,0.11065245483698481,4.184030278780821e45,-1.0,6.0
921.4669561386108,4275.0,1775.4,14.88,6828.0,2.08,1.919788979151525e22,4.184030278780821e45,3.0273176498694437e23,-0.9999999938001088,0.03712420216309729,0.046486902280652664,0.11065245483698481,4.184030278780821e45,-1.0,6.0
926.6694691181183,4299.0,1766.36,14.88,6828.0,2.08,1.919788979151525e22,4.184030278780821e45,3.02731764668348e23,-0.9999999938001088,0.03712420217705022,0.046486902280652664,0.11065245483698481,4.184030278780821e45,-1.0,6.0
931.7227580547333,4322.0,1788.4,14.88,6828.0,2.08,1.919788979151525e22,4.184030278780821e45,3.02731764668348e23,-0.9999999938001088,0.03712420218790245,0.046486902280652664,0.11065245483698481,4.184030278780821e45,-1.0,6.0
936.9215490818024,4346.0,1811.52,14.88,6828.0,2.08,1.919788979151525e22,4.184030278780821e45,3.02731764668348e23,-0.9999999938001088,0.037124208109555565,0.046486902280652664,0.11065245483698481,4.184030278780821e45,-1.0,6.0
941.9555130004883,4369.0,1833.52,14.88,6828.0,2.08,1.919788979151525e22,4.184030278780821e45,3.02731764668348e23,-0.9999999938001088,0.03712420811891144,0.046486902280652664,0.11065245483698481,4.184030278780821e45,-1.0,6.0
947.1737351417542,4393.0,1856.64,14.88,6828.0,2.08,1.919788979151525e22,4.184030278780821e45,3.02731764668348e23,-0.9999999938001088,0.0371242081313168,0.046486902280652664,0.11065245483698481,4.184030278780821e45,-1.0,6.0
952.229485988617,4416.0,1878.68,14.88,6828.0,2.08,1.919788979151525e22,4.184030278780821e45,3.02731764668348e23,-0.9999999938001088,0.03712420814370908,0.046486902280652664,0.11065245483698481,4.184030278780821e45,-1.0,6.0
957.2788691520691,4439.0,1865.24,14.88,6827.92,2.08,1.919788979151525e22,4.184030278780821e45,3.02731764668348e23,-0.9999999938001088,0.03712420815300209,0.046486902280652664,0.11065245483698481,4.184030278780821e45,-1.0,6.0
962.2958769798279,4462.0,1887.4,14.88,6827.92,2.08,1.919788979151525e22,4.184030278780821e45,3.02731764668348e23,-0.9999999938001088,0.0371242081653925,0.046486902280652664,0.11065245483698481,4.184030278780821e45,-1.0,6.0
967.3778581619263,4485.0,1909.48,14.88,6827.92,2.08,1.919788979151525e22,4.184030278780821e45,3.02731764668348e23,-0.9999999938001088,0.037124208176234026,0.046486902280652664,0.11065245483698481,4.184030278780821e45,-1.0,6.0
972.4662029743195,4508.0,1931.48,14.88,6827.92,2.08,1.919788979151525e22,4.184030278780821e45,3.02731764668348e23,-0.9999999938001088,0.03712421415505202,0.046486902280652664,0.11065245483698481,4.184030278780821e45,-1.0,6.0
977.5083441734314,4531.0,1950.08,14.88,6827.92,2.08,1.919788979151525e22,4.184030278780821e45,3.02731764668348e23,-0.9999999938001088,0.03712421416762575,0.046486902280652664,0.11065245483698481,4.184030278780821e45,-1.0,6.0
982.7219729423523,4555.0,1972.96,14.88,6827.92,2.08,1.919788979151525e22,4.184030278780821e45,3.02731764668348e23,-0.9999999938001088,0.037124214180028564,0.046486902280652664,0.11065245483698481,4.184030278780821e45,-1.0,6.0
987.73459815979,4578.0,1898.2,14.88,6828.64,2.08,1.919788979151525e22,4.184030278780821e45,3.02731764668348e23,-0.9999999938001088,0.03712422015931854,0.046486902280652664,0.11065245483698481,4.184030278780821e45,-1.0,6.0
992.9226801395416,4602.0,1921.24,14.88,6828.64,2.08,1.919788979151525e22,4.184030278780821e45,3.02731764668348e23,-0.9999999938001088,0.037124220173255555,0.046486902280652664,0.11065245483698481,4.184030278780821e45,-1.0,6.0
997.9234869480133,4625.0,1943.32,14.88,6828.64,2.08,1.919788979151525e22,4.184030278780821e45,3.02731764668348e23,-0.9999999938001088,0.037124234832104155,0.046486902280652664,0.11065245483698481,4.184030278780821e45,-1.0,6.0
1003.1139011383057,4649.0,1952.28,14.88,6828.64,2.08,1.919788979151525e22,4.184030278780821e45,3.02731764668348e23,-0.9999999938001088,0.03712423484591853,0.046486902280652664,0.11065245483698481,4.184030278780821e45,-1.0,6.0
1008.1543190479279,4672.0,1974.36,14.88,6828.64,2.08,1.919788979151525e22,4.184030278780821e45,3.02731764668348e23,-0.9999999938001088,0.037124239887597915,0.046486902280652664,0.11065245483698481,4.184030278780821e45,-1.0,6.0
1013.2016949653625,4695.0,1996.44,14.88,6828.64,2.08,1.919788979151525e22,4.184030278780821e45,3.02731764668348e23,-0.9999999938001088,0.03712423990080447,0.046486902280652664,0.11065245483698481,4.184030278780821e45,-1.0,6.0
1018.4062919616699,4719.0,2019.52,14.88,6828.64,2.08,1.919788979151525e22,4.184030278780821e45,3.02731764668348e23,-0.9999999938001088,0.037124239911696305,0.046486902280652664,0.11065245483698481,4.184030278780821e45,-1.0,6.0
1023.4260580539703,4742.0,2041.52,14.88,6828.64,2.08,1.919788979151525e22,4.184030278780821e45,3.02731764668348e23,-0.9999999938001088,0.03712423992403992,0.046486902280652664,0.11065245483698481,4.184030278780821e45,-1.0,6.0
1028.477432012558,4765.0,2063.6,14.88,6828.64,2.08,1.919788979151525e22,4.184030278780821e45,3.02731764668348e23,-0.9999999938001088,0.03712423993790806,0.046486902280652664,0.11065245483698481,4.184030278780821e45,-1.0,6.0
1033.5286519527435,4788.0,2085.68,14.88,6828.64,2.08,1.919788979151525e22,4.184030278780821e45,3.02731764668348e23,-0.9999999938001088,0.037124239950233374,0.046486902280652664,0.11065245483698481,4.184030278780821e45,-1.0,6.0
1038.6459889411926,4811.0,2107.8,14.88,6828.64,2.08,1.919788979151525e22,4.184030278780821e45,3.02731764668348e23,-0.9999999938001088,0.037124239962558515,0.046486902280652664,0.11065245483698481,4.184030278780821e45,-1.0,6.0
1043.739669084549,4834.0,2129.96,14.88,6828.64,2.08,1.919788979151525e22,4.184030278780821e45,3.02731764668348e23,-0.9999999938001088,0.0371242399671804,0.046486902280652664,0.11065245483698481,4.184030278780821e45,-1.0,6.0
1048.8312540054321,4857.0,2067.44,14.88,6828.64,2.08,1.919788979151525e22,4.184030278780821e45,3.02731764668348e23,-0.9999999938001088,0.03712424047760296,0.046486902280652664,0.11065245483698481,4.184030278780821e45,-1.0,6.0
1053.9924590587616,4880.0,2089.56,14.88,6828.64,2.08,1.919788979151525e22,4.184030278780821e45,3.02731764668348e23,-0.9999999938001088,0.03712424043817703,0.046486902280652664,0.11065245483698481,4.184030278780821e45,-1.0,6.0
1059.1029529571533,4903.0,2111.6,14.88,6828.64,2.08,1.919788979151525e22,4.184030278780821e45,3.02731764668348e23,-0.9999999938001088,0.0371242404325437,0.046486902280652664,0.11065245483698481,4.184030278780821e45,-1.0,6.0
1064.1638691425323,4926.0,2133.68,14.88,6828.64,2.08,1.919788979151525e22,4.184030278780821e45,3.02731764668348e23,-0.9999999938001088,0.03712444172059764,0.046486902280652664,0.11065245483698481,4.184030278780821e45,-1.0,6.0
1069.258208990097,4949.0,2156.0,14.88,6828.64,2.08,1.919788979151525e22,4.184030278780821e45,3.02731764668348e23,-0.9999999938001088,0.03712444741911703,0.046486902280652664,0.11065245483698481,4.184030278780821e45,-1.0,6.0
1074.2933440208435,4972.0,2025.56,14.88,6972.0,2.08,1.919788979151525e22,4.184030278780821e45,3.02731764668348e23,-0.9999999938001088,0.03712446195371601,0.046486902280652664,0.11065245483698481,4.184030278780821e45,-1.0,6.0
1079.3537919521332,4995.0,2048.4,14.88,6972.0,2.08,1.919788979151525e22,4.184030278780821e45,3.02731764668348e23,-0.9999999938001088,0.03712446195827487,0.046486902280652664,0.11065245483698481,4.184030278780821e45,-1.0,6.0
1084.3855891227722,5018.0,2070.0,14.88,6972.0,2.08,1.919788979151525e22,4.184030278780821e45,3.02731764668348e23,-0.9999999938001088,0.03712446196873806,0.046486902280652664,0.11065245483698481,4.184030278780821e45,-1.0,6.0
1089.4496011734009,5041.0,2088.72,14.88,6972.0,2.08,1.919788979151525e22,4.184030278780821e45,3.02731764668348e23,-0.9999999938001088,0.03712446763595645,0.046486902280652664,0.11065245483698481,4.184030278780821e45,-1.0,6.0
1094.6581921577454,5065.0,2111.72,14.88,6972.0,2.08,1.919788979151525e22,4.184030278780821e45,3.02731764668348e23,-0.9999999938001088,0.03712447329968145,0.046486902280652664,0.11065245483698481,4.184030278780821e45,-1.0,6.0
1099.6889140605927,5088.0,2134.32,14.88,6972.0,2.08,1.919788979151525e22,4.184030278780821e45,3.02731764668348e23,-0.9999999938001088,0.03712447330568415,0.046486902280652664,0.11065245483698481,4.184030278780821e45,-1.0,6.0
1104.717038154602,5111.0,2155.88,14.88,6972.0,2.08,1.919788979151525e22,4.184030278780821e45,3.02731764668348e23,-0.9999999938001088,0.03712447332053297,0.046486902280652664,0.11065245483698481,4.184030278780821e45,-1.0,6.0
1109.9283859729767,5135.0,2132.0,14.88,6971.96,2.08,1.919788979151525e22,4.184030278780821e45,3.02731764668348e23,-0.9999999938001088,0.03712447332942045,0.046486902280652664,0.11065245483698481,4.184030278780821e45,-1.0,6.0
1114.9444661140442,5158.0,1935.423076923077,14.615384615384615,6704.615384615385,2.0384615384615383,1.919788979151525e22,4.184030278780821e45,3.02731764668348e23,-0.9999999938001088,0.03713006827919885,0.046486902280652664,0.11065245483698481,4.184030278780821e45,-1.0,6.0
1120.0190370082855,5181.0,1957.8461538461538,14.615384615384615,6704.615384615385,2.0384615384615383,1.919788979151525e22,4.184030278780821e45,3.02731764668348e23,-0.9999999938001088,0.03713006827919885,0.046486902280652664,0.11065245483698481,4.184030278780821e45,-1.0,6.0
1125.034471988678,5204.0,1978.5,14.615384615384615,6704.576923076923,2.0384615384615383,1.919788979151525e22,4.184030278780821e45,3.02731764668348e23,-0.9999999938001088,0.03713006860119464,0.046486902280652664,0.11065245483698481,4.184030278780821e45,-1.0,6.0
1130.0727360248566,5227.0,1999.7307692307693,14.615384615384615,6704.576923076923,2.0384615384615383,1.919788979151525e22,4.184030278780821e45,3.02731764668348e23,-0.9999999938001088,0.03713006892307436,0.046486902280652664,0.11065245483698481,4.184030278780821e45,-1.0,6.0
1135.103268146515,5250.0,2021.8461538461538,14.615384615384615,6704.615384615385,2.0384615384615383,1.919788979151525e22,4.184030278780821e45,3.02731764668348e23,-0.9999999938001088,0.03713006943331197,0.046486902280652664,0.11065245483698481,4.184030278780821e45,-1.0,6.0
1140.155552148819,5273.0,1949.5,14.615384615384615,6705.384615384615,2.0384615384615383,1.919788979151525e22,4.184030278780821e45,3.02731764668348e23,-0.9999999938001088,0.03713006943331198,0.046486902280652664,0.11065245483698481,4.184030278780821e45,-1.0,6.0
1145.2117540836334,5296.0,1972.5,14.615384615384615,6705.384615384615,2.0384615384615383,1.919788979151525e22,4.184030278780821e45,3.02731764668348e23,-0.9999999938001088,0.03713006943331198,0.046486902280652664,0.11065245483698481,4.184030278780821e45,-1.0,6.0
1150.2680060863495,5319.0,1995.5,14.615384615384615,6705.384615384615,2.0384615384615383,1.919788979151525e22,4.184030278780821e45,3.02731764668348e23,-0.9999999938001088,0.03713006943331198,0.046486902280652664,0.11065245483698481,4.184030278780821e45,-1.0,6.0
1155.483174085617,5343.0,2019.5,14.615384615384615,6705.384615384615,2.0384615384615383,1.919788979151525e22,4.184030278780821e45,3.02731764668348e23,-0.9999999938001088,0.03713006943331198,0.046486902280652664,0.11065245483698481,4.184030278780821e45,-1.0,6.0
1160.48654794693,5366.0,2042.5,14.615384615384615,6705.384615384615,2.0384615384615383,1.919788979151525e22,4.184030278780821e45,3.02731764668348e23,-0.9999999938001088,0.03713006943331198,0.046486902280652664,0.11065245483698481,4.184030278780821e45,-1.0,6.0
1165.4929599761963,5389.0,2065.5,14.615384615384615,6705.384615384615,2.0384615384615383,1.919788979151525e22,4.184030278780821e45,3.02731764668348e23,-0.9999999938001088,0.03713006943331198,0.046486902280652664,0.11065245483698481,4.184030278780821e45,-1.0,6.0
1170.4981000423431,5412.0,2088.5,14.615384615384615,6705.384615384615,2.0384615384615383,1.919788979151525e22,4.184030278780821e45,3.02731764668348e23,-0.9999999938001088,0.03713006943331198,0.046486902280652664,0.11065245483698481,4.184030278780821e45,-1.0,6.0
1175.5256700515747,5435.0,2104.846153846154,14.615384615384615,6705.384615384615,2.0384615384615383,1.919788979151525e22,4.184030278780821e45,3.02731764668348e23,-0.9999999938001088,0.03713006969514573,0.046486902280652664,0.11065245483698481,4.184030278780821e45,-1.0,6.0
1180.5491790771484,5458.0,2127.846153846154,14.615384615384615,6705.384615384615,2.0384615384615383,1.919788979151525e22,4.184030278780821e45,3.02731764668348e23,-0.9999999938001088,0.03713006969514573,0.046486902280652664,0.11065245483698481,4.184030278780821e45,-1.0,6.0
1185.6190271377563,5481.0,2150.846153846154,14.615384615384615,6705.384615384615,2.0384615384615383,1.919788979151525e22,4.184030278780821e45,3.02731764668348e23,-0.9999999938001088,0.03713006969514573,0.046486902280652664,0.11065245483698481,4.184030278780821e45,-1.0,6.0
1190.6660449504852,5504.0,2173.846153846154,14.615384615384615,6705.384615384615,2.0384615384615383,1.919788979151525e22,4.184030278780821e45,3.02731764668348e23,-0.9999999938001088,0.03713006969514573,0.046486902280652664,0.11065245483698481,4.184030278780821e45,-1.0,6.0
1195.7383229732513,5527.0,2193.653846153846,14.615384615384615,6705.384615384615,2.0384615384615383,1.919788979151525e22,4.184030278780821e45,3.02731764668348e23,-0.9999999938001088,0.03713006995961967,0.046486902280652664,0.11065245483698481,4.184030278780821e45,-1.0,6.0
1200.909383058548,5551.0,2195.423076923077,14.615384615384615,6704.846153846154,2.0384615384615383,1.919788979151525e22,4.184030278780821e45,3.02731764668348e23,-0.9999999938001088,0.03713006995961967,0.046486902280652664,0.11065245483698481,4.184030278780821e45,-1.0,6.0
1205.9576361179352,5574.0,2218.423076923077,14.615384615384615,6704.846153846154,2.0384615384615383,1.919788979151525e22,4.184030278780821e45,3.02731764668348e23,-0.9999999938001088,0.03713006995961967,0.046486902280652664,0.11065245483698481,4.184030278780821e45,-1.0,6.0
1211.0013880729675,5597.0,2241.423076923077,14.615384615384615,6704.846153846154,2.0384615384615383,1.919788979151525e22,4.184030278780821e45,3.02731764668348e23,-0.9999999938001088,0.03713006995961967,0.046486902280652664,0.11065245483698481,4.184030278780821e45,-1.0,6.0
1216.0243861675262,5620.0,2264.423076923077,14.615384615384615,6704.846153846154,2.0384615384615383,1.919788979151525e22,4.184030278780821e45,3.02731764668348e23,-0.9999999938001088,0.03713006995961967,0.046486902280652664,0.11065245483698481,4.184030278780821e45,-1.0,6.0
1221.230544090271,5644.0,2288.423076923077,14.615384615384615,6704.846153846154,2.0384615384615383,1.919788979151525e22,4.184030278780821e45,3.02731764668348e23,-0.9999999938001088,0.03713006995961967,0.046486902280652664,0.11065245483698481,4.184030278780821e45,-1.0,6.0
1226.240525007248,5667.0,2311.423076923077,14.615384615384615,6704.846153846154,2.0384615384615383,1.919788979151525e22,4.184030278780821e45,3.02731764668348e23,-0.9999999938001088,0.03713006995961967,0.046486902280652664,0.11065245483698481,4.184030278780821e45,-1.0,6.0
1231.3467631340027,5690.0,2329.730769230769,14.615384615384615,6744.2307692307695,2.0384615384615383,1.919788979151525e22,4.184030278780821e45,3.02731764668348e23,-0.9999999938001088,0.03713006995961967,0.046486902280652664,0.11065245483698481,4.184030278780821e45,-1.0,6.0
1236.4767479896545,5713.0,2330.923076923077,14.615384615384615,6744.2307692307695,2.0384615384615383,1.919788979151525e22,4.184030278780821e45,3.02731764668348e23,-0.9999999938001088,0.03713006995961967,0.046486902280652664,0.11065245483698481,4.184030278780821e45,-1.0,6.0
1241.5397551059723,5736.0,2277.8846153846152,14.615384615384615,6744.192307692308,2.0384615384615383,1.919788979151525e22,4.184030278780821e45,3.02731764668348e23,-0.9999999938001088,0.03713006995961967,0.046486902280652664,0.11065245483698481,4.184030278780821e45,-1.0,6.0
1246.615403175354,5759.0,2300.8846153846152,14.615384615384615,6744.192307692308,2.0384615384615383,1.919788979151525e22,4.184030278780821e45,3.02731764668348e23,-0.9999999938001088,0.03713006995961967,0.046486902280652664,0.11065245483698481,4.184030278780821e45,-1.0,6.0
1251.6409239768982,5782.0,2281.1153846153848,14.615384615384615,6744.192307692308,2.0384615384615383,1.919788979151525e22,4.184030278780821e45,3.02731764668348e23,-0.9999999938001088,0.03713006995961967,0.046486902280652664,0.11065245483698481,4.184030278780821e45,-1.0,6.0
1256.677346944809,5805.0,2304.1153846153848,14.615384615384615,6744.192307692308,2.0384615384615383,1.919788979151525e22,4.184030278780821e45,3.02731764668348e23,-0.9999999938001088,0.03713006995961967,0.046486902280652664,0.11065245483698481,4.184030278780821e45,-1.0,6.0
1261.7648451328278,5828.0,2327.1153846153848,14.615384615384615,6744.192307692308,2.0384615384615383,1.919788979151525e22,4.184030278780821e45,3.02731764668348e23,-0.9999999938001088,0.03713006995961967,0.046486902280652664,0.11065245483698481,4.184030278780821e45,-1.0,6.0
1266.8946759700775,5851.0,2364.56,14.04,7145.6,1.96,1.919788979151525e22,4.184030278780821e45,3.0901390894670784e23,-0.9999999938001088,0.03713007114101186,0.046486902280652664,0.11065245483698481,4.184030278780821e45,-1.0,6.0
1271.9373750686646,5874.0,2386.72,14.04,7145.6,1.96,1.919788979151525e22,4.184030278780821e45,3.0901390894670784e23,-0.9999999938001088,0.037130071141143195,0.046486902280652664,0.11065245483698481,4.184030278780821e45,-1.0,6.0
1277.0631999969482,5897.0,2409.16,14.04,7145.6,1.96,1.919788979151525e22,4.184030278780821e45,3.0901390894670784e23,-0.9999999938001088,0.03713007114129729,0.046486902280652664,0.11065245483698481,4.184030278780821e45,-1.0,6.0
1282.102156162262,5920.0,2431.16,14.04,7145.6,1.96,1.919788979151525e22,4.184030278780821e45,3.0901390894670784e23,-0.9999999938001088,0.037130071957695604,0.046486902280652664,0.11065245483698481,4.184030278780821e45,-1.0,6.0
1287.2452671527863,5943.0,2454.16,14.04,7145.6,1.96,1.919788979151525e22,4.184030278780821e45,3.0901390894670784e23,-0.9999999938001088,0.037130071957695604,0.046486902280652664,0.11065245483698481,4.184030278780821e45,-1.0,6.0
1292.4500679969788,5966.0,2477.16,14.04,7145.6,1.96,1.919788979151525e22,4.184030278780821e45,3.0901390894670784e23,-0.9999999938001088,0.037130071957695604,0.046486902280652664,0.11065245483698481,4.184030278780821e45,-1.0,6.0
1297.549479007721,5989.0,2500.16,14.04,7145.6,1.96,1.919788979151525e22,4.184030278780821e45,3.0901390894670784e23,-0.9999999938001088,0.037130071957695604,0.046486902280652664,0.11065245483698481,4.184030278780821e45,-1.0,6.0
1302.6238360404968,6012.0,2523.16,14.04,7145.6,1.96,1.919788979151525e22,4.184030278780821e45,3.0901390894670784e23,-0.9999999938001088,0.037130071957695604,0.046486902280652664,0.11065245483698481,4.184030278780821e45,-1.0,6.0
1307.7542560100555,6035.0,2546.16,14.04,7145.6,1.96,1.919788979151525e22,4.184030278780821e45,3.0901390894670784e23,-0.9999999938001088,0.037130071957695604,0.046486902280652664,0.11065245483698481,4.184030278780821e45,-1.0,6.0
1312.8369541168213,6058.0,2569.16,14.04,7145.6,1.96,1.919788979151525e22,4.184030278780821e45,3.0901390894670784e23,-0.9999999938001088,0.037130071957695604,0.046486902280652664,0.11065245483698481,4.184030278780821e45,-1.0,6.0
1317.9770040512085,6081.0,2592.16,14.04,7145.6,1.96,1.919788979151525e22,4.184030278780821e45,3.0901390894670784e23,-0.9999999938001088,0.037130071957695604,0.046486902280652664,0.11065245483698481,4.184030278780821e45,-1.0,6.0
1323.007436990738,6104.0,2596.84,14.04,7145.6,1.96,1.919788979151525e22,4.184030278780821e45,3.0901390896425225e23,-0.9999999938001088,0.03713007206679369,0.046486902280652664,0.11065245483698481,4.184030278780821e45,-1.0,6.0
1328.200189113617,6128.0,2620.08,14.04,7145.6,1.96,1.919788979151525e22,4.184030278780821e45,3.0901390896425225e23,-0.9999999938001088,0.03713007206705357,0.046486902280652664,0.11065245483698481,4.184030278780821e45,-1.0,6.0
1333.240697145462,6151.0,2641.2,14.04,7145.64,1.96,1.919788979151525e22,4.184030278780821e45,3.090139089685939e23,-0.9999999938001088,0.03713007206705357,0.046486902280652664,0.11065245483698481,4.184030278780821e45,-1.0,6.0
1338.3279311656952,6174.0,2664.2,14.04,7145.64,1.96,1.919788979151525e22,4.184030278780821e45,3.090139089685939e23,-0.9999999938001088,0.03713007206705357,0.046486902280652664,0.11065245483698481,4.184030278780821e45,-1.0,6.0
1343.3609509468079,6197.0,2687.2,14.04,7145.64,1.96,1.919788979151525e22,4.184030278780821e45,3.090139089685939e23,-0.9999999938001088,0.03713007206705357,0.046486902280652664,0.11065245483698481,4.184030278780821e45,-1.0,6.0
1348.401015996933,6220.0,2710.2,14.04,7145.64,1.96,1.919788979151525e22,4.184030278780821e45,3.090139089685939e23,-0.9999999938001088,0.03713007206705357,0.046486902280652664,0.11065245483698481,4.184030278780821e45,-1.0,6.0
1353.483855009079,6243.0,2733.2,14.04,7145.64,1.96,1.919788979151525e22,4.184030278780821e45,3.090139089685939e23,-0.9999999938001088,0.03713007206705357,0.046486902280652664,0.11065245483698481,4.184030278780821e45,-1.0,6.0
1358.6523699760437,6266.0,2756.2,14.04,7145.64,1.96,1.919788979151525e22,4.184030278780821e45,3.090139089685939e23,-0.9999999938001088,0.03713007206705357,0.046486902280652664,0.11065245483698481,4.184030278780821e45,-1.0,6.0
1363.778212070465,6289.0,2779.2,14.04,7145.64,1.96,1.919788979151525e22,4.184030278780821e45,3.090139089685939e23,-0.9999999938001088,0.03713007206705357,0.046486902280652664,0.11065245483698481,4.184030278780821e45,-1.0,6.0
1368.9887371063232,6312.0,2796.08,14.04,7145.64,1.96,1.919788979151525e22,4.184030278780821e45,3.090139091894009e23,-0.9999999938001088,0.03713007206705357,0.046486902280652664,0.11065245483698481,4.184030278780821e45,-1.0,6.0
1374.1796679496765,6335.0,2819.08,14.04,7145.64,1.96,1.919788979151525e22,4.184030278780821e45,3.090139091894009e23,-0.9999999938001088,0.03713007206705357,0.046486902280652664,0.11065245483698481,4.184030278780821e45,-1.0,6.0
1379.364235162735,6358.0,2842.08,14.04,7145.64,1.96,1.919788979151525e22,4.184030278780821e45,3.090139091894009e23,-0.9999999938001088,0.03713007206705357,0.046486902280652664,0.11065245483698481,4.184030278780821e45,-1.0,6.0
1384.547255039215,6381.0,2721.72,14.04,7145.64,1.96,1.919788979151525e22,4.184030278780821e45,3.090139091894009e23,-0.9999999938001088,0.03713007234633437,0.04648690228664644,0.11065245483698481,4.184030278780821e45,-1.0,6.0
1389.711863040924,6404.0,2743.16,14.04,7145.64,1.96,1.919788979151525e22,4.184030278780821e45,3.090139091894009e23,-0.9999999938001088,0.037130072608332086,0.04648690228664644,0.11065245483698481,4.184030278780821e45,-1.0,6.0
1394.7922711372375,6427.0,2765.64,14.04,7145.64,1.96,1.919788979151525e22,4.184030278780821e45,3.090139091894009e23,-0.9999999938001088,0.03713007260840455,0.04648690228664644,0.11065245483698481,4.184030278780821e45,-1.0,6.0
1399.8570640087128,6450.0,2788.64,14.04,7145.64,1.96,1.919788979151525e22,4.184030278780821e45,3.090139091894009e23,-0.9999999938001088,0.03713007260840455,0.04648690228664644,0.11065245483698481,4.184030278780821e45,-1.0,6.0
1404.967730998993,6473.0,2809.64,14.04,7145.64,1.96,1.919788979151525e22,4.184030278780821e45,3.090139091894009e23,-0.9999999938001088,0.037130072795253814,0.04648690228664644,0.11065245483698481,4.184030278780821e45,-1.0,6.0
1410.114529132843,6496.0,2831.48,14.04,7145.64,1.96,1.919788979151525e22,4.184030278780821e45,3.090139091894009e23,-0.9999999938001088,0.037130072795567036,0.04648690228664644,0.11065245483698481,4.184030278780821e45,-1.0,6.0
1415.23628616333,6519.0,2820.44,14.04,7191.72,1.96,1.919788979151525e22,4.184030278780821e45,3.090139091894009e23,-0.9999999938001088,0.03713007279589807,0.04648690228664644,0.11065245483698481,4.184030278780821e45,-1.0,6.0
1420.3749990463257,6542.0,2843.44,14.04,7191.72,1.96,1.919788979151525e22,4.184030278780821e45,3.090139091894009e23,-0.9999999938001088,0.03713007279589807,0.04648690228664644,0.11065245483698481,4.184030278780821e45,-1.0,6.0
1425.4677820205688,6565.0,2866.44,14.04,7191.72,1.96,1.919788979151525e22,4.184030278780821e45,3.090139091894009e23,-0.9999999938001088,0.03713007279589807,0.04648690228664644,0.11065245483698481,4.184030278780821e45,-1.0,6.0
1430.6512851715088,6588.0,2889.44,14.04,7191.72,1.96,1.919788979151525e22,4.184030278780821e45,3.090139091894009e23,-0.9999999938001088,0.03713007279589807,0.04648690228664644,0.11065245483698481,4.184030278780821e45,-1.0,6.0
1435.8152029514313,6611.0,2831.64,14.04,7191.0,1.96,1.919788979151525e22,4.184030278780821e45,3.090139091894009e23,-0.9999999938001088,0.03713007279589807,0.04648690228664644,0.11065245483698481,4.184030278780821e45,-1.0,6.0
1440.9500470161438,6634.0,2854.64,14.04,7191.0,1.96,1.919788979151525e22,4.184030278780821e45,3.090139091894009e23,-0.9999999938001088,0.03713007279589807,0.04648690228664644,0.11065245483698481,4.184030278780821e45,-1.0,6.0
1446.0260469913483,6657.0,2877.64,14.04,7191.0,1.96,1.919788979151525e22,4.184030278780821e45,3.090139091894009e23,-0.9999999938001088,0.03713007279589807,0.04648690228664644,0.11065245483698481,4.184030278780821e45,-1.0,6.0
1451.0980491638184,6680.0,2900.64,14.04,7191.0,1.96,1.919788979151525e22,4.184030278780821e45,3.090139091894009e23,-0.9999999938001088,0.03713007279589807,0.04648690228664644,0.11065245483698481,4.184030278780821e45,-1.0,6.0
1456.2558879852295,6703.0,2923.64,14.04,7191.0,1.96,1.919788979151525e22,4.184030278780821e45,3.090139091894009e23,-0.9999999938001088,0.03713007279589807,0.04648690228664644,0.11065245483698481,4.184030278780821e45,-1.0,6.0
1461.3824441432953,6726.0,2946.64,14.04,7191.0,1.96,1.919788979151525e22,4.184030278780821e45,3.090139091894009e23,-0.9999999938001088,0.03713007279589807,0.04648690228664644,0.11065245483698481,4.184030278780821e45,-1.0,6.0
1466.4666049480438,6749.0,2969.64,14.04,7191.0,1.96,1.919788979151525e22,4.184030278780821e45,3.090139091894009e23,-0.9999999938001088,0.03713007279589807,0.04648690228664644,0.11065245483698481,4.184030278780821e45,-1.0,6.0
1471.6262249946594,6772.0,2992.64,14.04,7191.0,1.96,1.919788979151525e22,4.184030278780821e45,3.090139091894009e23,-0.9999999938001088,0.03713007279589807,0.04648690228664644,0.11065245483698481,4.184030278780821e45,-1.0,6.0
1476.811844110489,6795.0,2899.923076923077,14.076923076923077,6917.076923076923,2.0,1.919788979151525e22,4.184030278780821e45,3.090139091894009e23,-0.9999999938001088,0.03713007279589807,0.04648690228664644,0.11065245483698481,4.184030278780821e45,-1.0,6.0
1481.8862071037292,6818.0,2922.923076923077,14.076923076923077,6917.076923076923,2.0,1.919788979151525e22,4.184030278780821e45,3.090139091894009e23,-0.9999999938001088,0.03713007279589807,0.04648690228664644,0.11065245483698481,4.184030278780821e45,-1.0,6.0
1487.0199301242828,6841.0,2945.923076923077,14.076923076923077,6917.076923076923,2.0,1.919788979151525e22,4.184030278780821e45,3.090139091894009e23,-0.9999999938001088,0.03713007279589807,0.04648690228664644,0.11065245483698481,4.184030278780821e45,-1.0,6.0
1492.2084741592407,6864.0,2968.923076923077,14.076923076923077,6917.076923076923,2.0,1.919788979151525e22,4.184030278780821e45,3.090139091894009e23,-0.9999999938001088,0.03713007279589807,0.04648690228664644,0.11065245483698481,4.184030278780821e45,-1.0,6.0
1497.4231750965118,6887.0,2991.923076923077,14.076923076923077,6917.076923076923,2.0,1.919788979151525e22,4.184030278780821e45,3.090139091894009e23,-0.9999999938001088,0.03713007279589807,0.04648690228664644,0.11065245483698481,4.184030278780821e45,-1.0,6.0
1502.4295899868011,6909.0,3013.923076923077,14.076923076923077,6917.076923076923,2.0,1.919788979151525e22,4.184030278780821e45,3.090139091894009e23,-0.9999999938001088,0.03713007279589807,0.04648690228664644,0.11065245483698481,4.184030278780821e45,-1.0,6.0
1507.5630900859833,6932.0,3012.730769230769,14.076923076923077,6917.076923076923,2.0,1.919788979151525e22,4.184030278780821e45,3.0901390894045383e23,-0.9999999938001088,0.03713007279589807,0.04648690228664644,0.11065245483698481,4.184030278780821e45,-1.0,6.0
1512.7329709529877,6955.0,3035.730769230769,14.076923076923077,6917.076923076923,2.0,1.919788979151525e22,4.184030278780821e45,3.0901390894045383e23,-0.9999999938001088,0.03713007279589807,0.04648690228664644,0.11065245483698481,4.184030278780821e45,-1.0,6.0
1517.7401809692383,6977.0,3057.730769230769,14.076923076923077,6917.076923076923,2.0,1.919788979151525e22,4.184030278780821e45,3.0901390894045383e23,-0.9999999938001088,0.03713007279589807,0.04648690228664644,0.11065245483698481,4.184030278780821e45,-1.0,6.0
1522.9450590610504,7000.0,3080.730769230769,14.076923076923077,6917.076923076923,2.0,1.919788979151525e22,4.184030278780821e45,3.0901390894045383e23,-0.9999999938001088,0.03713007279589807,0.04648690228664644,0.11065245483698481,4.184030278780821e45,-1.0,6.0
1528.1423711776733,7023.0,3103.730769230769,14.076923076923077,6917.076923076923,2.0,1.919788979151525e22,4.184030278780821e45,3.0901390894045383e23,-0.9999999938001088,0.03713007279589807,0.04648690228664644,0.11065245483698481,4.184030278780821e45,-1.0,6.0
1533.345810174942,7046.0,3106.230769230769,14.076923076923077,6917.076923076923,2.0,1.919788979151525e22,4.184030278780821e45,3.0901390894045383e23,-0.9999999938001088,0.03713011155136492,0.04648690228664644,0.11065245483698481,4.184030278780821e45,-1.0,6.0
1538.5530240535736,7069.0,3060.3846153846152,14.076923076923077,6917.076923076923,2.0,1.919788979151525e22,4.184030278780821e45,3.0901390894045383e23,-0.9999999938001088,0.03713011155134149,0.04648690228664644,0.11065245483698481,4.184030278780821e45,-1.0,6.0
1543.7690370082855,7092.0,3083.3846153846152,14.076923076923077,6917.076923076923,2.0,1.919788979151525e22,4.184030278780821e45,3.0901390894045383e23,-0.9999999938001088,0.03713011155134149,0.04648690228664644,0.11065245483698481,4.184030278780821e45,-1.0,6.0
1548.8024430274963,7114.0,3171.44,13.6,1950.28,1.92,1.919788979151525e22,4.184030278780821e45,2.6295655151481585e23,-0.9999999938001088,0.037366620080933714,0.04648690228664644,0.11065245483698481,4.184030278780821e45,-1.0,6.0
1553.8591721057892,7136.0,3193.44,13.6,1950.28,1.92,1.919788979151525e22,4.184030278780821e45,2.6295655151481585e23,-0.9999999938001088,0.037366620080933714,0.04648690228664644,0.11065245483698481,4.184030278780821e45,-1.0,6.0
1559.0326991081238,7159.0,3106.08,13.6,1950.28,1.92,1.919788979151525e22,4.184030278780821e45,2.6295654802971617e23,-0.9999999938001088,0.03736661997598451,0.04648690220489192,0.11065245483698481,4.184030278780821e45,-1.0,6.0
1564.0336861610413,7181.0,3128.08,13.6,1950.28,1.92,1.919788979151525e22,4.184030278780821e45,2.6295654802971617e23,-0.9999999938001088,0.03736661997598451,0.04648690220489192,0.11065245483698481,4.184030278780821e45,-1.0,6.0
1569.0406620502472,7203.0,3147.96,13.6,1950.28,1.92,1.919788979151525e22,4.184030278780821e45,2.629565517798497e23,-0.9999999938001088,0.03736661997598451,0.04648690220489192,0.11065245483698481,4.184030278780821e45,-1.0,6.0
1574.2486131191254,7226.0,3170.96,13.6,1950.28,1.92,1.919788979151525e22,4.184030278780821e45,2.629565517798497e23,-0.9999999938001088,0.03736661997598451,0.04648690220489192,0.11065245483698481,4.184030278780821e45,-1.0,6.0
1579.276174068451,7248.0,3070.923076923077,14.115384615384615,2034.2307692307693,2.0,1.919788979151525e22,4.184030278780821e45,2.6295655102487175e23,-0.9999999938001088,0.03736661997598451,0.04648690220489192,0.11065245483698481,4.184030278780821e45,-1.0,6.0
1584.4244511127472,7271.0,3093.923076923077,14.115384615384615,2034.2307692307693,2.0,1.919788979151525e22,4.184030278780821e45,2.6295655102487175e23,-0.9999999938001088,0.03736661997598451,0.04648690220489192,0.11065245483698481,4.184030278780821e45,-1.0,6.0
1589.6152880191803,7294.0,3116.923076923077,14.115384615384615,2034.2307692307693,2.0,1.919788979151525e22,4.184030278780821e45,2.6295655102487175e23,-0.9999999938001088,0.03736661997598451,0.04648690220489192,0.11065245483698481,4.184030278780821e45,-1.0,6.0
1594.8280081748962,7317.0,3139.923076923077,14.115384615384615,2034.2307692307693,2.0,1.919788979151525e22,4.184030278780821e45,2.6295655102487175e23,-0.9999999938001088,0.03736661997598451,0.04648690220489192,0.11065245483698481,4.184030278780821e45,-1.0,6.0
1599.9781091213226,7340.0,3162.923076923077,14.115384615384615,2034.2307692307693,2.0,1.919788979151525e22,4.184030278780821e45,2.6295655102487175e23,-0.9999999938001088,0.03736661997598451,0.04648690220489192,0.11065245483698481,4.184030278780821e45,-1.0,6.0
1605.160875082016,7363.0,2972.68,14.36,2114.76,2.04,1.919788979151525e22,4.184030278780821e45,2.6295655102487175e23,-0.9999999938001088,0.03736661997598451,0.04648690220489192,0.11065245483698481,4.184030278780821e45,-1.0,6.0
1610.3721630573273,7386.0,3106.625,13.833333333333334,2030.625,1.9583333333333333,1.919788979151525e22,4.184030278780821e45,2.6295655225419232e23,-0.9999999938001088,0.03736661997598451,0.04648690220489192,0.11065245483698481,4.184030278780821e45,-1.0,6.0
1615.3927521705627,7408.0,3128.625,13.833333333333334,2030.625,1.9583333333333333,1.919788979151525e22,4.184030278780821e45,2.6295655225419232e23,-0.9999999938001088,0.03736661997598451,0.04648690220489192,0.11065245483698481,4.184030278780821e45,-1.0,6.0
1620.584048986435,7431.0,3151.625,13.833333333333334,2030.625,1.9583333333333333,1.919788979151525e22,4.184030278780821e45,2.6295655225419232e23,-0.9999999938001088,0.03736661997598451,0.04648690220489192,0.11065245483698481,4.184030278780821e45,-1.0,6.0
1625.796823978424,7454.0,3174.625,13.833333333333334,2030.625,1.9583333333333333,1.919788979151525e22,4.184030278780821e45,2.6295655225419232e23,-0.9999999938001088,0.03736661997598451,0.04648690220489192,0.11065245483698481,4.184030278780821e45,-1.0,6.0
1630.9749660491943,7477.0,3197.625,13.833333333333334,2030.625,1.9583333333333333,1.919788979151525e22,4.184030278780821e45,2.6295655225419232e23,-0.9999999938001088,0.03736661997598451,0.04648690220489192,0.11065245483698481,4.184030278780821e45,-1.0,6.0
1636.1310770511627,7500.0,3220.625,13.833333333333334,2030.625,1.9583333333333333,1.919788979151525e22,4.184030278780821e45,2.6295655225419232e23,-0.9999999938001088,0.03736661997598451,0.04648690220489192,0.11065245483698481,4.184030278780821e45,-1.0,6.0
1641.2683670520782,7523.0,3213.7916666666665,13.833333333333334,2030.625,1.9583333333333333,1.919788979151525e22,4.184030278780821e45,2.6295655225419232e23,-0.9999999938001088,0.03736661997598451,0.04648690220489192,0.11065245483698481,4.184030278780821e45,-1.0,6.0
1646.4243199825287,7546.0,3236.7916666666665,13.833333333333334,2030.625,1.9583333333333333,1.919788979151525e22,4.184030278780821e45,2.6295655225419232e23,-0.9999999938001088,0.03736661997598451,0.04648690220489192,0.11065245483698481,4.184030278780821e45,-1.0,6.0
1651.5921320915222,7569.0,3259.7916666666665,13.833333333333334,2030.625,1.9583333333333333,1.919788979151525e22,4.184030278780821e45,2.6295655225419232e23,-0.9999999938001088,0.03736661997598451,0.04648690220489192,0.11065245483698481,4.184030278780821e45,-1.0,6.0
1656.6810841560364,7592.0,3282.7916666666665,13.833333333333334,2030.625,1.9583333333333333,1.919788979151525e22,4.184030278780821e45,2.6295655225419232e23,-0.9999999938001088,0.03736661997598451,0.04648690220489192,0.11065245483698481,4.184030278780821e45,-1.0,6.0
1661.7742991447449,7615.0,3174.0,14.28,2114.4,2.04,1.919788979151525e22,4.184030278780821e45,2.629565516088155e23,-0.9999999938001088,0.03736661997598451,0.04648690220489192,0.11065245483698481,4.184030278780821e45,-1.0,6.0
1666.872102022171,7638.0,3293.8333333333335,13.833333333333334,2030.625,1.9583333333333333,1.919788979151525e22,4.184030278780821e45,2.6295655224108193e23,-0.9999999938001088,0.03736661997598451,0.04648690220489192,0.11065245483698481,4.184030278780821e45,-1.0,6.0
1672.094714164734,7661.0,3316.25,13.833333333333334,2030.625,1.9583333333333333,1.919788979151525e22,4.184030278780821e45,2.6295655225414293e23,-0.9999999938001088,0.03736661997598451,0.04648690220489192,0.11065245483698481,4.184030278780821e45,-1.0,6.0
1677.2579870224,7684.0,3339.25,13.833333333333334,2030.625,1.9583333333333333,1.919788979151525e22,4.184030278780821e45,2.6295655225414293e23,-0.9999999938001088,0.03736661997598451,0.04648690220489192,0.11065245483698481,4.184030278780821e45,-1.0,6.0
1682.2716541290283,7706.0,3361.25,13.833333333333334,2030.625,1.9583333333333333,1.919788979151525e22,4.184030278780821e45,2.6295655225414293e23,-0.9999999938001088,0.03736661997598451,0.04648690220489192,0.11065245483698481,4.184030278780821e45,-1.0,6.0
1687.2730190753937,7728.0,3383.25,13.833333333333334,2030.625,1.9583333333333333,1.919788979151525e22,4.184030278780821e45,2.6295655225414293e23,-0.9999999938001088,0.03736661997598451,0.04648690220489192,0.11065245483698481,4.184030278780821e45,-1.0,6.0
1692.4707009792328,7751.0,3406.25,13.833333333333334,2030.625,1.9583333333333333,1.919788979151525e22,4.184030278780821e45,2.6295655225414293e23,-0.9999999938001088,0.03736661997598451,0.04648690220489192,0.11065245483698481,4.184030278780821e45,-1.0,6.0
1697.6154420375824,7774.0,3429.25,13.833333333333334,2030.625,1.9583333333333333,1.919788979151525e22,4.184030278780821e45,2.6295655225414293e23,-0.9999999938001088,0.03736661997598451,0.04648690220489192,0.11065245483698481,4.184030278780821e45,-1.0,6.0
1702.7911570072174,7797.0,3452.25,13.833333333333334,2030.625,1.9583333333333333,1.919788979151525e22,4.184030278780821e45,2.6295655225414293e23,-0.9999999938001088,0.03736661997598451,0.04648690220489192,0.11065245483698481,4.184030278780821e45,-1.0,6.0
1707.7929170131683,7819.0,3474.25,13.833333333333334,2030.625,1.9583333333333333,1.919788979151525e22,4.184030278780821e45,2.6295655225414293e23,-0.9999999938001088,0.03736661997598451,0.04648690220489192,0.11065245483698481,4.184030278780821e45,-1.0,6.0
1712.873379945755,7841.0,3496.25,13.833333333333334,2030.625,1.9583333333333333,1.919788979151525e22,4.184030278780821e45,2.6295655225414293e23,-0.9999999938001088,0.03736661997598451,0.04648690220489192,0.11065245483698481,4.184030278780821e45,-1.0,6.0
1717.8809781074524,7863.0,3518.25,13.833333333333334,2030.625,1.9583333333333333,1.919788979151525e22,4.184030278780821e45,2.6295655225414293e23,-0.9999999938001088,0.03736661997598451,0.04648690220489192,0.11065245483698481,4.184030278780821e45,-1.0,6.0
1723.0908851623535,7886.0,3541.25,13.833333333333334,2030.625,1.9583333333333333,1.919788979151525e22,4.184030278780821e45,2.6295655225414293e23,-0.9999999938001088,0.03736661997598451,0.04648690220489192,0.11065245483698481,4.184030278780821e45,-1.0,6.0
1728.3066861629486,7909.0,3564.25,13.833333333333334,2030.625,1.9583333333333333,1.919788979151525e22,4.184030278780821e45,2.6295655225414293e23,-0.9999999938001088,0.03736661997598451,0.04648690220489192,0.11065245483698481,4.184030278780821e45,-1.0,6.0
1733.5319690704346,7932.0,3587.25,13.833333333333334,2030.625,1.9583333333333333,1.919788979151525e22,4.184030278780821e45,2.6295655225414293e23,-0.9999999938001088,0.03736661997598451,0.04648690220489192,0.11065245483698481,4.184030278780821e45,-1.0,6.0
1738.7499890327454,7955.0,3610.25,13.833333333333334,2030.625,1.9583333333333333,1.919788979151525e22,4.184030278780821e45,2.6295655225414293e23,-0.9999999938001088,0.03736661997598451,0.04648690220489192,0.11065245483698481,4.184030278780821e45,-1.0,6.0
1743.930897951126,7978.0,3633.25,13.833333333333334,2030.625,1.9583333333333333,1.919788979151525e22,4.184030278780821e45,2.6295655225414293e23,-0.9999999938001088,0.03736661997598451,0.04648690220489192,0.11065245483698481,4.184030278780821e45,-1.0,6.0
1748.9616701602936,8000.0,3655.25,13.833333333333334,2030.625,1.9583333333333333,1.919788979151525e22,4.184030278780821e45,2.6295655225414293e23,-0.9999999938001088,0.03736661997598451,0.04648690220489192,0.11065245483698481,4.184030278780821e45,-1.0,6.0
1754.1651899814606,8023.0,3678.25,13.833333333333334,2030.625,1.9583333333333333,1.919788979151525e22,4.184030278780821e45,2.6295655225414293e23,-0.9999999938001088,0.03736661997598451,0.04648690220489192,0.11065245483698481,4.184030278780821e45,-1.0,6.0
1759.3484530448914,8046.0,3701.25,13.833333333333334,2030.625,1.9583333333333333,1.919788979151525e22,4.184030278780821e45,2.6295655225414293e23,-0.9999999938001088,0.03736661997598451,0.04648690220489192,0.11065245483698481,4.184030278780821e45,-1.0,6.0
1764.3696620464325,8068.0,3723.25,13.833333333333334,2030.625,1.9583333333333333,1.919788979151525e22,4.184030278780821e45,2.6295655225414293e23,-0.9999999938001088,0.03736661997598451,0.04648690220489192,0.11065245483698481,4.184030278780821e45,-1.0,6.0
1769.5896451473236,8091.0,3746.25,13.833333333333334,2030.625,1.9583333333333333,1.919788979151525e22,4.184030278780821e45,2.6295655225414293e23,-0.9999999938001088,0.03736661997598451,0.04648690220489192,0.11065245483698481,4.184030278780821e45,-1.0,6.0
1774.7736401557922,8114.0,3769.25,13.833333333333334,2030.625,1.9583333333333333,1.919788979151525e22,4.184030278780821e45,2.6295655225414293e23,-0.9999999938001088,0.03736661997598451,0.04648690220489192,0.11065245483698481,4.184030278780821e45,-1.0,6.0
1779.779953956604,8136.0,3791.25,13.833333333333334,2030.625,1.9583333333333333,1.919788979151525e22,4.184030278780821e45,2.6295655225414293e23,-0.9999999938001088,0.03736661997598451,0.04648690220489192,0.11065245483698481,4.184030278780821e45,-1.0,6.0
1784.9300320148468,8159.0,3814.25,13.833333333333334,2030.625,1.9583333333333333,1.919788979151525e22,4.184030278780821e45,2.6295655225414293e23,-0.9999999938001088,0.03736661997598451,0.04648690220489192,0.11065245483698481,4.184030278780821e45,-1.0,6.0
1790.1473939418793,8182.0,3771.5,13.833333333333334,2030.625,1.9583333333333333,1.919788979151525e22,4.184030278780821e45,2.6295655225414293e23,-0.9999999938001088,0.03736661997598451,0.04648690220489192,0.11065245483698481,4.184030278780821e45,-1.0,6.0
1795.3443381786346,8205.0,3794.5,13.833333333333334,2030.625,1.9583333333333333,1.919788979151525e22,4.184030278780821e45,2.6295655225414293e23,-0.9999999938001088,0.03736661997598451,0.04648690220489192,0.11065245483698481,4.184030278780821e45,-1.0,6.0
