time,generation,mean age hall_of_fame,mean compl,mean recursive_compl,mean n_params,min mae,min mse,min max_ae,min minus_r2,min mare,min q75_are,min max_are,min ms_processed_e,min minus_spearman,max penalty
13.675100088119507,1.0,0.0,8.5,16485.75,1.0,2.060299262083262,10.360646687378443,12.385647714161166,-0.9547971989059308,0.042603387359460954,0.056214363434896955,0.20507975616860552,10.360646687378443,-0.9611044417767107,5.0
18.872013092041016,12.0,2.111111111111111,9.333333333333334,11.444444444444445,1.5555555555555556,0.8210948447280302,1.0598716332413958,2.3318945802833255,-0.9953758517138683,0.02026619716390635,0.027066335123096644,0.06611533592982442,1.0598716332413958,-0.9878991596638655,4.0
24.11511516571045,26.0,4.2,13.333333333333334,14.266666666666667,2.2,0.7037023167783261,0.6992163059739283,1.8559225533743415,-0.9969493665256269,0.01645175793271288,0.023082328606371463,0.05090562215870434,0.6992163059739283,-0.992797118847539,5.0
29.151137113571167,39.0,4.6923076923076925,11.692307692307692,10.153846153846153,1.8461538461538463,0.4488121067960708,0.3281676880173529,1.7931327422199104,-0.9985682265620524,0.010503333795389138,0.012938295331015445,0.04138908542896948,0.3281676880173529,-0.996734693877551,5.0
34.20560312271118,56.0,8.947368421052632,15.631578947368421,15.631578947368421,2.473684210526316,0.41259051779873746,0.26856037257697146,1.4364906503424493,-0.9988282892497304,0.009776107165049747,0.011936868114744705,0.030282360970853385,0.26856037257697146,-0.9974069627851141,7.0
39.37520217895508,73.0,15.31578947368421,14.631578947368421,14.894736842105264,2.263157894736842,0.36199492954908047,0.21438261117325333,1.1586833020693135,-0.9990646631601966,0.00830698801429564,0.011461197390856695,0.026995153461326925,0.21438261117325333,-0.9975030012004802,5.0
44.51374411582947,90.0,25.58823529411765,13.941176470588236,14.941176470588236,2.176470588235294,0.35860428186535165,0.21438261117325333,1.1097809434807573,-0.9990646631601966,0.0081415565940576,0.011461197390856695,0.022687184387423953,0.21438261117325333,-0.9975030012004802,3.0
49.60503697395325,107.0,32.0,13.555555555555555,12.944444444444445,2.0,0.3270194532193607,0.1773524541024274,1.0703536358547723,-0.9992262232321749,0.00735176913808677,0.010568582878625285,0.02811880374321134,0.1773524541024274,-0.9969267707082833,3.0
54.68713712692261,124.0,41.529411764705884,13.529411764705882,12.647058823529411,2.0,0.31674715298409645,0.17144828802918283,1.0178368358373717,-0.9992519827096177,0.007184755806119968,0.01036840881030449,0.02172292084156644,0.17144828802918283,-0.9974069627851141,3.0
59.92517304420471,142.0,54.888888888888886,14.222222222222221,13.61111111111111,2.0555555555555554,0.31674715298409645,0.1712820400329198,1.0824911682489144,-0.9992527080383866,0.007184755806119968,0.010350213872910059,0.025230060892518925,0.1712820400329198,-0.9974069627851141,3.0
65.03781008720398,159.0,53.05263157894737,14.68421052631579,15.210526315789474,2.1052631578947367,0.3168014083447393,0.1712820400329198,1.0824911682489144,-0.9992527080383866,0.007185930934969251,0.010016593138441091,0.02523006089565753,0.1712820400329198,-0.9974069627851141,6.0
70.23114800453186,176.0,51.05263157894737,14.631578947368421,14.842105263157896,2.1052631578947367,0.3169070192340452,0.1712820400329198,1.0824911682489144,-0.9992527080383866,0.007188218374597435,0.010016593138440309,0.02523006089565753,0.1712820400329198,-0.9974069627851141,3.0
75.31228518486023,192.0,53.611111111111114,14.0,14.5,1.9444444444444444,0.3169070192340452,0.1712820400329198,1.0561007459884166,-0.9992527080383866,0.007188218374597435,0.01035010854872423,0.024743093697233546,0.1712820400329198,-0.9972148859543818,3.0
80.51480913162231,208.0,55.0,15.2,16.45,2.15,0.312002323892376,0.1681628588359198,0.9714336376541794,-0.9992663168150855,0.0071540142064391785,0.01001617566218041,0.024743093697233546,0.1681628588359198,-0.9975030012004802,4.0
85.72121000289917,224.0,56.666666666666664,15.571428571428571,16.857142857142858,2.1904761904761907,0.312002323892376,0.1681628588359198,0.9693716754841262,-0.9992663168150855,0.0071540142064391785,0.01001617566218041,0.024743093697233546,0.1681628588359198,-0.9975030012004802,4.0
90.93028116226196,240.0,67.55,15.1,17.05,2.1,0.312002323892376,0.1681628588359198,0.9693716754841262,-0.9992663168150855,0.0071540142064391785,0.01001617566218041,0.0247430939467993,0.1681628588359198,-0.9975030012004802,4.0
95.9501371383667,255.0,74.7,15.1,18.95,2.15,0.312002323892376,0.1681628588359198,0.9693716754841262,-0.9992663168150855,0.0071540142064391785,0.01001617566218041,0.02474309399219118,0.1681628588359198,-0.9975030012004802,6.0
101.01228308677673,270.0,85.0,13.5,13.944444444444445,2.0,0.3059814460350576,0.16517297761900182,0.9939017668623364,-0.9992793614647122,0.006970544759610514,0.01003594965292529,0.024414091414306383,0.16517297761900182,-0.9975990396158463,4.0
106.30939316749573,286.0,89.72222222222223,13.5,14.11111111111111,2.0,0.3059814460350576,0.16517297761900182,0.9939017668623364,-0.9992793614647122,0.006970544759610514,0.01003594965292529,0.024414091414306383,0.16517297761900182,-0.9975990396158463,4.0
111.53213620185852,302.0,94.38888888888889,13.5,14.11111111111111,2.0,0.3059814460350576,0.16517297761900182,0.9939017670221446,-0.9992793614647122,0.006970544759610514,0.01003594965292529,0.024414091414306383,0.16517297761900182,-0.9975990396158463,4.0
116.53850603103638,317.0,96.94736842105263,14.105263157894736,14.526315789473685,2.1052631578947367,0.30598173163321296,0.1651729374662245,0.9939017670221446,-0.9992793616398961,0.006970556655608284,0.010036008368225742,0.024414050537986214,0.1651729374662245,-0.9975990396158463,6.0
121.54693913459778,332.0,99.38095238095238,15.476190476190476,16.095238095238095,2.380952380952381,0.30598173163321296,0.16150274606681708,0.9939542758954545,-0.9992953744368585,0.006970556655608284,0.010036008368225742,0.024414050537986214,0.16150274606681708,-0.9975990396158463,6.0
126.56851005554199,347.0,96.80952380952381,15.619047619047619,18.142857142857142,2.380952380952381,0.30598173163321296,0.16101294472522285,0.9939542758954545,-0.9992975114070002,0.006970556655608284,0.009720972644308483,0.024102305594630977,0.16101294472522285,-0.9975990396158463,6.0
131.69084215164185,358.0,111.2,14.95,18.15,2.15,0.30598173163321296,0.16101294472522285,0.9939542758954545,-0.9992975114070002,0.006970556655608284,0.009720972644308483,0.024102305594630977,0.16101294472522285,-0.9975990396158463,6.0
136.84602904319763,373.0,119.3,14.9,16.05,2.2,0.30598173163321296,0.15152938405240607,0.9233862009342246,-0.9993388875411057,0.006916818267968425,0.009720972644308483,0.024102305594630977,0.15152938405240607,-0.9975990396158463,6.0
141.91383910179138,388.0,134.15,14.9,16.05,2.2,0.30598173163321296,0.15152927014008666,0.9233832185715514,-0.9993388880380975,0.006916817691070427,0.009720972644308483,0.024102305594630977,0.15152927014008666,-0.9975990396158463,6.0
146.97623014450073,403.0,139.3,14.9,16.05,2.2,0.30598173163321296,0.15152927014008666,0.9233832185715514,-0.9993388880380975,0.006916817691070427,0.009720972644308483,0.024102305594630977,0.15152927014008666,-0.9975990396158463,6.0
152.00634002685547,418.0,143.1,14.9,16.15,2.2,0.30598173163321296,0.15152927014008666,0.9233832185715514,-0.9993388880380975,0.006916817691070427,0.009720972644308483,0.024102305594630977,0.15152927014008666,-0.9975990396158463,4.0
157.06833720207214,433.0,158.1,14.9,16.15,2.2,0.30598173163321296,0.15152927014008666,0.9233832185715514,-0.9993388880380975,0.006916817691070427,0.009720972644308483,0.024102305594630977,0.15152927014008666,-0.9975990396158463,4.0
162.14790606498718,448.0,152.2,14.9,16.15,2.2,0.30598173163321296,0.15152927014008666,0.9233832185715514,-0.9993388880380975,0.006916817691070427,0.009720972644308483,0.024102305594630977,0.15152927014008666,-0.9975990396158463,4.0
167.28672814369202,463.0,154.33333333333334,15.523809523809524,16.523809523809526,2.380952380952381,0.3049152358866081,0.15152927014008666,0.9233832185715514,-0.9993388880380975,0.0068317925435486026,0.009720972644308483,0.023891055106538748,0.15152927014008666,-0.9975990396158463,4.0
172.4485251903534,478.0,168.47619047619048,15.523809523809524,16.238095238095237,2.4285714285714284,0.30491523619805394,0.15152927014008666,0.9233832185715514,-0.9993388880380975,0.006831792536128513,0.00946656580223914,0.023332893145413904,0.15152927014008666,-0.9977911164465786,4.0
177.615492105484,493.0,179.95238095238096,15.476190476190476,1576.095238095238,2.380952380952381,0.30491523619805394,0.15152927014008666,0.9233832185715514,-0.9993388880380975,0.006831792536128513,0.00946656580223914,0.023332893145413904,0.15152927014008666,-0.9977911164465786,4.0
182.84612107276917,508.0,175.45454545454547,15.863636363636363,1506.6363636363637,2.4545454545454546,0.30491523619805394,0.15152927014008666,0.9233832185715514,-0.9993388880380975,0.006831792536128513,0.0096064835167471,0.024102305594630977,0.15152927014008666,-0.9977911164465786,4.0
188.08386301994324,523.0,179.28571428571428,15.952380952380953,1674.904761904762,2.5238095238095237,0.30491523619805394,0.15152927014008666,0.9233832185715514,-0.9993388880380975,0.006831792536128513,0.0096064835167471,0.024102305594630977,0.15152927014008666,-0.9977911164465786,4.0
193.3666980266571,538.0,194.28571428571428,15.952380952380953,1674.904761904762,2.5238095238095237,0.30491523619805394,0.15152927014008666,0.9233832185715514,-0.9993388880380975,0.006831792536128513,0.0096064835167471,0.024102305594630977,0.15152927014008666,-0.9977911164465786,4.0
198.62697911262512,553.0,213.75,15.5,1756.95,2.45,0.30491523619805394,0.15152927014008666,0.9233832185715514,-0.9993388880380975,0.006831792536128513,0.009623607277264457,0.02191515222943711,0.15152927014008666,-0.9977911164465786,4.0
203.84956216812134,568.0,207.1,15.5,1762.5,2.4,0.30420484747904547,0.15018092526564253,0.9207183429501242,-0.9993447707756336,0.0067060192428213036,0.009240499247956863,0.02191515222943711,0.15018092526564253,-0.9977911164465786,4.0
209.16816210746765,583.0,211.85714285714286,16.19047619047619,1680.4761904761904,2.5238095238095237,0.30420484746527926,0.1501809252589182,0.9207183429501242,-0.9993447707756629,0.006706019241987668,0.009240499241025898,0.02191515222943711,0.1501809252589182,-0.9977911164465786,4.0
214.4824981689453,598.0,228.3,15.7,1864.0,2.4,0.3042047040263403,0.15018083259524662,0.9207183429501242,-0.9993447711799482,0.006706009549795394,0.009240416371052482,0.02191515222943711,0.15018083259524662,-0.9976950780312125,4.0
219.70747709274292,613.0,240.15,15.7,1864.3,2.35,0.3034703724842732,0.15018083259524662,0.9207183429660617,-0.9993447711799482,0.006706009549795394,0.009240416371052482,0.02191515222943711,0.15018083259524662,-0.9976950780312125,4.0
224.96632313728333,628.0,256.05263157894734,15.0,344.3157894736842,2.210526315789474,0.3042047040263403,0.15018083259524662,0.9207183432307176,-0.9993447711799482,0.006706009549795394,0.009240416371052482,0.02224038030799726,0.15018083259524662,-0.9976950780312125,4.0
230.208722114563,643.0,281.8333333333333,14.166666666666666,361.55555555555554,2.0,0.29939827438302474,0.14988353582249367,0.9261264296496492,-0.9993460682656697,0.006692276695125803,0.009328646395366161,0.02303246630964586,0.14988353582249367,-0.9976950780312125,4.0
235.46376705169678,658.0,295.0,14.166666666666666,361.55555555555554,2.0,0.29939827438302474,0.14988353582249367,0.9261264296496492,-0.9993460682656697,0.006692276695125803,0.009328646395366161,0.02303246630964586,0.14988353582249367,-0.9976950780312125,4.0
240.46595215797424,672.0,296.44444444444446,14.166666666666666,361.55555555555554,2.0,0.29939827438302474,0.14988353582249367,0.9261264296496492,-0.9993460682656697,0.006692276695125803,0.009328646395366161,0.02303246630964586,0.14988353582249367,-0.9976950780312125,4.0
245.7557291984558,687.0,290.3333333333333,14.166666666666666,362.3888888888889,1.9444444444444444,0.29939827438302474,0.14988353582249367,0.9261264296496492,-0.9993460682656697,0.006692276695125803,0.009328646395366161,0.02303246630964586,0.14988353582249367,-0.9976950780312125,4.0
250.7676661014557,701.0,304.3333333333333,14.166666666666666,362.3888888888889,1.9444444444444444,0.29939827438302474,0.14988353582249367,0.9261264296496492,-0.9993460682656697,0.006692276695125803,0.009328646395366161,0.02303246630964586,0.14988353582249367,-0.9976950780312125,4.0
255.87081599235535,715.0,313.6666666666667,14.166666666666666,362.3888888888889,1.9444444444444444,0.29939827438302474,0.14988353582249367,0.9261264296496492,-0.9993460682656697,0.006692276695125803,0.009328646395366161,0.02303246630964586,0.14988353582249367,-0.9976950780312125,4.0
260.9658281803131,729.0,318.1111111111111,14.166666666666666,362.3888888888889,1.9444444444444444,0.29939827438302474,0.14988353582249367,0.9261264296496492,-0.9993460682656697,0.006692276695125803,0.009328646395366161,0.02303246630964586,0.14988353582249367,-0.9976950780312125,4.0
265.9846441745758,743.0,294.94444444444446,14.166666666666666,1.0248191152060867e18,1.9444444444444444,0.29939827438302474,0.14988353582249367,0.9261264296496492,-0.9993460682656697,0.006692276695125803,0.009328646395366161,0.02303246630964586,0.14988353582249367,-0.9976950780312125,4.0
271.23883414268494,758.0,296.27777777777777,14.166666666666666,1.0248191152060864e18,1.9444444444444444,0.29939827438302474,0.14988353582249367,0.9261264296496492,-0.9993460682656697,0.006692276695125803,0.009328646395366161,0.02303246630964586,0.14988353582249367,-0.9976950780312125,4.0
276.35252118110657,772.0,308.8888888888889,14.166666666666666,362.44444444444446,1.9444444444444444,0.29939827438302474,0.14988353582249367,0.9261264296496492,-0.9993460682656697,0.006692276695125803,0.009328646395366161,0.02303246630964586,0.14988353582249367,-0.9976950780312125,4.0
281.4923241138458,786.0,322.3333333333333,14.166666666666666,362.44444444444446,1.9444444444444444,0.29939827438302474,0.14988353582249367,0.9261264296496492,-0.9993460682656697,0.006692276695125803,0.009328646395366161,0.02303246630964586,0.14988353582249367,-0.9976950780312125,4.0
286.59546303749084,800.0,288.94736842105266,14.894736842105264,345.10526315789474,2.1052631578947367,0.29939827438302474,0.14988353582249367,0.9230085201311127,-0.9993460682656697,0.006692276695125803,0.009328646395366161,0.02303246630964586,0.14988353582249367,-0.9976950780312125,4.0
291.5995090007782,814.0,291.5263157894737,14.894736842105264,345.10526315789474,2.1052631578947367,0.29939827438302474,0.14988353582249367,0.9230085198067499,-0.9993460682656697,0.006692276695125803,0.009328646395366161,0.02303246630964586,0.14988353582249367,-0.9976950780312125,4.0
296.831974029541,829.0,306.5263157894737,14.894736842105264,345.10526315789474,2.1052631578947367,0.29939827438302474,0.14988353582249367,0.9230085198067499,-0.9993460682656697,0.006692276695125803,0.009328646395366161,0.02303246630964586,0.14988353582249367,-0.9976950780312125,4.0
302.17346811294556,844.0,321.5263157894737,14.894736842105264,345.10526315789474,2.1052631578947367,0.29939827438302474,0.14988353582249367,0.9230085198067499,-0.9993460682656697,0.006692276695125803,0.009328646395366161,0.02303246630964586,0.14988353582249367,-0.9976950780312125,4.0
307.5256052017212,859.0,333.2631578947368,14.894736842105264,345.10526315789474,2.1052631578947367,0.29939827438302474,0.14988353582249367,0.9230085198067499,-0.9993460682656697,0.006692276695125803,0.009328646395366161,0.02303246630964586,0.14988353582249367,-0.9976950780312125,4.0
312.78280115127563,874.0,321.6,14.95,329.95,2.1,0.29939827438302474,0.14988353582249367,0.9230085198067499,-0.9993460682656697,0.006692276695125803,0.009328646395366161,0.02303246630964586,0.14988353582249367,-0.9976950780312125,4.0
317.97512316703796,889.0,324.7,14.95,329.95,2.1,0.29939827438302474,0.14988353582249367,0.9230085115394289,-0.9993460682656697,0.006692276695125803,0.009328646395366161,0.02303246630964586,0.14988353582249367,-0.9976950780312125,4.0
323.29029417037964,904.0,327.9,14.95,329.95,2.1,0.29939827438302474,0.14988353582249367,0.9230085115394289,-0.9993460682656697,0.006692276695125803,0.009328646395366161,0.02303246630964586,0.14988353582249367,-0.9976950780312125,4.0
328.56815099716187,919.0,314.25,14.9,342.55,2.1,0.29939827438302474,0.14988353582249367,0.9230085115394289,-0.9993460682656697,0.006692276695125803,0.009328646395366161,0.020951444026494705,0.14988353582249367,-0.9983673469387755,4.0
333.8225359916687,934.0,328.05,14.9,342.55,2.1,0.29939827438302474,0.14988353582249367,0.9230085115394289,-0.9993460682656697,0.006692276695125803,0.009328646395366161,0.02095144402800918,0.14988353582249367,-0.9983673469387755,4.0
339.15841603279114,949.0,331.35,14.9,342.55,2.1,0.29939827438302474,0.14988353582249367,0.9230085115394289,-0.9993460682656697,0.006692276695125803,0.009328646395366161,0.02095144402800918,0.14988353582249367,-0.9983673469387755,4.0
344.4556369781494,964.0,329.9047619047619,15.285714285714286,339.85714285714283,2.142857142857143,0.29939827438302474,0.14988353582249367,0.9230085115394289,-0.9993460682656697,0.006692276695125803,0.009328646395366161,0.02075140580700086,0.14988353582249367,-0.9983673469387755,4.0
349.67080307006836,979.0,295.76190476190476,15.238095238095237,231.71428571428572,2.0952380952380953,0.29939827438302474,0.14988353582249367,0.9230085115394289,-0.9993460682656697,0.006692276695125803,0.009328646395366161,0.020951444007804368,0.14988353582249367,-0.9983673469387755,6.0
354.9206941127777,994.0,303.23809523809524,15.238095238095237,220.47619047619048,2.0952380952380953,0.29939827438302474,0.14988353582249367,0.9230085115394289,-0.9993460682656697,0.006692276695125803,0.009328646395366161,0.020951171555476215,0.14988353582249367,-0.9983673469387755,6.0
360.1088960170746,1009.0,311.95238095238096,15.238095238095237,221.28571428571428,2.0952380952380953,0.29939827438302474,0.14988353582249367,0.9261264296496492,-0.9993460682656697,0.006692276695125803,0.00894987524348358,0.020823395695092093,0.14988353582249367,-0.9983673469387755,6.0
365.26381516456604,1024.0,326.95238095238096,15.238095238095237,221.28571428571428,2.0952380952380953,0.29939827438302474,0.14988353582249367,0.9261264296496492,-0.9993460682656697,0.006692276695125803,0.00894987524348358,0.020823395695092093,0.14988353582249367,-0.9983673469387755,6.0
370.4062180519104,1039.0,341.95238095238096,15.238095238095237,221.28571428571428,2.0952380952380953,0.29939827438302474,0.14988353582249367,0.9261264296496492,-0.9993460682656697,0.006692276695125803,0.00894987524348358,0.020823395695092093,0.14988353582249367,-0.9983673469387755,6.0
375.6018490791321,1054.0,355.0,15.238095238095237,220.23809523809524,2.0952380952380953,0.29939827438302474,0.14988353582249367,0.9261264296496492,-0.9993460682656697,0.006692276695125803,0.00894987524348358,0.020823395695092093,0.14988353582249367,-0.9983673469387755,6.0
380.90645718574524,1069.0,360.57142857142856,15.238095238095237,220.23809523809524,2.0952380952380953,0.29939827438302474,0.14988353582249367,0.9261264296496492,-0.9993460682656697,0.006692276695125803,0.00894987524348358,0.020823395695092093,0.14988353582249367,-0.9983673469387755,6.0
386.0804810523987,1084.0,371.23809523809524,15.238095238095237,220.23809523809524,2.0952380952380953,0.29939827438302474,0.14988353582249367,0.9261264296496492,-0.9993460682656697,0.006692276695125803,0.00894987524348358,0.020823395695092093,0.14988353582249367,-0.9983673469387755,6.0
391.362930059433,1099.0,386.23809523809524,15.238095238095237,220.23809523809524,2.0952380952380953,0.29939827438302474,0.14988353582249367,0.9261264296496492,-0.9993460682656697,0.006692276695125803,0.00894987524348358,0.020823395695092093,0.14988353582249367,-0.9983673469387755,6.0
396.6966760158539,1114.0,398.76190476190476,15.238095238095237,220.23809523809524,2.0952380952380953,0.29939827438302474,0.14988353582249367,0.9261264296496492,-0.9993460682656697,0.006692276695125803,0.00894987524348358,0.020823395695092093,0.14988353582249367,-0.9983673469387755,6.0
401.9386930465698,1129.0,413.76190476190476,15.238095238095237,220.23809523809524,2.0952380952380953,0.29939827438302474,0.14988353582249367,0.9261264296496492,-0.9993460682656697,0.006692276695125803,0.00894987524348358,0.020823395695092093,0.14988353582249367,-0.9983673469387755,6.0
407.2525610923767,1144.0,427.0,15.238095238095237,220.23809523809524,2.0952380952380953,0.29939827438302474,0.14988353582249367,0.9261264296496492,-0.9993460682656697,0.006692276695125803,0.00894987524348358,0.020823395695092093,0.14988353582249367,-0.9983673469387755,6.0
412.2687141895294,1158.0,441.0,15.238095238095237,220.23809523809524,2.0952380952380953,0.29939827438302474,0.14988353582249367,0.9261264296496492,-0.9993460682656697,0.006692276695125803,0.00894987524348358,0.020823395695092093,0.14988353582249367,-0.9983673469387755,6.0
417.3569161891937,1172.0,451.2857142857143,15.238095238095237,220.0952380952381,2.0952380952380953,0.29939827438302474,0.14988353582249367,0.9261264296496492,-0.9993460682656697,0.006692276695125803,0.00894987524348358,0.020823395695092093,0.14988353582249367,-0.9982713085234094,6.0
422.3898961544037,1186.0,465.2857142857143,15.238095238095237,220.0952380952381,2.0952380952380953,0.29939827438302474,0.14988353582249367,0.9261264296496492,-0.9993460682656697,0.006692276695125803,0.00894987524348358,0.020823395695092093,0.14988353582249367,-0.9982713085234094,6.0
427.51644015312195,1200.0,479.2857142857143,15.238095238095237,220.0952380952381,2.0952380952380953,0.29939827438302474,0.14988353582249367,0.9261264296496492,-0.9993460682656697,0.006692276695125803,0.00894987524348358,0.020823395695092093,0.14988353582249367,-0.9982713085234094,6.0
432.5824451446533,1214.0,475.76190476190476,15.238095238095237,220.0952380952381,2.0952380952380953,0.29939827438302474,0.14988353582249367,0.9261264296496492,-0.9993460682656697,0.006692276695125803,0.00894986095882643,0.020823399412023467,0.14988353582249367,-0.9982713085234094,6.0
437.6278600692749,1228.0,486.8095238095238,15.238095238095237,220.0952380952381,2.0952380952380953,0.29939827438302474,0.14988353582249367,0.9261264296496492,-0.9993460682656697,0.006692276695125803,0.00894986095882643,0.020823399412023467,0.14988353582249367,-0.9982713085234094,6.0
442.6745970249176,1242.0,500.3333333333333,15.238095238095237,220.0952380952381,2.0952380952380953,0.29939827438302474,0.14988353582249367,0.9261264296496492,-0.9993460682656697,0.006692276695125803,0.00894986095882643,0.020823399412023467,0.14988353582249367,-0.9982713085234094,6.0
447.7894940376282,1256.0,491.22727272727275,15.090909090909092,222.04545454545453,2.0454545454545454,0.29939827438302474,0.14988353582249367,0.9261264296496492,-0.9993460682656697,0.006692276695125803,0.00894986095882643,0.020823399412023467,0.14988353582249367,-0.9982713085234094,6.0
452.9681541919708,1270.0,483.4782608695652,15.26086956521739,213.8695652173913,2.0434782608695654,0.29939827438302474,0.14988353582249367,0.9261264296496492,-0.9993460682656697,0.006692276695125803,0.00894986095882643,0.020823399412023467,0.14988353582249367,-0.9982713085234094,6.0
458.1268060207367,1284.0,497.4782608695652,15.26086956521739,213.8695652173913,2.0434782608695654,0.29939827438302474,0.14988353582249367,0.9261264296496492,-0.9993460682656697,0.006692276695125803,0.00894986095882643,0.020823399412023467,0.14988353582249367,-0.9982713085234094,6.0
463.16590309143066,1298.0,460.1363636363636,15.045454545454545,221.5,2.0454545454545454,0.29939827438302474,0.14988353582249367,0.9261264296496492,-0.9993460682656697,0.006692276695125803,0.00894986095882643,0.020823399412023467,0.14988353582249367,-0.9982713085234094,6.0
468.19584798812866,1312.0,454.04347826086956,15.304347826086957,213.0,2.0869565217391304,0.29939827438302474,0.14988353582249367,0.9261264296496492,-0.9993460682656697,0.006692276695125803,0.00894986095882643,0.020823399412023467,0.14988353582249367,-0.9983673469387755,6.0
473.33453917503357,1326.0,466.7391304347826,15.304347826086957,213.0,2.0869565217391304,0.29939827438302474,0.14988353582249367,0.9261264296496492,-0.9993460682656697,0.006692276695125803,0.00894986095882643,0.020823399412023467,0.14988353582249367,-0.9983673469387755,6.0
478.46468710899353,1340.0,480.7391304347826,15.304347826086957,213.0,2.0869565217391304,0.29939827438302474,0.14988353582249367,0.9261264296496492,-0.9993460682656697,0.006692276695125803,0.00894986095882643,0.020823399412023467,0.14988353582249367,-0.9983673469387755,6.0
483.593533039093,1354.0,488.7826086956522,15.304347826086957,213.0,2.0869565217391304,0.29939827438302474,0.14988353582249367,0.9261264296496492,-0.9993460682656697,0.006692276695125803,0.00894968784223587,0.020823444882262978,0.14988353582249367,-0.9983673469387755,6.0
488.7277431488037,1368.0,486.40909090909093,15.363636363636363,222.0909090909091,2.090909090909091,0.29939827438302474,0.14988353582249367,0.9261264296496492,-0.9993460682656697,0.006692276695125803,0.00894968784223587,0.020823444882262978,0.14988353582249367,-0.9983673469387755,4.0
493.83400106430054,1382.0,500.40909090909093,15.363636363636363,222.0909090909091,2.090909090909091,0.29939827438302474,0.14988353582249367,0.9261264296496492,-0.9993460682656697,0.006692276695125803,0.00894968784223587,0.020823444882262978,0.14988353582249367,-0.9983673469387755,4.0
498.9187731742859,1396.0,507.90909090909093,15.363636363636363,222.0909090909091,2.090909090909091,0.29939827438302474,0.14988353582249367,0.9261264296496492,-0.9993460682656697,0.006692276695125803,0.00894968784223587,0.020823444882262978,0.14988353582249367,-0.9983673469387755,4.0
504.0312089920044,1410.0,521.9090909090909,15.363636363636363,222.0909090909091,2.090909090909091,0.29939827438302474,0.14988353582249367,0.9261264296496492,-0.9993460682656697,0.006692276695125803,0.00894968784223587,0.020823444882262978,0.14988353582249367,-0.9983673469387755,4.0
509.33858919143677,1424.0,530.0454545454545,15.363636363636363,222.0909090909091,2.090909090909091,0.29939827438302474,0.14988353582249367,0.9261264296496492,-0.9993460682656697,0.006692276695125803,0.00894968784223587,0.020823444882262978,0.14988353582249367,-0.9983673469387755,4.0
514.4602251052856,1438.0,544.0454545454545,15.363636363636363,222.0909090909091,2.090909090909091,0.29939827438302474,0.14988353582249367,0.9261264296496492,-0.9993460682656697,0.006692276695125803,0.00894968784223587,0.020823444882262978,0.14988353582249367,-0.9983673469387755,4.0
519.5405340194702,1452.0,558.0454545454545,15.363636363636363,222.0909090909091,2.090909090909091,0.29939827438302474,0.14988353582249367,0.9261264296496492,-0.9993460682656697,0.006692276695125803,0.00894968784223587,0.020823444882262978,0.14988353582249367,-0.9983673469387755,4.0
524.7094311714172,1466.0,572.0454545454545,15.363636363636363,222.0909090909091,2.090909090909091,0.29939827438302474,0.14988353582249367,0.9261264296496492,-0.9993460682656697,0.006692276695125803,0.00894968784223587,0.020823444882262978,0.14988353582249367,-0.9983673469387755,4.0
529.9265789985657,1480.0,586.0454545454545,15.363636363636363,222.0909090909091,2.090909090909091,0.29939827438302474,0.14988353582249367,0.9261264296496492,-0.9993460682656697,0.006692276695125803,0.00894968784223587,0.020823444882262978,0.14988353582249367,-0.9983673469387755,4.0
535.1086440086365,1494.0,600.0454545454545,15.363636363636363,222.0909090909091,2.090909090909091,0.29939827438302474,0.14988353582249367,0.9261264296496492,-0.9993460682656697,0.006692276695125803,0.00894968784223587,0.020823444882262978,0.14988353582249367,-0.9983673469387755,4.0
540.3657600879669,1508.0,553.9565217391304,15.782608695652174,213.34782608695653,2.1739130434782608,0.29939827438302474,0.14988353582249367,0.9261264296496492,-0.9993460682656697,0.006692276695125803,0.00894968784223587,0.020823444882262978,0.14988353582249367,-0.9983673469387755,4.0
545.6094090938568,1522.0,567.9565217391304,15.782608695652174,213.34782608695653,2.1739130434782608,0.29939827438302474,0.14988353582249367,0.9261264296496492,-0.9993460682656697,0.006692276695125803,0.00894968784223587,0.020823444882262978,0.14988353582249367,-0.9983673469387755,4.0
550.9450600147247,1536.0,581.9565217391304,15.782608695652174,213.34782608695653,2.1739130434782608,0.29939827438302474,0.14988353582249367,0.9261264296496492,-0.9993460682656697,0.006692276695125803,0.00894968784223587,0.020823444882262978,0.14988353582249367,-0.9983673469387755,4.0
556.2985870838165,1550.0,595.9565217391304,15.782608695652174,213.34782608695653,2.1739130434782608,0.29939827438302474,0.14988353582249367,0.9261264296496492,-0.9993460682656697,0.006692276695125803,0.00894968784223587,0.020823444882262978,0.14988353582249367,-0.9983673469387755,4.0
561.5785319805145,1564.0,609.9565217391304,15.782608695652174,213.34782608695653,2.1739130434782608,0.29939827438302474,0.14988353582249367,0.9261264296496492,-0.9993460682656697,0.006692276695125803,0.00894968784223587,0.020823444882262978,0.14988353582249367,-0.9983673469387755,4.0
566.6266400814056,1577.0,595.4782608695652,15.782608695652174,213.04347826086956,2.1739130434782608,0.29939827438302474,0.14988353582249367,0.9261264296496492,-0.9993460682656697,0.006692276695125803,0.00894968784223587,0.020823444882262978,0.14988353582249367,-0.9983673469387755,7.0
571.6439251899719,1590.0,576.7826086956521,15.782608695652174,213.04347826086956,2.1739130434782608,0.29939827438302474,0.14988353582249367,0.9261264296496492,-0.9993460682656697,0.006692276695125803,0.00894968784223587,0.020823444882262978,0.14988353582249367,-0.9983673469387755,7.0
576.6587090492249,1603.0,579.2173913043479,15.782608695652174,213.04347826086956,2.1739130434782608,0.29939827438302474,0.14988353582249367,0.9261264296496492,-0.9993460682656697,0.006692276695125803,0.008948786007358761,0.020823671958685386,0.14988353582249367,-0.9983673469387755,7.0
581.9715301990509,1617.0,593.2173913043479,15.782608695652174,213.04347826086956,2.1739130434782608,0.29939827438302474,0.14988353582249367,0.9261264296496492,-0.9993460682656697,0.006692276695125803,0.008948786007358761,0.020823671958685386,0.14988353582249367,-0.9983673469387755,7.0
587.3384749889374,1631.0,607.2173913043479,15.782608695652174,213.04347826086956,2.1739130434782608,0.29939827438302474,0.14988353582249367,0.9261264296496492,-0.9993460682656697,0.006692276695125803,0.008948786007358761,0.020823671958685386,0.14988353582249367,-0.9983673469387755,7.0
592.6664860248566,1645.0,621.2173913043479,15.782608695652174,213.04347826086956,2.1739130434782608,0.29939827438302474,0.14988353582249367,0.9261264296496492,-0.9993460682656697,0.006692276695125803,0.008948786007358761,0.020823671958685386,0.14988353582249367,-0.9983673469387755,7.0
597.9891471862793,1659.0,635.2173913043479,15.782608695652174,213.04347826086956,2.1739130434782608,0.29939827438302474,0.14988353582249367,0.9261264296496492,-0.9993460682656697,0.006692276695125803,0.008948786007358761,0.020823671958685386,0.14988353582249367,-0.9983673469387755,7.0
603.2118430137634,1673.0,649.2173913043479,15.782608695652174,213.04347826086956,2.1739130434782608,0.29939827438302474,0.14988353582249367,0.9261264296496492,-0.9993460682656697,0.006692276695125803,0.008948786007358761,0.020823671958685386,0.14988353582249367,-0.9983673469387755,7.0
608.4660370349884,1687.0,635.9166666666666,15.958333333333334,206.08333333333334,2.1666666666666665,0.29939827438302474,0.14988353582249367,0.9261264296496492,-0.9993460682656697,0.006692276695125803,0.008948786007358761,0.020823671958685386,0.14988353582249367,-0.9983673469387755,7.0
613.7281081676483,1701.0,649.9166666666666,15.958333333333334,206.08333333333334,2.1666666666666665,0.29939827438302474,0.14988353582249367,0.9261264296496492,-0.9993460682656697,0.006692276695125803,0.008948786007358761,0.020823671958685386,0.14988353582249367,-0.9983673469387755,7.0
619.0481960773468,1715.0,663.9166666666666,15.958333333333334,206.08333333333334,2.1666666666666665,0.29939827438302474,0.14988353582249367,0.9261264296496492,-0.9993460682656697,0.006692276695125803,0.008948786007358761,0.020823671958685386,0.14988353582249367,-0.9983673469387755,7.0
624.3765380382538,1729.0,632.6666666666666,15.958333333333334,206.08333333333334,2.1666666666666665,0.299398274527516,0.1498835357306308,0.9261264297280505,-0.9993460682660705,0.006692276699013754,0.008948786007358761,0.020823671958685386,0.1498835357306308,-0.9983673469387755,7.0
629.3820261955261,1742.0,610.68,15.88,290.24,2.12,0.299398274527516,0.1498835357306308,0.9261264297280505,-0.9993460682660705,0.006692276699013754,0.008948786007358761,0.020823671958685386,0.1498835357306308,-0.9983673469387755,7.0
634.6624569892883,1756.0,624.68,15.88,290.24,2.12,0.299398274527516,0.1498835357306308,0.9261264297280505,-0.9993460682660705,0.006692276699013754,0.008948786007358761,0.020823671958685386,0.1498835357306308,-0.9983673469387755,7.0
639.6629049777985,1769.0,621.84,15.88,291.16,2.12,0.299398274527516,0.1498835357306308,0.9261264297280505,-0.9993460682660705,0.006692276699013754,0.008948786007358761,0.020823671958685386,0.1498835357306308,-0.9983673469387755,7.0
644.9704899787903,1783.0,652.9166666666666,15.583333333333334,301.3333333333333,2.0833333333333335,0.299398274527516,0.1498835357306308,0.9261264297280505,-0.9993460682660705,0.006692276699013754,0.008948786007358761,0.020823671958685386,0.1498835357306308,-0.9983673469387755,7.0
650.2814421653748,1797.0,658.25,15.583333333333334,301.3333333333333,2.0833333333333335,0.299398274527516,0.1498835357306308,0.9261264297280505,-0.9993460682660705,0.006692276699013754,0.008948786007358761,0.020823671958685386,0.1498835357306308,-0.9983673469387755,7.0
655.5878801345825,1811.0,672.25,15.583333333333334,301.3333333333333,2.0833333333333335,0.299398274527516,0.1498835357306308,0.9261264297280505,-0.9993460682660705,0.006692276699013754,0.008948786007358761,0.020823671958685386,0.1498835357306308,-0.9983673469387755,7.0
660.9503440856934,1825.0,681.9583333333334,15.583333333333334,301.3333333333333,2.0833333333333335,0.29958360028388287,0.1497690075505256,0.9262286046707899,-0.999346567944778,0.006697264085653319,0.008948786007358761,0.020823671958685386,0.1497690075505256,-0.9983673469387755,7.0
666.2381491661072,1839.0,695.9583333333334,15.583333333333334,301.3333333333333,2.0833333333333335,0.29958360028388287,0.1497690075505256,0.9262286046707899,-0.999346567944778,0.006697264085653319,0.008948786007358761,0.020823671958685386,0.1497690075505256,-0.9983673469387755,7.0
671.6096181869507,1853.0,709.9583333333334,15.583333333333334,301.3333333333333,2.0833333333333335,0.29958360028388287,0.1497690075505256,0.9262286046707899,-0.999346567944778,0.006697264085653319,0.008948786007358761,0.020823671958685386,0.1497690075505256,-0.9983673469387755,7.0
676.6239941120148,1866.0,722.9583333333334,15.583333333333334,301.3333333333333,2.0833333333333335,0.29958360028388287,0.1497690075505256,0.9262286046707899,-0.999346567944778,0.006697264085653319,0.008948786007358761,0.020823671958685386,0.1497690075505256,-0.9983673469387755,7.0
681.9376311302185,1880.0,696.125,15.583333333333334,216.58333333333334,2.125,0.29958360028388287,0.1497690075505256,0.9262286046707899,-0.999346567944778,0.006697264085653319,0.008948786007358761,0.020823671958685386,0.1497690075505256,-0.9983673469387755,7.0
687.2373881340027,1894.0,688.25,15.583333333333334,216.58333333333334,2.125,0.29958360028388287,0.1497690075505256,0.9262286046707899,-0.999346567944778,0.006697264085653319,0.008948786007358761,0.020759394663697903,0.1497690075505256,-0.9983673469387755,7.0
692.543948173523,1908.0,702.25,15.583333333333334,216.58333333333334,2.125,0.29958360028388287,0.1497690075505256,0.9262286046707899,-0.999346567944778,0.006697264085653319,0.008948786007358761,0.020759394663697903,0.1497690075505256,-0.9983673469387755,7.0
697.8985550403595,1922.0,710.6521739130435,15.173913043478262,214.52173913043478,2.0,0.29958360028388287,0.1497690075505256,0.9262286046707899,-0.999346567944778,0.006697264085653319,0.008948786007358761,0.020759394661063756,0.1497690075505256,-0.9983673469387755,7.0
702.9209251403809,1935.0,743.3636363636364,14.954545454545455,222.1818181818182,2.0,0.29958360028388287,0.1497690075505256,0.9262286046707899,-0.999346567944778,0.006697264085653319,0.008948786007358761,0.02075140607666237,0.1497690075505256,-0.9983673469387755,7.0
707.9646191596985,1948.0,756.3636363636364,14.954545454545455,222.1818181818182,2.0,0.29958360028388287,0.1497690075505256,0.9262286046707899,-0.999346567944778,0.006697264085653319,0.008948786007358761,0.02075140607666237,0.1497690075505256,-0.9983673469387755,7.0
713.3359620571136,1962.0,770.3636363636364,14.954545454545455,222.1818181818182,2.0,0.29958360028388287,0.1497690075505256,0.9262286046707899,-0.999346567944778,0.006697264085653319,0.008948786007358761,0.02075140607666237,0.1497690075505256,-0.9983673469387755,7.0
718.4970371723175,1976.0,784.3636363636364,14.954545454545455,222.1818181818182,2.0,0.29958360028388287,0.1497690075505256,0.9262286046707899,-0.999346567944778,0.006697264085653319,0.008948786007358761,0.02075140607666237,0.1497690075505256,-0.9983673469387755,7.0
723.749685049057,1990.0,798.3636363636364,14.954545454545455,222.1818181818182,2.0,0.29958360028388287,0.1497690075505256,0.9262286046707899,-0.999346567944778,0.006697264085653319,0.008948786007358761,0.02075140607666237,0.1497690075505256,-0.9983673469387755,7.0
729.1234719753265,2004.0,812.3636363636364,14.954545454545455,222.1818181818182,2.0,0.29958360028388287,0.1497690075505256,0.9262286046707899,-0.999346567944778,0.006697264085653319,0.008948786007358761,0.02075140607666237,0.1497690075505256,-0.9983673469387755,7.0
734.3710391521454,2018.0,826.3636363636364,14.954545454545455,222.1818181818182,2.0,0.29958360028388287,0.1497690075505256,0.9262286046707899,-0.999346567944778,0.006697264085653319,0.008948786007358761,0.02075140607666237,0.1497690075505256,-0.9983673469387755,7.0
739.6327240467072,2032.0,793.3636363636364,14.954545454545455,232.5,2.0,0.29958360028388287,0.1497690075505256,0.9262286046707899,-0.999346567944778,0.006697264085653319,0.008948786007358761,0.02075140607666237,0.1497690075505256,-0.9983673469387755,7.0
744.843257188797,2046.0,807.3636363636364,14.954545454545455,232.5,2.0,0.29958360028388287,0.1497690075505256,0.9262286046707899,-0.999346567944778,0.006697264085653319,0.008948786007358761,0.02075140607666237,0.1497690075505256,-0.9983673469387755,7.0
750.0579011440277,2060.0,781.0,15.478260869565217,223.95652173913044,2.0869565217391304,0.29893098447316085,0.1497690075505256,0.9262286046707899,-0.999346567944778,0.006697264085653319,0.008948786007358761,0.020677013138483864,0.1497690075505256,-0.9987515006002401,7.0
755.209634065628,2074.0,788.0434782608696,15.478260869565217,223.95652173913044,2.0869565217391304,0.29893098447316085,0.1497690075505256,0.9262286046707899,-0.999346567944778,0.006697264085653319,0.008948786007358761,0.020677013138483864,0.1497690075505256,-0.9987515006002401,7.0
760.3990800380707,2088.0,802.0434782608696,15.478260869565217,223.95652173913044,2.0869565217391304,0.29893098447316085,0.1497690075505256,0.9262286046707899,-0.999346567944778,0.006697264085653319,0.008948786007358761,0.020677013138483864,0.1497690075505256,-0.9987515006002401,7.0
765.632000207901,2102.0,816.0434782608696,15.478260869565217,223.95652173913044,2.0869565217391304,0.29893098447316085,0.1497690075505256,0.9262286046707899,-0.999346567944778,0.006697264085653319,0.008948786007358761,0.020677013138483864,0.1497690075505256,-0.9987515006002401,7.0
770.8479881286621,2116.0,830.0434782608696,15.478260869565217,223.95652173913044,2.0869565217391304,0.29893098447316085,0.1497690075505256,0.9262286046707899,-0.999346567944778,0.006697264085653319,0.008948786007358761,0.020677013138483864,0.1497690075505256,-0.9987515006002401,7.0
775.8542520999908,2129.0,785.4347826086956,15.478260869565217,223.95652173913044,2.0869565217391304,0.29893098447316085,0.1497690075505256,0.9262286046707899,-0.999346567944778,0.006697264085653319,0.008948786007358761,0.020677013138483864,0.1497690075505256,-0.9987515006002401,7.0
781.1722321510315,2143.0,795.7826086956521,15.478260869565217,223.95652173913044,2.0869565217391304,0.29893098447316085,0.1497690075505256,0.9262286046707899,-0.999346567944778,0.006697264085653319,0.008948786007358761,0.020586611666241504,0.1497690075505256,-0.9987515006002401,7.0
786.4874300956726,2157.0,809.7826086956521,15.478260869565217,223.95652173913044,2.0869565217391304,0.29893098447316085,0.1497690075505256,0.9262286046707899,-0.999346567944778,0.006697264085653319,0.008948786007358761,0.020586611666241504,0.1497690075505256,-0.9987515006002401,7.0
791.7972819805145,2171.0,823.7826086956521,15.478260869565217,223.95652173913044,2.0869565217391304,0.29893098447316085,0.1497690075505256,0.9262286046707899,-0.999346567944778,0.006697264085653319,0.008948786007358761,0.020586611666241504,0.1497690075505256,-0.9987515006002401,7.0
796.990061044693,2185.0,837.7826086956521,15.478260869565217,223.95652173913044,2.0869565217391304,0.29893098447316085,0.1497690075505256,0.9262286046707899,-0.999346567944778,0.006697264085653319,0.008948786007358761,0.020586611666241504,0.1497690075505256,-0.9987515006002401,7.0
802.254830121994,2199.0,851.7826086956521,15.478260869565217,223.95652173913044,2.0869565217391304,0.29893098447316085,0.1497690075505256,0.9262286046707899,-0.999346567944778,0.006697264085653319,0.008948786007358761,0.020586611666241504,0.1497690075505256,-0.9987515006002401,7.0
807.4623579978943,2213.0,865.7826086956521,15.478260869565217,223.95652173913044,2.0869565217391304,0.29893098447316085,0.1497690075505256,0.9262286046707899,-0.999346567944778,0.006697264085653319,0.008948786007358761,0.020586611666241504,0.1497690075505256,-0.9987515006002401,7.0
812.6003069877625,2227.0,873.3913043478261,15.478260869565217,225.8695652173913,2.0869565217391304,0.29893098447316085,0.1497690075505256,0.9262286046707899,-0.999346567944778,0.006697264085653319,0.008948786007358761,0.020586611666241504,0.1497690075505256,-0.9987515006002401,7.0
817.909362077713,2241.0,846.25,16.083333333333332,218.29166666666666,2.2083333333333335,0.29893098447316085,0.14469220549985923,0.9262286046707899,-0.9993687176889219,0.006697264085653319,0.008948786007358761,0.020506456218652918,0.14469220549985923,-0.9987515006002401,7.0
823.1966500282288,2255.0,860.25,16.083333333333332,218.29166666666666,2.2083333333333335,0.29893098447316085,0.14469220549985923,0.9262286046707899,-0.9993687176889219,0.006697264085653319,0.008948786007358761,0.020506456218652918,0.14469220549985923,-0.9987515006002401,7.0
828.5786399841309,2269.0,874.25,16.083333333333332,218.29166666666666,2.2083333333333335,0.29893098447316085,0.14469220549985923,0.9262286046707899,-0.9993687176889219,0.006697264085653319,0.008948786007358761,0.020506456218652918,0.14469220549985923,-0.9987515006002401,7.0
833.878494977951,2283.0,879.4166666666666,16.083333333333332,218.29166666666666,2.2083333333333335,0.29893098447316085,0.14469220549985923,0.9262286046707899,-0.9993687176889219,0.006697264085653319,0.008948786007358761,0.020506456218652918,0.14469220549985923,-0.9987515006002401,7.0
838.9990060329437,2297.0,893.4166666666666,16.083333333333332,218.29166666666666,2.2083333333333335,0.29893098447316085,0.14469220549985923,0.9262286046707899,-0.9993687176889219,0.006697264085653319,0.008948786007358761,0.020506456218652918,0.14469220549985923,-0.9987515006002401,7.0
844.3411581516266,2311.0,882.625,16.083333333333332,218.29166666666666,2.2083333333333335,0.29893098447316085,0.14469220549985923,0.9262286046707899,-0.9993687176889219,0.006697264085653319,0.008948786007358761,0.020506456218652918,0.14469220549985923,-0.9987515006002401,7.0
849.6272430419922,2325.0,873.9583333333334,16.083333333333332,218.29166666666666,2.2083333333333335,0.29893098447316085,0.14469220549985923,0.9262286046707899,-0.9993687176889219,0.006697264085653319,0.008948786007358761,0.020506456218652918,0.14469220549985923,-0.9987515006002401,7.0
854.8679699897766,2339.0,875.875,16.083333333333332,218.29166666666666,2.2083333333333335,0.2991868479352229,0.14469220549985923,0.9262286046707899,-0.9993687176889219,0.006697264085653319,0.008948786007358761,0.020506456218652918,0.14469220549985923,-0.9987515006002401,7.0
860.1053531169891,2353.0,889.875,16.083333333333332,218.29166666666666,2.2083333333333335,0.2991868479352229,0.14469220549985923,0.9262286046707899,-0.9993687176889219,0.006697264085653319,0.008948786007358761,0.020506456218652918,0.14469220549985923,-0.9987515006002401,7.0
865.3512442111969,2367.0,893.2916666666666,16.083333333333332,218.29166666666666,2.2083333333333335,0.2991868479352229,0.14469220364035004,0.9262286046707899,-0.9993687176970347,0.006697264085653319,0.008948786007358761,0.02050645618355551,0.14469220364035004,-0.9987515006002401,7.0
870.6041271686554,2381.0,907.2916666666666,16.083333333333332,218.29166666666666,2.2083333333333335,0.2991868479352229,0.14469220364035004,0.9262286046707899,-0.9993687176970347,0.006697264085653319,0.008948786007358761,0.02050645618355551,0.14469220364035004,-0.9987515006002401,7.0
875.8455650806427,2395.0,879.7083333333334,16.083333333333332,218.29166666666666,2.2083333333333335,0.2991868479352229,0.14469220364035004,0.9262286046707899,-0.9993687176970347,0.006697264085653319,0.008948786007358761,0.02050645618355551,0.14469220364035004,-0.9987515006002401,7.0
881.0838651657104,2409.0,889.0833333333334,16.083333333333332,218.29166666666666,2.2083333333333335,0.2991868479352229,0.14469220364035004,0.9262286046707899,-0.9993687176970347,0.006697264085653319,0.008948786007358761,0.02050645618355551,0.14469220364035004,-0.9987515006002401,7.5
886.341343164444,2423.0,903.0833333333334,16.083333333333332,218.29166666666666,2.2083333333333335,0.2991868479352229,0.14469220364035004,0.9262286046707899,-0.9993687176970347,0.006697264085653319,0.008948786007358761,0.02050645618355551,0.14469220364035004,-0.9987515006002401,7.5
891.5559680461884,2437.0,917.0833333333334,16.083333333333332,218.29166666666666,2.2083333333333335,0.2991868479352229,0.14469220364035004,0.9262286046707899,-0.9993687176970347,0.006697264085653319,0.008948786007358761,0.02050645618355551,0.14469220364035004,-0.9987515006002401,7.5
896.7783801555634,2451.0,929.4166666666666,16.083333333333332,218.29166666666666,2.2083333333333335,0.2991868479352229,0.14469220364035004,0.9262286046707899,-0.9993687176970347,0.006697264085653319,0.008948786007358761,0.02050645618355551,0.14469220364035004,-0.9987515006002401,7.0
901.8227741718292,2464.0,942.4166666666666,16.083333333333332,218.29166666666666,2.2083333333333335,0.2991868479352229,0.14469220364035004,0.9262286046707899,-0.9993687176970347,0.006697264085653319,0.008948786007358761,0.02050645618355551,0.14469220364035004,-0.9987515006002401,7.0
906.8367550373077,2477.0,955.4166666666666,16.083333333333332,218.29166666666666,2.2083333333333335,0.2991868479352229,0.14469220364035004,0.9262286046707899,-0.9993687176970347,0.006697264085653319,0.008948786007358761,0.02050645618355551,0.14469220364035004,-0.9987515006002401,7.0
912.0831279754639,2491.0,969.4166666666666,16.083333333333332,218.29166666666666,2.2083333333333335,0.2991868479352229,0.14469220364035004,0.9262286046707899,-0.9993687176970347,0.006697264085653319,0.008948786007358761,0.02050645618355551,0.14469220364035004,-0.9987515006002401,7.0
917.3391761779785,2505.0,945.5416666666666,16.083333333333332,218.29166666666666,2.2083333333333335,0.2991868479352229,0.14469220364035004,0.9262286046707899,-0.9993687176970347,0.006697264085653319,0.008938608270485409,0.02050645618355551,0.14469220364035004,-0.9987515006002401,7.0
922.5693531036377,2519.0,959.5416666666666,16.083333333333332,218.29166666666666,2.2083333333333335,0.2991868479352229,0.14469220364035004,0.9262286046707899,-0.9993687176970347,0.006697264085653319,0.008938608270485409,0.02050645618355551,0.14469220364035004,-0.9987515006002401,7.0
927.794242143631,2533.0,973.5416666666666,16.083333333333332,218.29166666666666,2.2083333333333335,0.2991868479352229,0.14469220364035004,0.9262286046707899,-0.9993687176970347,0.006697264085653319,0.008938608270485409,0.02050645618355551,0.14469220364035004,-0.9987515006002401,7.0
933.1412410736084,2547.0,987.5416666666666,16.083333333333332,218.29166666666666,2.2083333333333335,0.2991868479352229,0.14469220364035004,0.9262286046707899,-0.9993687176970347,0.006697264085653319,0.008938608270485409,0.02050645618355551,0.14469220364035004,-0.9987515006002401,7.0
938.4324131011963,2561.0,946.5416666666666,16.083333333333332,218.29166666666666,2.2083333333333335,0.2991868479352229,0.14469220364035004,0.9262286046707899,-0.9993687176970347,0.006697264085653319,0.008938608270485409,0.02050645618355551,0.14469220364035004,-0.9987515006002401,7.0
943.4454560279846,2574.0,866.375,16.083333333333332,218.29166666666666,2.2083333333333335,0.2991868479352229,0.14469220364035004,0.9262286046707899,-0.9993687176970347,0.006697264085653319,0.008938608270485409,0.02050645618355551,0.14469220364035004,-0.9987515006002401,7.0
948.7460081577301,2588.0,880.375,16.083333333333332,218.29166666666666,2.2083333333333335,0.2991868479352229,0.14469220364035004,0.9262286046707899,-0.9993687176970347,0.006697264085653319,0.008938608270485409,0.02050645618355551,0.14469220364035004,-0.9987515006002401,7.0
953.982262134552,2602.0,894.375,16.083333333333332,218.29166666666666,2.2083333333333335,0.2991868479352229,0.14469220364035004,0.9262286046707899,-0.9993687176970347,0.006697264085653319,0.008938608270485409,0.02050645618355551,0.14469220364035004,-0.9987515006002401,7.0
959.2119801044464,2616.0,908.375,16.083333333333332,218.29166666666666,2.2083333333333335,0.2991868479352229,0.14469220364035004,0.9262286046707899,-0.9993687176970347,0.006697264085653319,0.008938608270485409,0.02050645618355551,0.14469220364035004,-0.9987515006002401,7.0
964.5508191585541,2630.0,878.9583333333334,16.083333333333332,218.29166666666666,2.2083333333333335,0.2991868479352229,0.14469220364035004,0.9262286046707899,-0.9993687176970347,0.006697264085653319,0.008938608270485409,0.02050645618355551,0.14469220364035004,-0.9987515006002401,7.0
969.7930011749268,2644.0,857.68,16.44,210.8,2.28,0.2991868479352229,0.14469220364035004,0.9262286046707899,-0.9993687176970347,0.006697264085653319,0.008938608270485409,0.02050645618355551,0.14469220364035004,-0.9987515006002401,7.0
975.1491811275482,2658.0,859.08,16.44,210.8,2.28,0.29958360028388287,0.14469220364035004,0.9262286046707899,-0.9993687176970347,0.006697264085653319,0.008938608270485409,0.02050645618355551,0.14469220364035004,-0.9987515006002401,7.0
980.378534078598,2672.0,902.695652173913,15.391304347826088,226.0,2.130434782608696,0.2970919643851395,0.14469220364035004,0.9272716602967037,-0.9993687176970347,0.006618519890717762,0.008383073850480368,0.02050645618355551,0.14469220364035004,-0.9983673469387755,7.0
985.7006380558014,2686.0,916.695652173913,15.391304347826088,226.0,2.130434782608696,0.2970919643851395,0.14469220364035004,0.9272716602967037,-0.9993687176970347,0.006618519890717762,0.008383073850480368,0.02050645618355551,0.14469220364035004,-0.9983673469387755,7.0
990.9323530197144,2700.0,929.7826086956521,15.391304347826088,226.0,2.130434782608696,0.2970919643851395,0.14469220364035004,0.9272716602967037,-0.9993687176970347,0.006618519890717762,0.008383073850480368,0.02050645618355551,0.14469220364035004,-0.9983673469387755,7.0
995.9420599937439,2713.0,940.304347826087,15.391304347826088,226.0,2.130434782608696,0.29709196437405744,0.14469220364035004,0.9272716602967037,-0.9993687176970347,0.00661851989121979,0.008383073877982155,0.02050645618355551,0.14469220364035004,-0.9983673469387755,7.0
1001.3103291988373,2727.0,954.304347826087,15.391304347826088,226.0,2.130434782608696,0.29709196437405744,0.14469220364035004,0.9272716602967037,-0.9993687176970347,0.00661851989121979,0.008383073877982155,0.02050645618355551,0.14469220364035004,-0.9983673469387755,7.0
1006.3402631282806,2740.0,967.304347826087,15.391304347826088,226.0,2.130434782608696,0.29709196437405744,0.14469220364035004,0.9272716602967037,-0.9993687176970347,0.00661851989121979,0.008383073877982155,0.02050645618355551,0.14469220364035004,-0.9983673469387755,7.0
1011.362291097641,2753.0,939.4583333333334,15.958333333333334,218.75,2.25,0.2945620501782233,0.14469220364035004,0.9272716602967037,-0.9993687176970347,0.006571970324538053,0.008383073877982155,0.02050645618355551,0.14469220364035004,-0.9983673469387755,7.0
1016.6895132064819,2767.0,953.4583333333334,15.958333333333334,218.75,2.25,0.2945620501782233,0.14469220364035004,0.9272716602967037,-0.9993687176970347,0.006571970324538053,0.008383073877982155,0.02050645618355551,0.14469220364035004,-0.9983673469387755,7.0
1021.7419261932373,2780.0,963.25,15.958333333333334,218.75,2.25,0.2945620501782233,0.14469220364035004,0.9272716602967037,-0.9993687176970347,0.006571970324538053,0.008383073877982155,0.02050645618355551,0.14469220364035004,-0.9983673469387755,7.0
1027.0901319980621,2794.0,977.25,15.958333333333334,218.75,2.25,0.2945620501782233,0.14469220364035004,0.9272716602967037,-0.9993687176970347,0.006571970324538053,0.008383073877982155,0.02050645618355551,0.14469220364035004,-0.9983673469387755,7.0
1032.3468132019043,2808.0,991.25,15.958333333333334,218.75,2.25,0.2945620501782233,0.14469220364035004,0.9272716602967037,-0.9993687176970347,0.006571970324538053,0.008383073877982155,0.02050645618355551,0.14469220364035004,-0.9983673469387755,7.0
1037.6621561050415,2822.0,1005.25,15.958333333333334,218.75,2.25,0.2945620501782233,0.14469220364035004,0.9272716602967037,-0.9993687176970347,0.006571970324538053,0.008383073877982155,0.02050645618355551,0.14469220364035004,-0.9983673469387755,7.0
1042.857491016388,2836.0,990.875,15.958333333333334,218.75,2.25,0.28165766978151224,0.1436247569046134,0.9272716602967037,-0.999373374894981,0.0064542463104108015,0.008383073877982155,0.02050645618355551,0.1436247569046134,-0.9983673469387755,6.0
1048.1013841629028,2850.0,1002.2916666666666,15.958333333333334,219.29166666666666,2.2083333333333335,0.28165766978151224,0.1436247569046134,0.9272716602967037,-0.999373374894981,0.0064542463104108015,0.008383073877982155,0.02050645618355551,0.1436247569046134,-0.9983673469387755,6.0
1053.11354804039,2863.0,1010.75,15.916666666666666,219.29166666666666,2.1666666666666665,0.28016998234270135,0.1436247569046134,0.9272716602967037,-0.999373374894981,0.0064147675984674015,0.008383073877982155,0.02050645618355551,0.1436247569046134,-0.9983673469387755,6.0
1058.1574800014496,2876.0,1023.6666666666666,15.916666666666666,219.29166666666666,2.1666666666666665,0.279745169430941,0.1436247569046134,0.9272716602967037,-0.999373374894981,0.00640667492155153,0.008383073877982155,0.02050645618355551,0.1436247569046134,-0.9983673469387755,6.0
1063.2739989757538,2889.0,1036.6666666666667,15.916666666666666,219.29166666666666,2.1666666666666665,0.279745169430941,0.1436247569046134,0.9272716602967037,-0.999373374894981,0.00640667492155153,0.008383073877982155,0.02050645618355551,0.1436247569046134,-0.9983673469387755,6.0
1068.3291881084442,2902.0,915.5,15.916666666666666,219.29166666666666,2.1666666666666665,0.279745169430941,0.1436247569046134,0.9271247748839855,-0.999373374894981,0.00640667492155153,0.008383073877982155,0.02050645618355551,0.1436247569046134,-0.9983673469387755,6.0
1073.6894240379333,2916.0,920.9166666666666,15.916666666666666,219.29166666666666,2.1666666666666665,0.279745169430941,0.1436247569046134,0.9271247748839855,-0.999373374894981,0.00640667492155153,0.00837602203260369,0.02050645618355551,0.1436247569046134,-0.9983673469387755,6.0
1079.0489602088928,2930.0,909.7083333333334,15.916666666666666,219.29166666666666,2.1666666666666665,0.279745169430941,0.1436247569046134,0.9271247748839855,-0.999373374894981,0.00640667492155153,0.00837602203260369,0.02050645618355551,0.1436247569046134,-0.9983673469387755,6.0
1084.4359321594238,2944.0,923.7083333333334,15.916666666666666,219.29166666666666,2.1666666666666665,0.279745169430941,0.1436247569046134,0.9271247748839855,-0.999373374894981,0.00640667492155153,0.00837602203260369,0.02050645618355551,0.1436247569046134,-0.9983673469387755,6.0
1089.7693481445312,2958.0,937.7083333333334,15.916666666666666,219.29166666666666,2.1666666666666665,0.279745169430941,0.1436247569046134,0.9271247748839855,-0.999373374894981,0.00640667492155153,0.00837602203260369,0.02050645618355551,0.1436247569046134,-0.9983673469387755,6.0
1094.7840650081635,2971.0,950.7083333333334,15.916666666666666,219.29166666666666,2.1666666666666665,0.279745169430941,0.1436247569046134,0.9271247748839855,-0.999373374894981,0.00640667492155153,0.00837602203260369,0.02050645618355551,0.1436247569046134,-0.9983673469387755,6.0
1100.0485141277313,2985.0,964.7083333333334,15.916666666666666,219.29166666666666,2.1666666666666665,0.279745169430941,0.1436247569046134,0.9271247748839855,-0.999373374894981,0.00640667492155153,0.00837602203260369,0.02050645618355551,0.1436247569046134,-0.9983673469387755,6.0
1105.4150800704956,2999.0,978.7083333333334,15.916666666666666,219.29166666666666,2.1666666666666665,0.279745169430941,0.1436247569046134,0.9271247748839855,-0.999373374894981,0.00640667492155153,0.00837602203260369,0.02050645618355551,0.1436247569046134,-0.9983673469387755,6.0
1110.4692120552063,3012.0,991.7083333333334,15.916666666666666,219.29166666666666,2.1666666666666665,0.279745169430941,0.1436247569046134,0.9271247748839855,-0.999373374894981,0.00640667492155153,0.00837602203260369,0.02050645618355551,0.1436247569046134,-0.9983673469387755,6.0
1115.5711209774017,3025.0,1004.7083333333334,15.916666666666666,219.29166666666666,2.1666666666666665,0.279745169430941,0.1436247569046134,0.9271247748839855,-0.999373374894981,0.00640667492155153,0.00837602203260369,0.02050645618355551,0.1436247569046134,-0.9983673469387755,6.0
1120.7069871425629,3038.0,1017.7083333333334,15.916666666666666,219.29166666666666,2.1666666666666665,0.279745169430941,0.1436247569046134,0.9271247748839855,-0.999373374894981,0.00640667492155153,0.00837602203260369,0.02050645618355551,0.1436247569046134,-0.9983673469387755,6.0
1125.8896560668945,3051.0,1021.8333333333334,15.875,221.625,2.125,0.279745169430941,0.1417157666589501,0.9012347453907523,-0.9993817036903708,0.00640667492155153,0.00837602203260369,0.02050645618355551,0.1417157666589501,-0.9983673469387755,6.0
1130.948714017868,3064.0,1034.8333333333333,15.875,221.625,2.125,0.279745169430941,0.1417157666589501,0.9012347453907523,-0.9993817036903708,0.00640667492155153,0.00837602203260369,0.02050645618355551,0.1417157666589501,-0.9983673469387755,6.0
1136.037173986435,3077.0,1047.8333333333333,15.875,221.625,2.125,0.279745169430941,0.1417157666589501,0.9012347453907523,-0.9993817036903708,0.00640667492155153,0.00837602203260369,0.02050645618355551,0.1417157666589501,-0.9983673469387755,6.0
1141.146483182907,3090.0,1060.8333333333333,15.875,221.625,2.125,0.279745169430941,0.1417157666589501,0.9012347453907523,-0.9993817036903708,0.00640667492155153,0.00837602203260369,0.02050645618355551,0.1417157666589501,-0.9983673469387755,6.0
1146.222596168518,3103.0,1051.2083333333333,15.875,221.625,2.125,0.279745169430941,0.1417157666589501,0.9012347453907523,-0.9993817036903708,0.00640667492155153,0.00837602203260369,0.02050645618355551,0.1417157666589501,-0.9983673469387755,6.0
1151.4011900424957,3116.0,1034.4583333333333,15.875,221.625,2.125,0.279745169430941,0.1417157666589501,0.9012347453907523,-0.9993817036903708,0.00640667492155153,0.00837602203260369,0.02050645618355551,0.1417157666589501,-0.9983673469387755,6.0
1156.5508830547333,3129.0,1024.6666666666667,15.875,221.625,2.125,0.279745169430941,0.1417157666589501,0.9012347453907523,-0.9993817036903708,0.00640667492155153,0.00837602203260369,0.02050645618355551,0.1417157666589501,-0.9983673469387755,6.0
1161.7451510429382,3142.0,1037.6666666666667,15.875,221.625,2.125,0.279745169430941,0.1417157666589501,0.9012347453907523,-0.9993817036903708,0.00640667492155153,0.00837602203260369,0.02050645618355551,0.1417157666589501,-0.9983673469387755,6.0
1166.8531939983368,3155.0,1050.6666666666667,15.875,221.625,2.125,0.279745169430941,0.1417157666589501,0.9012347453907523,-0.9993817036903708,0.00640667492155153,0.00837602203260369,0.02050645618355551,0.1417157666589501,-0.9983673469387755,6.0
1171.9441401958466,3168.0,1063.6666666666667,15.875,221.625,2.125,0.279745169430941,0.1417157666589501,0.9012347453907523,-0.9993817036903708,0.00640667492155153,0.00837602203260369,0.02050645618355551,0.1417157666589501,-0.9983673469387755,6.0
1176.9543981552124,3181.0,1076.6666666666667,15.875,221.625,2.125,0.279745169430941,0.1417157666589501,0.9012347453907523,-0.9993817036903708,0.00640667492155153,0.00837602203260369,0.02050645618355551,0.1417157666589501,-0.9983673469387755,6.0
1182.345141172409,3195.0,1090.6666666666667,15.875,221.625,2.125,0.279745169430941,0.1417157666589501,0.9012347453907523,-0.9993817036903708,0.00640667492155153,0.00837602203260369,0.02050645618355551,0.1417157666589501,-0.9983673469387755,6.0
1187.6365489959717,3209.0,1100.6666666666667,15.875,221.625,2.125,0.279745169430941,0.1417157666589501,0.9012347453907523,-0.9993817036903708,0.00640667492155153,0.00837602203260369,0.02050645618355551,0.1417157666589501,-0.9983673469387755,6.0
1192.7150700092316,3222.0,1113.6666666666667,15.875,221.625,2.125,0.279745169430941,0.1417157666589501,0.9012347453907523,-0.9993817036903708,0.00640667492155153,0.00837602203260369,0.02050645618355551,0.1417157666589501,-0.9983673469387755,6.0
1197.8535521030426,3235.0,1126.6666666666667,15.875,221.625,2.125,0.279745169430941,0.1417157666589501,0.9012347453907523,-0.9993817036903708,0.00640667492155153,0.00837602203260369,0.02050645618355551,0.1417157666589501,-0.9983673469387755,6.0
1202.871314048767,3248.0,1139.6666666666667,15.875,221.625,2.125,0.279745169430941,0.1417157666589501,0.9012347453907523,-0.9993817036903708,0.00640667492155153,0.00837602203260369,0.02050645618355551,0.1417157666589501,-0.9983673469387755,6.0
1207.9664001464844,3261.0,1120.4583333333333,15.875,221.625,2.125,0.279745169430941,0.1417157666589501,0.9012347453907523,-0.9993817036903708,0.00640667492155153,0.00837602203260369,0.02050645618355551,0.1417157666589501,-0.9983673469387755,6.0
1213.0391790866852,3274.0,1088.36,16.44,217.24,2.2,0.279745169430941,0.14171425317076414,0.9012297925019013,-0.9993817102936174,0.00640667492155153,0.00837602203260369,0.02050645618355551,0.14171425317076414,-0.9983673469387755,6.0
1218.4057421684265,3288.0,1101.72,16.44,217.24,2.2,0.279745169430941,0.1417136191533015,0.9012275436620598,-0.9993817130597927,0.00640667492155153,0.00837602203260369,0.02050645618355551,0.1417136191533015,-0.9983673469387755,6.0
1223.5627701282501,3301.0,1114.72,16.44,217.24,2.2,0.279745169430941,0.1417136191533015,0.9012275436620598,-0.9993817130597927,0.00640667492155153,0.00837602203260369,0.02050645618355551,0.1417136191533015,-0.9983673469387755,6.0
1228.9307401180267,3315.0,1118.12,16.44,217.24,2.2,0.279745169430941,0.1417136191533015,0.9012275436620598,-0.9993817130597927,0.00640667492155153,0.00837602203260369,0.02050645618355551,0.1417136191533015,-0.9983673469387755,6.0
1233.9614691734314,3328.0,1128.68,16.44,217.24,2.2,0.279745169430941,0.1417136191533015,0.9012275436620598,-0.9993817130597927,0.00640667492155153,0.00837602203260369,0.02050645618355551,0.1417136191533015,-0.9983673469387755,6.0
1239.0743091106415,3341.0,1141.68,16.44,217.24,2.2,0.279745169430941,0.1417136191533015,0.9012275436620598,-0.9993817130597927,0.00640667492155153,0.00837602203260369,0.02050645618355551,0.1417136191533015,-0.9983673469387755,6.0
1244.1910750865936,3354.0,1154.68,16.44,217.24,2.2,0.279745169430941,0.1417136191533015,0.9012275436620598,-0.9993817130597927,0.00640667492155153,0.00837602203260369,0.02050645618355551,0.1417136191533015,-0.9983673469387755,6.0
1249.291305065155,3367.0,1081.44,16.44,217.24,2.2,0.279745169430941,0.1417136191533015,0.9012275436620598,-0.9993817130597927,0.00640667492155153,0.00837602203260369,0.02050645618355551,0.1417136191533015,-0.9983673469387755,7.5
1254.3341929912567,3380.0,1091.0,16.44,217.24,2.2,0.279745169430941,0.14171317172041445,0.9012260293717986,-0.9993817150119122,0.00640667492155153,0.00837602203260369,0.02050645618355551,0.14171317172041445,-0.9983673469387755,7.5
1259.4362380504608,3393.0,1104.0,16.44,217.24,2.2,0.279745169430941,0.14171317172041445,0.9012260293717986,-0.9993817150119122,0.00640667492155153,0.00837602203260369,0.02050645618355551,0.14171317172041445,-0.9983673469387755,7.5
1264.5281541347504,3406.0,1117.0,16.44,217.24,2.2,0.279745169430941,0.14171317172041445,0.9012260293717986,-0.9993817150119122,0.00640667492155153,0.00837602203260369,0.02050645618355551,0.14171317172041445,-0.9983673469387755,7.5
1269.9104490280151,3420.0,1131.0,16.44,217.24,2.2,0.279745169430941,0.14171317172041445,0.9012260293717986,-0.9993817150119122,0.00640667492155153,0.00837602203260369,0.02050645618355551,0.14171317172041445,-0.9983673469387755,7.5
1274.9717781543732,3433.0,1144.0,16.44,217.24,2.2,0.279745169430941,0.14171317172041445,0.9012260293717986,-0.9993817150119122,0.00640667492155153,0.00837602203260369,0.02050645618355551,0.14171317172041445,-0.9983673469387755,7.5
1280.071750164032,3446.0,1157.0,16.44,217.24,2.2,0.279745169430941,0.14171317172041445,0.9012260293717986,-0.9993817150119122,0.00640667492155153,0.00837602203260369,0.02050645618355551,0.14171317172041445,-0.9983673469387755,7.5
1285.3768119812012,3459.0,1145.52,16.44,217.24,2.2,0.279745169430941,0.14171317172041445,0.9012260293717986,-0.9993817150119122,0.00640667492155153,0.00837602203260369,0.02050645618355551,0.14171317172041445,-0.9983673469387755,7.5
1290.4657330513,3472.0,1158.52,16.44,217.24,2.2,0.279745169430941,0.14171317172041445,0.9012260293717986,-0.9993817150119122,0.00640667492155153,0.00837602203260369,0.02050645618355551,0.14171317172041445,-0.9983673469387755,7.5
1295.5889871120453,3485.0,1171.52,16.44,217.24,2.2,0.279745169430941,0.14171317172041445,0.9012260293717986,-0.9993817150119122,0.00640667492155153,0.00837602203260369,0.02050645618355551,0.14171317172041445,-0.9983673469387755,7.5
1300.6852850914001,3498.0,1210.7083333333333,15.875,221.625,2.125,0.279745169430941,0.14160044270789218,0.9029061563713867,-0.9993822068409731,0.00640667492155153,0.00837602203260369,0.02050645618355551,0.14160044270789218,-0.9983673469387755,7.5
1305.7271361351013,3511.0,1223.7083333333333,15.875,221.625,2.125,0.279745169430941,0.14160044270789218,0.9029061563713867,-0.9993822068409731,0.00640667492155153,0.00837602203260369,0.02050645618355551,0.14160044270789218,-0.9983673469387755,7.5
1310.8291110992432,3524.0,1236.7083333333333,15.875,221.625,2.125,0.279745169430941,0.14160044270789218,0.9029061563713867,-0.9993822068409731,0.00640667492155153,0.00837602203260369,0.02050645618355551,0.14160044270789218,-0.9983673469387755,7.5
1315.9324810504913,3537.0,1249.7083333333333,15.875,221.625,2.125,0.279745169430941,0.14160044270789218,0.9029061563713867,-0.9993822068409731,0.00640667492155153,0.00837602203260369,0.02050645618355551,0.14160044270789218,-0.9983673469387755,7.5
1321.0978951454163,3550.0,1262.7083333333333,15.875,221.625,2.125,0.279745169430941,0.14160044270789218,0.9029061563713867,-0.9993822068409731,0.00640667492155153,0.00837602203260369,0.02050645618355551,0.14160044270789218,-0.9983673469387755,7.5
1326.4146320819855,3563.0,1248.0416666666667,15.875,221.625,2.125,0.279745169430941,0.14160044270789218,0.9029061563713867,-0.9993822068409731,0.00640667492155153,0.00837602203260369,0.02050645618355551,0.14160044270789218,-0.9983673469387755,7.5
1331.587681055069,3576.0,1257.3333333333333,15.875,221.625,2.125,0.279745169430941,0.14160044270789218,0.9029061563713867,-0.9993822068409731,0.00640667492155153,0.00837602203260369,0.02050645618355551,0.14160044270789218,-0.9983673469387755,7.5
1336.6749560832977,3589.0,1270.3333333333333,15.875,221.625,2.125,0.279745169430941,0.14160044270789218,0.9029061563713867,-0.9993822068409731,0.00640667492155153,0.00837602203260369,0.02050645618355551,0.14160044270789218,-0.9983673469387755,7.5
1341.7943980693817,3602.0,1283.3333333333333,15.875,221.625,2.125,0.279745169430941,0.14160044270789218,0.9029061563713867,-0.9993822068409731,0.00640667492155153,0.00837602203260369,0.02050645618355551,0.14160044270789218,-0.9983673469387755,7.5
1346.9274690151215,3615.0,1296.3333333333333,15.875,221.625,2.125,0.279745169430941,0.14160044270789218,0.9029061563713867,-0.9993822068409731,0.00640667492155153,0.00837602203260369,0.02050645618355551,0.14160044270789218,-0.9983673469387755,7.5
1352.1464641094208,3628.0,1309.3333333333333,15.875,221.625,2.125,0.279745169430941,0.14160044270789218,0.9029061563713867,-0.9993822068409731,0.00640667492155153,0.00837602203260369,0.02050645618355551,0.14160044270789218,-0.9983673469387755,7.5
1357.2810711860657,3641.0,1322.3333333333333,15.875,221.625,2.125,0.279745169430941,0.14160044270789218,0.9029061563713867,-0.9993822068409731,0.00640667492155153,0.00837602203260369,0.02050645618355551,0.14160044270789218,-0.9983673469387755,7.5
1362.4777669906616,3654.0,1335.3333333333333,15.875,221.625,2.125,0.279745169430941,0.14160044270789218,0.9029061563713867,-0.9993822068409731,0.00640667492155153,0.00837602203260369,0.02050645618355551,0.14160044270789218,-0.9983673469387755,7.5
1367.762885093689,3667.0,1317.0416666666667,15.875,221.625,2.125,0.279745169430941,0.14160044270789218,0.9029061563713867,-0.9993822068409731,0.00640667492155153,0.008352750934604553,0.02050645618355551,0.14160044270789218,-0.9983673469387755,7.5
1373.0078921318054,3680.0,1320.4583333333333,15.875,242.5,2.125,0.279745169430941,0.14160044270789218,0.9029061563713867,-0.9993822068409731,0.00640667492155153,0.008352750934604553,0.02050645618355551,0.14160044270789218,-0.9983673469387755,7.5
1378.1949820518494,3693.0,1333.4583333333333,15.875,242.5,2.125,0.279745169430941,0.14160044270789218,0.9029061563713867,-0.9993822068409731,0.00640667492155153,0.008352750934604553,0.02050645618355551,0.14160044270789218,-0.9983673469387755,7.5
1383.3492391109467,3706.0,1346.4583333333333,15.875,242.5,2.125,0.279745169430941,0.14160044270789218,0.9029061563713867,-0.9993822068409731,0.00640667492155153,0.008352750934604553,0.02050645618355551,0.14160044270789218,-0.9983673469387755,7.5
1388.646478176117,3719.0,1359.4583333333333,15.875,242.5,2.125,0.279745169430941,0.14160044270789218,0.9029061563713867,-0.9993822068409731,0.00640667492155153,0.008352750934604553,0.02050645618355551,0.14160044270789218,-0.9983673469387755,7.5
1393.8195061683655,3732.0,1372.4583333333333,15.875,242.5,2.125,0.279745169430941,0.14160044270789218,0.9029061563713867,-0.9993822068409731,0.00640667492155153,0.008352750934604553,0.02050645618355551,0.14160044270789218,-0.9983673469387755,7.5
1399.0123510360718,3745.0,1326.0,15.875,242.5,2.125,0.279745169430941,0.14160044270789218,0.9029061563713867,-0.9993822068409731,0.00640667492155153,0.008352750934604553,0.02050645618355551,0.14160044270789218,-0.9983673469387755,7.5
1404.2429690361023,3758.0,1339.0,15.875,242.5,2.125,0.279745169430941,0.14160044270789218,0.9029061563713867,-0.9993822068409731,0.00640667492155153,0.008352750934604553,0.02050645618355551,0.14160044270789218,-0.9983673469387755,7.5
1409.5362000465393,3771.0,1352.0,15.875,242.5,2.125,0.279745169430941,0.14160044270789218,0.9029061563713867,-0.9993822068409731,0.00640667492155153,0.008352750934604553,0.02050645618355551,0.14160044270789218,-0.9983673469387755,7.5
1414.7295980453491,3784.0,1365.0,15.875,242.5,2.125,0.279745169430941,0.14160044270789218,0.9029061563713867,-0.9993822068409731,0.00640667492155153,0.008352750934604553,0.02050645618355551,0.14160044270789218,-0.9983673469387755,7.5
1419.9713289737701,3797.0,1339.2083333333333,15.875,242.5,2.125,0.27960909069146467,0.14160044270789218,0.9029061563713867,-0.9993822068409731,0.006403956602446426,0.008352750934604553,0.02050645618355551,0.14160044270789218,-0.9983673469387755,7.5
1425.2096359729767,3810.0,1352.2083333333333,15.875,242.5,2.125,0.27960909069146467,0.14160044270789218,0.9029061563713867,-0.9993822068409731,0.006403956602446426,0.008352750934604553,0.02050645618355551,0.14160044270789218,-0.9983673469387755,7.5
1430.455773115158,3823.0,1307.0,15.875,242.5,2.125,0.27960909069146467,0.14160044270789218,0.9029061563713867,-0.9993822068409731,0.006403956602446426,0.008352750934604553,0.02050645618355551,0.14160044270789218,-0.9983673469387755,7.5
1435.5401589870453,3836.0,1320.0,15.875,242.5,2.125,0.27960909069146467,0.14160044270789218,0.9029061563713867,-0.9993822068409731,0.006403956602446426,0.008352750934604553,0.02050645618355551,0.14160044270789218,-0.9983673469387755,7.5
1440.7679150104523,3849.0,1333.0,15.875,242.5,2.125,0.27960909069146467,0.14160044270789218,0.9029061563713867,-0.9993822068409731,0.006403956602446426,0.008352750934604553,0.02050645618355551,0.14160044270789218,-0.9983673469387755,7.5
1445.7819981575012,3861.0,1345.0,15.875,242.5,2.125,0.27960909069146467,0.14160044270789218,0.9029061563713867,-0.9993822068409731,0.006403956602446426,0.008352750934604553,0.02050645618355551,0.14160044270789218,-0.9983673469387755,7.5
1450.9581580162048,3874.0,1302.9166666666667,15.875,242.5,2.125,0.27960909069146467,0.14160044270789218,0.9029061563713867,-0.9993822068409731,0.006403956602446426,0.008352750934604553,0.02050645618355551,0.14160044270789218,-0.9983673469387755,7.5
1456.1649780273438,3887.0,1294.2083333333333,15.875,242.5,2.125,0.27960909069146467,0.14160044270789218,0.9029061563713867,-0.9993822068409731,0.006403956602446426,0.008352750934604553,0.02050645618355551,0.14160044270789218,-0.9983673469387755,5.0
1461.3178911209106,3900.0,1247.1304347826087,15.956521739130435,11560.391304347826,2.1739130434782608,0.27960909069146467,0.14160044270789218,0.9029061563713867,-0.9993822068409731,0.006403956602446426,0.008352750934604553,0.02050645618355551,0.14160044270789218,-0.9983673469387755,5.0
1466.5247361660004,3913.0,1168.4782608695652,15.956521739130435,11560.391304347826,2.1739130434782608,0.27960909069146467,0.14160044270789218,0.9029061563713867,-0.9993822068409731,0.006403956602446426,0.008352750934604553,0.02050645618355551,0.14160044270789218,-0.9983673469387755,5.0
1471.7161221504211,3926.0,1181.4782608695652,15.956521739130435,11560.391304347826,2.1739130434782608,0.27960909069146467,0.14160044270789218,0.9029061563713867,-0.9993822068409731,0.006403956602446426,0.008352750934604553,0.02050645618355551,0.14160044270789218,-0.9983673469387755,5.0
1476.9690961837769,3939.0,1194.4782608695652,15.956521739130435,11560.391304347826,2.1739130434782608,0.27960909069146467,0.14160044270789218,0.9029061563713867,-0.9993822068409731,0.006403956602446426,0.008352750934604553,0.02050645618355551,0.14160044270789218,-0.9983673469387755,5.0
1482.3019480705261,3952.0,1207.4782608695652,15.956521739130435,11560.391304347826,2.1739130434782608,0.27960909069146467,0.14160044270789218,0.9029061563713867,-0.9993822068409731,0.006403956602446426,0.008352750934604553,0.02050645618355551,0.14160044270789218,-0.9983673469387755,5.0
1487.5308811664581,3965.0,1220.4782608695652,15.956521739130435,11560.391304347826,2.1739130434782608,0.27960909069146467,0.14160044270789218,0.9029061563713867,-0.9993822068409731,0.006403956602446426,0.008352750934604553,0.02050645618355551,0.14160044270789218,-0.9983673469387755,5.0
1492.8233721256256,3978.0,1233.4782608695652,15.956521739130435,11560.391304347826,2.1739130434782608,0.27960909069146467,0.14160044270789218,0.9029061563713867,-0.9993822068409731,0.006403956602446426,0.008352750934604553,0.02050645618355551,0.14160044270789218,-0.9983673469387755,5.0
1498.0083060264587,3991.0,1246.4782608695652,15.956521739130435,11560.391304347826,2.1739130434782608,0.27960909069146467,0.14160044270789218,0.9029061563713867,-0.9993822068409731,0.006403956602446426,0.008352750934604553,0.02050645618355551,0.14160044270789218,-0.9983673469387755,5.0
1503.2421259880066,4004.0,1259.4782608695652,15.956521739130435,11560.391304347826,2.1739130434782608,0.27960909069146467,0.14160044270789218,0.9029061563713867,-0.9993822068409731,0.006403956602446426,0.008352750934604553,0.02050645618355551,0.14160044270789218,-0.9983673469387755,5.0
1508.323067188263,4017.0,1272.4782608695652,15.956521739130435,11560.391304347826,2.1739130434782608,0.27960909069146467,0.14160044270789218,0.9029061563713867,-0.9993822068409731,0.006403956602446426,0.008352750934604553,0.02050645618355551,0.14160044270789218,-0.9983673469387755,5.0
1513.4715340137482,4030.0,1285.4782608695652,15.956521739130435,11560.391304347826,2.1739130434782608,0.27960909069146467,0.14160044270789218,0.9029061563713867,-0.9993822068409731,0.006403956602446426,0.008352750934604553,0.02050645618355551,0.14160044270789218,-0.9983673469387755,5.0
1518.68790102005,4043.0,1298.4782608695652,15.956521739130435,11560.391304347826,2.1739130434782608,0.27960909069146467,0.14160044270789218,0.9029061563713867,-0.9993822068409731,0.006403956602446426,0.008352750934604553,0.02050645618355551,0.14160044270789218,-0.9983673469387755,5.0
1524.0197780132294,4056.0,1311.4782608695652,15.956521739130435,11560.391304347826,2.1739130434782608,0.27960909069146467,0.14160044270789218,0.9029061563713867,-0.9993822068409731,0.006403956602446426,0.008352750934604553,0.02050645618355551,0.14160044270789218,-0.9983673469387755,5.0
1529.3616330623627,4069.0,1324.4782608695652,15.956521739130435,11560.391304347826,2.1739130434782608,0.27960909069146467,0.14160044270789218,0.9029061563713867,-0.9993822068409731,0.006403956602446426,0.008352750934604553,0.02050645618355551,0.14160044270789218,-0.9983673469387755,5.0
1534.6774489879608,4082.0,1337.4782608695652,15.956521739130435,11560.391304347826,2.1739130434782608,0.27960909069146467,0.14160044270789218,0.9029061563713867,-0.9993822068409731,0.006403956602446426,0.008352750934604553,0.02050645618355551,0.14160044270789218,-0.9983673469387755,5.0
1540.0565102100372,4095.0,1350.4782608695652,15.956521739130435,11560.391304347826,2.1739130434782608,0.27960909069146467,0.14160044270789218,0.9029061563713867,-0.9993822068409731,0.006403956602446426,0.008352750934604553,0.02050645618355551,0.14160044270789218,-0.9983673469387755,5.0
1545.440779209137,4108.0,1363.4782608695652,15.956521739130435,11560.391304347826,2.1739130434782608,0.27960909069146467,0.14160044270789218,0.9029061563713867,-0.9993822068409731,0.006403956602446426,0.008352750934604553,0.02050645618355551,0.14160044270789218,-0.9983673469387755,5.0
1550.459372997284,4120.0,1375.4782608695652,15.956521739130435,11560.391304347826,2.1739130434782608,0.27960909069146467,0.14160044270789218,0.9029061563713867,-0.9993822068409731,0.006403956602446426,0.008352750934604553,0.02050645618355551,0.14160044270789218,-0.9983673469387755,5.0
1555.8352181911469,4133.0,1388.4782608695652,15.956521739130435,11560.391304347826,2.1739130434782608,0.27960909069146467,0.14160044270789218,0.9029061563713867,-0.9993822068409731,0.006403956602446426,0.008352750934604553,0.02050645618355551,0.14160044270789218,-0.9983673469387755,5.0
1561.2483341693878,4146.0,1401.4782608695652,15.956521739130435,11560.391304347826,2.1739130434782608,0.27960909069146467,0.14160044270789218,0.9029061563713867,-0.9993822068409731,0.006403956602446426,0.008352750934604553,0.02050645618355551,0.14160044270789218,-0.9983673469387755,5.0
1566.2950520515442,4158.0,1413.4782608695652,15.956521739130435,11560.391304347826,2.1739130434782608,0.27960909069146467,0.14160044270789218,0.9029061563713867,-0.9993822068409731,0.006403956602446426,0.008352750934604553,0.02050645618355551,0.14160044270789218,-0.9983673469387755,5.0
1571.6696619987488,4171.0,1426.4782608695652,15.956521739130435,11560.391304347826,2.1739130434782608,0.27960909069146467,0.14160044270789218,0.9029061563713867,-0.9993822068409731,0.006403956602446426,0.008352750934604553,0.02050645618355551,0.14160044270789218,-0.9983673469387755,5.0
1577.0972790718079,4184.0,1439.4782608695652,15.956521739130435,11560.391304347826,2.1739130434782608,0.27960909069146467,0.14160044270789218,0.9029061563713867,-0.9993822068409731,0.006403956602446426,0.008352750934604553,0.02050645618355551,0.14160044270789218,-0.9983673469387755,5.0
1582.158028125763,4196.0,1451.4782608695652,15.956521739130435,11560.391304347826,2.1739130434782608,0.27960909069146467,0.14160044270789218,0.9029061563713867,-0.9993822068409731,0.006403956602446426,0.008352750934604553,0.02050645618355551,0.14160044270789218,-0.9983673469387755,5.0
1587.202017068863,4208.0,1463.4782608695652,15.956521739130435,11560.391304347826,2.1739130434782608,0.27960909069146467,0.14160044270789218,0.9029061563713867,-0.9993822068409731,0.006403956602446426,0.008352750934604553,0.02050645618355551,0.14160044270789218,-0.9983673469387755,5.0
1592.2023601531982,4220.0,1475.4782608695652,15.956521739130435,11560.391304347826,2.1739130434782608,0.27960909069146467,0.14160044270789218,0.9029061563713867,-0.9993822068409731,0.006403956602446426,0.008352750934604553,0.02050645618355551,0.14160044270789218,-0.9983673469387755,5.0
1597.266124010086,4232.0,1458.8260869565217,15.956521739130435,11560.391304347826,2.1739130434782608,0.27960909069146467,0.14160044270789218,0.9029061563713867,-0.9993822068409731,0.006403956602446426,0.008352750934604553,0.02050645618355551,0.14160044270789218,-0.9983673469387755,5.0
1602.3024151325226,4244.0,1470.8260869565217,15.956521739130435,11560.391304347826,2.1739130434782608,0.27960909069146467,0.14160044270789218,0.9029061563713867,-0.9993822068409731,0.006403956602446426,0.008352750934604553,0.02050645618355551,0.14160044270789218,-0.9983673469387755,5.0
1607.657095193863,4257.0,1483.8260869565217,15.956521739130435,11560.391304347826,2.1739130434782608,0.27960909069146467,0.14160044270789218,0.9029061563713867,-0.9993822068409731,0.006403956602446426,0.008352750934604553,0.02050645618355551,0.14160044270789218,-0.9983673469387755,5.0
1612.7269461154938,4269.0,1495.8260869565217,15.956521739130435,11560.391304347826,2.1739130434782608,0.27960909069146467,0.14160044270789218,0.9029061563713867,-0.9993822068409731,0.006403956602446426,0.008352750934604553,0.02050645618355551,0.14160044270789218,-0.9983673469387755,5.0
1617.801589012146,4281.0,1505.8260869565217,15.956521739130435,11560.391304347826,2.1739130434782608,0.27960909069146467,0.14160044270789218,0.9029061563713867,-0.9993822068409731,0.006403956602446426,0.008352750934604553,0.02050645618355551,0.14160044270789218,-0.9983673469387755,5.0
1623.1135561466217,4294.0,1518.8260869565217,15.956521739130435,11560.391304347826,2.1739130434782608,0.27960909069146467,0.14160044270789218,0.9029061563713867,-0.9993822068409731,0.006403956602446426,0.008352750934604553,0.02050645618355551,0.14160044270789218,-0.9983673469387755,5.0
1628.4799251556396,4307.0,1531.8260869565217,15.956521739130435,11560.391304347826,2.1739130434782608,0.27960909069146467,0.14160044270789218,0.9029061563713867,-0.9993822068409731,0.006403956602446426,0.008352750934604553,0.02050645618355551,0.14160044270789218,-0.9983673469387755,5.0
1633.5071840286255,4319.0,1543.8260869565217,15.956521739130435,11560.391304347826,2.1739130434782608,0.27960909069146467,0.14160044270789218,0.9029061563713867,-0.9993822068409731,0.006403956602446426,0.008352750934604553,0.02050645618355551,0.14160044270789218,-0.9983673469387755,5.0
1638.5968561172485,4331.0,1555.8260869565217,15.956521739130435,11560.391304347826,2.1739130434782608,0.27960909069146467,0.14160044270789218,0.9029061563713867,-0.9993822068409731,0.006403956602446426,0.008352750934604553,0.02050645618355551,0.14160044270789218,-0.9983673469387755,5.0
1643.6801640987396,4343.0,1567.8260869565217,15.956521739130435,11560.391304347826,2.1739130434782608,0.27960909069146467,0.14160044270789218,0.9029061563713867,-0.9993822068409731,0.006403956602446426,0.008352750934604553,0.02050645618355551,0.14160044270789218,-0.9983673469387755,5.0
1649.0742421150208,4356.0,1580.8260869565217,15.956521739130435,11560.391304347826,2.1739130434782608,0.27960909069146467,0.14160044270789218,0.9029061563713867,-0.9993822068409731,0.006403956602446426,0.008352750934604553,0.02050645618355551,0.14160044270789218,-0.9983673469387755,5.0
1654.244243144989,4368.0,1592.8260869565217,15.956521739130435,11560.391304347826,2.1739130434782608,0.27960909069146467,0.14160044270789218,0.9029061563713867,-0.9993822068409731,0.006403956602446426,0.008352750934604553,0.02050645618355551,0.14160044270789218,-0.9983673469387755,5.0
1659.3105671405792,4380.0,1604.8260869565217,15.956521739130435,11560.391304347826,2.1739130434782608,0.27960909069146467,0.14160044270789218,0.9029061563713867,-0.9993822068409731,0.006403956602446426,0.008352750934604553,0.02050645618355551,0.14160044270789218,-0.9983673469387755,5.0
1664.4031901359558,4392.0,1616.8260869565217,15.956521739130435,11560.391304347826,2.1739130434782608,0.27960909069146467,0.14160044270789218,0.9029061563713867,-0.9993822068409731,0.006403956602446426,0.008352750934604553,0.02050645618355551,0.14160044270789218,-0.9983673469387755,5.0
1669.4691669940948,4404.0,1628.8260869565217,15.956521739130435,11560.391304347826,2.1739130434782608,0.27960909069146467,0.14160044270789218,0.9029061563713867,-0.9993822068409731,0.006403956602446426,0.008352750934604553,0.02050645618355551,0.14160044270789218,-0.9983673469387755,5.0
1674.6161811351776,4416.0,1640.8260869565217,15.956521739130435,11560.391304347826,2.1739130434782608,0.27960909069146467,0.14160044270789218,0.9029061563713867,-0.9993822068409731,0.006403956602446426,0.008352750934604553,0.02050645618355551,0.14160044270789218,-0.9983673469387755,5.0
1679.6985721588135,4428.0,1652.8260869565217,15.956521739130435,11560.391304347826,2.1739130434782608,0.27960909069146467,0.14160044270789218,0.9029061563713867,-0.9993822068409731,0.006403956602446426,0.008352750934604553,0.02050645618355551,0.14160044270789218,-0.9983673469387755,5.0
1684.8761830329895,4440.0,1664.8260869565217,15.956521739130435,11560.391304347826,2.1739130434782608,0.27960909069146467,0.14160044270789218,0.9029061563713867,-0.9993822068409731,0.006403956602446426,0.008352750934604553,0.02050645618355551,0.14160044270789218,-0.9983673469387755,5.0
1689.9937810897827,4452.0,1676.8260869565217,15.956521739130435,11560.391304347826,2.1739130434782608,0.27960909069146467,0.14160044270789218,0.9029061563713867,-0.9993822068409731,0.006403956602446426,0.008352750934604553,0.02050645618355551,0.14160044270789218,-0.9983673469387755,5.0
1695.062161207199,4464.0,1597.7391304347825,15.956521739130435,11560.391304347826,2.1739130434782608,0.27960909069146467,0.14160044270789218,0.9029061563713867,-0.9993822068409731,0.006403956602446426,0.008352750934604553,0.020506504399886962,0.14160044270789218,-0.9983673469387755,5.0
1700.2390761375427,4476.0,1609.7391304347825,15.956521739130435,11560.391304347826,2.1739130434782608,0.27960909069146467,0.14160044270789218,0.9029061563713867,-0.9993822068409731,0.006403956602446426,0.008352750934604553,0.020506504399886962,0.14160044270789218,-0.9983673469387755,5.0
1705.4073631763458,4488.0,1621.7391304347825,15.956521739130435,11560.391304347826,2.1739130434782608,0.27960909069146467,0.14160044270789218,0.9029061563713867,-0.9993822068409731,0.006403956602446426,0.008352750934604553,0.020506504399886962,0.14160044270789218,-0.9983673469387755,5.0
1710.5571341514587,4500.0,1632.3478260869565,15.956521739130435,11560.391304347826,2.1739130434782608,0.27960909069146467,0.14160044270789218,0.9029061563713867,-0.9993822068409731,0.006403956602446426,0.008352750934604553,0.020506504174622565,0.14160044270789218,-0.9983673469387755,5.0
1715.6909701824188,4512.0,1644.3478260869565,15.956521739130435,11560.391304347826,2.1739130434782608,0.27960909069146467,0.14160044270789218,0.9029061563713867,-0.9993822068409731,0.006403956602446426,0.008352750934604553,0.020506504174622565,0.14160044270789218,-0.9983673469387755,5.0
1720.8089020252228,4524.0,1655.304347826087,15.956521739130435,11560.391304347826,2.1739130434782608,0.27960909069146467,0.14160044270789218,0.9029061563713867,-0.9993822068409731,0.006403956602446426,0.008352750934604553,0.020506504174574898,0.14160044270789218,-0.9983673469387755,5.0
1725.9576511383057,4536.0,1667.304347826087,15.956521739130435,11560.391304347826,2.1739130434782608,0.27960909069146467,0.14160044270789218,0.9029061563713867,-0.9993822068409731,0.006403956602446426,0.008352750934604553,0.020506504174574898,0.14160044270789218,-0.9983673469387755,5.0
1731.1144390106201,4548.0,1679.304347826087,15.956521739130435,11560.391304347826,2.1739130434782608,0.27960909069146467,0.14160044270789218,0.9029061563713867,-0.9993822068409731,0.006403956602446426,0.008352750934604553,0.020506504174574898,0.14160044270789218,-0.9983673469387755,5.0
1736.4180071353912,4560.0,1691.304347826087,15.956521739130435,11560.391304347826,2.1739130434782608,0.27960909069146467,0.14160044270789218,0.9029061563713867,-0.9993822068409731,0.006403956602446426,0.008352750934604553,0.020506504174574898,0.14160044270789218,-0.9983673469387755,5.0
1741.6044311523438,4572.0,1703.304347826087,15.956521739130435,11560.391304347826,2.1739130434782608,0.27960909069146467,0.14160044270789218,0.9029061563713867,-0.9993822068409731,0.006403956602446426,0.008352750934604553,0.020506504174574898,0.14160044270789218,-0.9983673469387755,5.0
1746.8059341907501,4584.0,1712.304347826087,15.956521739130435,11560.391304347826,2.1739130434782608,0.27960909069146467,0.14160044270789218,0.9029061563713867,-0.9993822068409731,0.006403956602446426,0.008352750934604553,0.020506504174338348,0.14160044270789218,-0.9983673469387755,5.0
1752.1241281032562,4596.0,1724.304347826087,15.956521739130435,11560.391304347826,2.1739130434782608,0.27960909069146467,0.14160044270789218,0.9029061563713867,-0.9993822068409731,0.006403956602446426,0.008352750934604553,0.020506504174338348,0.14160044270789218,-0.9983673469387755,5.0
1757.3865530490875,4608.0,1736.304347826087,15.956521739130435,11560.391304347826,2.1739130434782608,0.27960909069146467,0.14160044270789218,0.9029061563713867,-0.9993822068409731,0.006403956602446426,0.008352750934604553,0.020506504174338348,0.14160044270789218,-0.9983673469387755,5.0
1762.4671800136566,4620.0,1748.304347826087,15.956521739130435,11560.391304347826,2.1739130434782608,0.27960909069146467,0.14160044270789218,0.9029061563713867,-0.9993822068409731,0.006403956602446426,0.008352750934604553,0.020506504174338348,0.14160044270789218,-0.9983673469387755,5.0
1767.6273941993713,4632.0,1728.8695652173913,15.956521739130435,11560.391304347826,2.1739130434782608,0.27960909069146467,0.14160044270789218,0.9029061563713867,-0.9993822068409731,0.006403956602446426,0.008352750934604553,0.020506504174338348,0.14160044270789218,-0.9983673469387755,5.0
1772.7329721450806,4644.0,1740.8695652173913,15.956521739130435,11560.391304347826,2.1739130434782608,0.27960909069146467,0.14160044270789218,0.9029061563713867,-0.9993822068409731,0.006403956602446426,0.008352750934604553,0.020506504174338348,0.14160044270789218,-0.9983673469387755,5.0
1777.8854880332947,4656.0,1752.8695652173913,15.956521739130435,11560.391304347826,2.1739130434782608,0.27960909069146467,0.14160044270789218,0.9029061563713867,-0.9993822068409731,0.006403956602446426,0.008352750934604553,0.020506504174338348,0.14160044270789218,-0.9983673469387755,5.0
1783.0916390419006,4668.0,1764.8695652173913,15.956521739130435,11560.391304347826,2.1739130434782608,0.27960909069146467,0.14160044270789218,0.9029061563713867,-0.9993822068409731,0.006403956602446426,0.008352750934604553,0.020506504174338348,0.14160044270789218,-0.9983673469387755,5.0
1788.241494178772,4680.0,1733.3478260869565,15.956521739130435,11560.391304347826,2.1739130434782608,0.27960909069146467,0.14160044270789218,0.9029061563713867,-0.9993822068409731,0.006403956602446426,0.008352750934604553,0.020506504174338348,0.14160044270789218,-0.9983673469387755,5.0
1793.316617012024,4692.0,1745.3478260869565,15.956521739130435,11560.391304347826,2.1739130434782608,0.27960909069146467,0.14160044270789218,0.9029061563713867,-0.9993822068409731,0.006403956602446426,0.008352750934604553,0.020506504174338348,0.14160044270789218,-0.9983673469387755,5.0
1798.4825580120087,4704.0,1757.3478260869565,15.956521739130435,11560.391304347826,2.1739130434782608,0.27960909069146467,0.14160044270789218,0.9029061563713867,-0.9993822068409731,0.006403956602446426,0.008352750934604553,0.020506504174338348,0.14160044270789218,-0.9983673469387755,5.0
