time,generation,mean age hall_of_fame,mean compl,mean recursive_compl,mean n_params,min mae,min mse,min max_ae,min minus_r2,min mare,min q75_are,min max_are,min ms_processed_e,min minus_spearman,max penalty
12.1667640209198,1.0,0.0,9.833333333333334,12401.0,1.5,0.09189680271499868,0.01503125643878716,0.31787816899241167,-0.7199751202159959,0.5753730654970239,0.860541762882489,1.0541662327535972,0.01503125643878716,-0.9207543526184012,6.0
18.344616174697876,12.0,3.1,10.2,1.3407807929942598e153,1.5,0.03828478426402395,0.002595479413647622,0.14512111293811314,-0.9516475010756202,0.20708543708186533,0.30502003703611535,0.9196246592429524,0.002595479413647622,-0.9857180235930391,14.0
23.526172161102295,26.0,9.272727272727273,9.727272727272727,37.54545454545455,1.5454545454545454,0.020050860304798607,0.0006073908797689277,0.07201672078044996,-0.9886846080511072,0.11429987077628963,0.1688721033397081,0.33066940795379396,0.0006073908797689277,-0.9969316276629623,7.0
28.874993085861206,37.0,8.25,10.5,284.8125,1.5625,0.011524117357874186,0.00020996327173413313,0.04755265100052264,-0.9960884880005978,0.06503160839706829,0.08431507782449225,0.2492036160162498,0.00020996327173413313,-0.998460428898887,7.0
34.11298608779907,50.0,13.4,11.466666666666667,5.807485728784016e39,1.6,0.011339253181898708,0.00020996327173413313,0.04755265100052264,-0.9960884880005978,0.05809109016654434,0.08001738128841009,0.23012444489285458,0.00020996327173413313,-0.9983735359793988,4.0
39.41411113739014,62.0,16.714285714285715,10.0,2949.0714285714284,1.4285714285714286,0.006522556032066198,9.605687038547046e-5,0.040999089241120945,-0.9982105079710629,0.03308593191891308,0.03948035352169264,0.18718017357667716,9.605687038547046e-5,-0.998757756245932,7.0
44.481303215026855,74.0,23.714285714285715,11.714285714285714,195.14285714285714,1.7142857142857142,0.007522561483967751,9.605687038545947e-5,0.025494875730386612,-0.9982105079710631,0.0403824498603903,0.05629094475641448,0.1871801735762656,9.605687038545947e-5,-0.9988173551172695,7.0
49.5009970664978,86.0,29.846153846153847,11.846153846153847,91.92307692307692,1.8461538461538463,0.004016333934672534,2.6114197915040016e-5,0.01697492029592762,-0.9995135053971307,0.02289197261500399,0.030386150395545687,0.09946814691765007,2.6114197915040016e-5,-0.9993560326793983,4.0
54.62441110610962,98.0,29.625,13.0,2126.5625,2.0,0.0018727774246749815,7.967593152540006e-6,0.016974920326140452,-0.9998515676767412,0.008520146438219791,0.012632703851386075,0.04254228888231635,7.967593152540006e-6,-0.9997314965870794,4.0
59.814263105392456,110.0,36.470588235294116,12.941176470588236,2006.2941176470588,1.8823529411764706,0.001863160004860317,7.967593152540006e-6,0.01681475424661616,-0.9998515676767412,0.008388101115691266,0.012214729090466413,0.04254228888231635,7.967593152540006e-6,-0.9997505231797813,4.0
65.1097321510315,122.0,44.88235294117647,12.647058823529411,2006.1176470588234,1.7647058823529411,0.00171037107064502,7.309709616603163e-6,0.016491092425446108,-0.9998638237219236,0.007293581634701597,0.010270052813781204,0.03095793738665034,7.309709616603163e-6,-0.9997970284489083,4.0
70.26605415344238,133.0,49.333333333333336,13.61111111111111,1907.888888888889,2.0555555555555554,0.0017103710705336046,7.309709616341496e-6,0.016491092425446108,-0.9998638237219285,0.007293581634017358,0.010270052813781204,0.03095793738665034,7.309709616341496e-6,-0.9997970284489083,4.0
75.32264018058777,144.0,53.78947368421053,13.631578947368421,1808.8947368421052,2.0526315789473686,0.0017103710705336046,7.309709616341496e-6,0.016491092425446108,-0.9998638237219285,0.007293581634017358,0.010270052813781204,0.03095793738665034,7.309709616341496e-6,-0.9997970284489083,4.0
80.47474217414856,155.0,57.625,12.375,88.9375,1.75,0.0017103812311365357,7.309529084649639e-6,0.016491092425446108,-0.9998638270851448,0.007293780799749327,0.010269428211803969,0.030959026761472847,7.309529084649639e-6,-0.999796171702506,4.0
85.66698217391968,166.0,63.64705882352941,12.588235294117647,101.11764705882354,1.7058823529411764,0.0017111113347618085,7.308040458435548e-6,0.01649109241846769,-0.9998638548175155,0.007299235853762571,0.010269487346389196,0.030950517951014462,7.308040458435548e-6,-0.9997948254919752,4.0
90.8122341632843,177.0,62.94444444444444,13.0,101.11111111111111,1.7777777777777777,0.0017111113347618085,7.308040458435548e-6,0.016491092425446108,-0.9998638548175155,0.007299235853762571,0.010269487346389196,0.030950517951014462,7.308040458435548e-6,-0.9997948254919752,4.0
96.15702414512634,189.0,66.21052631578948,13.578947368421053,118.3157894736842,1.9473684210526316,0.0017111113347618085,7.308040458435548e-6,0.01649109243173319,-0.9998638548175155,0.007299235853762571,0.010269487346389196,0.030950517951014462,7.308040458435548e-6,-0.9997948254919752,4.0
101.26282715797424,200.0,68.78947368421052,13.68421052631579,108.73684210526316,1.9473684210526316,0.0017111113347618085,7.308040458435548e-6,0.016491092441907496,-0.9998638548175155,0.007299235853762571,0.010269487346389196,0.030950517951014462,7.308040458435548e-6,-0.9997948254919752,4.0
106.50519013404846,211.0,83.4375,12.3125,108.4375,1.6875,0.0017111113347618085,7.308040458435548e-6,0.016949180295876887,-0.9998638548175155,0.007299235853762571,0.010269487346389196,0.030950517951014462,7.308040458435548e-6,-0.9997948254919752,4.0
111.86224317550659,222.0,77.83333333333333,13.61111111111111,94.38888888888889,1.8888888888888888,0.001710446626855277,7.307753659896313e-6,0.01682176372565014,-0.9998638601604306,0.007294158464974268,0.010269487346389196,0.03092952267723401,7.307753659896313e-6,-0.9997994148350545,4.0
117.36729621887207,233.0,79.0,14.421052631578947,103.78947368421052,2.0526315789473686,0.0017025579150289289,7.283424644573015e-6,0.01682176372565014,-0.9998643133979639,0.007259170299111429,0.010269487346389196,0.030950517951014462,7.283424644573015e-6,-0.9997953761807256,4.0
122.50722217559814,243.0,85.94736842105263,14.421052631578947,104.42105263157895,2.0526315789473686,0.001702557915068477,7.283424644549074e-6,0.01682176372565014,-0.9998643133979643,0.007259170299327499,0.010269487346389196,0.030950517951014462,7.283424644549074e-6,-0.9997953761807256,4.0
127.83144211769104,251.0,88.0,14.7,101.95,2.1,0.001702557915068477,7.283424644549074e-6,0.01682176372565014,-0.9998643133979643,0.007259170299327499,0.010269487346389196,0.030950517951014462,7.283424644549074e-6,-0.9997953761807256,4.0
133.11431908607483,261.0,92.47619047619048,15.047619047619047,103.14285714285714,2.1904761904761907,0.001702557915068477,7.283424644549074e-6,0.01682176372565014,-0.9998643133979643,0.007259170299327499,0.010269487346389196,0.030950517951014462,7.283424644549074e-6,-0.9997953761807256,4.0
138.3353681564331,271.0,94.63636363636364,15.590909090909092,108.31818181818181,2.272727272727273,0.0017027658907278402,7.27608118658495e-6,0.01682176372565014,-0.9998644502029574,0.0072507099888127645,0.010269487346389196,0.03095041459458315,7.27608118658495e-6,-0.999797517913037,4.0
143.58341813087463,281.0,93.22727272727273,15.681818181818182,107.45454545454545,2.1818181818181817,0.0017027254700964962,7.27608118658495e-6,0.01682176372565014,-0.9998644502029574,0.0072507099888127645,0.010269487346389196,0.03095041459458315,7.27608118658495e-6,-0.999797517913037,4.0
149.1429100036621,291.0,94.31818181818181,15.227272727272727,103.63636363636364,2.090909090909091,0.0016964157216137615,7.255139665202104e-6,0.01682176372565014,-0.9998648403331526,0.007191877560985494,0.010270227441400829,0.030947725503394613,7.255139665202104e-6,-0.9997969059991592,4.0
154.18224811553955,300.0,96.04545454545455,15.227272727272727,104.18181818181819,2.090909090909091,0.0016964157216137615,7.255139665202104e-6,0.016821763726172168,-0.9998648403331526,0.007191877560985494,0.010270227441400829,0.030947725503394613,7.255139665202104e-6,-0.9997969059991592,4.0
159.29313611984253,309.0,105.0,15.227272727272727,104.18181818181819,2.090909090909091,0.0016964157216137615,7.255139665202104e-6,0.016821763726172168,-0.9998648403331526,0.007191877560985494,0.010270227441400829,0.030947725503394613,7.255139665202104e-6,-0.9997969059991592,4.0
164.50860619544983,318.0,105.69565217391305,15.869565217391305,118.91304347826087,2.260869565217391,0.0016888453877662026,7.2297746461229235e-6,0.016821763716013072,-0.999865312870924,0.007124608662856874,0.010270227441400829,0.03089779612392922,7.2297746461229235e-6,-0.9997969059991592,4.0
169.72596716880798,327.0,114.56521739130434,15.869565217391305,118.91304347826087,2.260869565217391,0.0016888453877662026,7.2297746461229235e-6,0.01682176371601396,-0.999865312870924,0.007124608662856874,0.010270227441400829,0.03089779612392922,7.2297746461229235e-6,-0.9997969059991592,4.0
174.8843731880188,336.0,117.08695652173913,15.869565217391305,159.56521739130434,2.260869565217391,0.0016887648968637332,7.229569605806147e-6,0.01682176372563371,-0.9998653166907238,0.007124367422884267,0.010269945579561198,0.030901409474322003,7.229569605806147e-6,-0.9997969059991592,4.0
180.20632314682007,345.0,117.1304347826087,15.869565217391305,156.6086956521739,2.260869565217391,0.0016880877606777532,7.227059698715923e-6,0.01682176372563371,-0.9998653634490525,0.007123522013566938,0.010270227441400829,0.030947725503394613,7.227059698715923e-6,-0.9997969059991592,4.0
185.51489400863647,354.0,116.26086956521739,15.826086956521738,155.34782608695653,2.217391304347826,0.0016880877606777532,7.227059698715923e-6,0.01682176372563371,-0.9998653634490525,0.007123522013566938,0.010270227441400829,0.030947725503394613,7.227059698715923e-6,-0.9997970897185532,4.0
190.89007902145386,363.0,124.08695652173913,15.826086956521738,157.69565217391303,2.217391304347826,0.0016880877606777532,7.227059698715923e-6,0.01682176372563371,-0.9998653634490525,0.007123522013566938,0.010270227441400829,0.030947725503394613,7.227059698715923e-6,-0.9997970897185532,4.0
196.2505750656128,372.0,130.08695652173913,15.826086956521738,158.04347826086956,2.217391304347826,0.0016880877606777532,7.227059698715923e-6,0.01682176372563371,-0.9998653634490525,0.007123522013566938,0.010270227441400829,0.030947725503394613,7.227059698715923e-6,-0.9997970897185532,4.0
201.64190912246704,381.0,134.91304347826087,15.826086956521738,158.04347826086956,2.217391304347826,0.0016880877606777532,7.227059698715923e-6,0.01682176372563371,-0.9998653634490525,0.007123522013566938,0.01034579778458982,0.030950134544375944,7.227059698715923e-6,-0.9997972119449602,4.0
206.95038104057312,390.0,133.56521739130434,15.826086956521738,158.04347826086956,2.217391304347826,0.0016880877606777532,7.227059698715923e-6,0.01682176372652655,-0.9998653634490525,0.007123522013566938,0.010291804888956112,0.03088039278027873,7.227059698715923e-6,-0.9997972119449602,4.0
212.24948716163635,399.0,136.30434782608697,15.826086956521738,157.6086956521739,2.217391304347826,0.0016880877606777532,7.227059698715923e-6,0.01682176372652655,-0.9998653634490525,0.007123522013566938,0.010290841393942741,0.03088160242750625,7.227059698715923e-6,-0.9997972119449602,4.0
217.52827906608582,408.0,139.5,16.25,157.58333333333334,2.3333333333333335,0.0016880877606777532,7.227059698715923e-6,0.01682176372652655,-0.9998653634490525,0.007123522013566938,0.010290841393942741,0.03088160242750625,7.227059698715923e-6,-0.9997972119449602,4.0
222.8577311038971,417.0,147.41666666666666,16.25,157.58333333333334,2.3333333333333335,0.0016880877606777532,7.227059698715923e-6,0.01682176476506836,-0.9998653634490525,0.007123522013566938,0.010290841393942741,0.03088160242750625,7.227059698715923e-6,-0.9997972119449602,4.0
228.29988622665405,426.0,147.41666666666666,16.208333333333332,183.58333333333334,2.375,0.001651619026887328,7.227059698715923e-6,0.01682176476506836,-0.9998653634490525,0.006687162395202023,0.00970279445829305,0.03079756990965683,7.227059698715923e-6,-0.9997989252598276,4.0
233.5554780960083,435.0,145.875,16.208333333333332,188.33333333333334,2.3333333333333335,0.001651619026887328,7.227059698715923e-6,0.01682176476506836,-0.9998653634490525,0.006687162395202023,0.00970279445829305,0.03079756990965683,7.227059698715923e-6,-0.9997989252598276,4.0
238.95168018341064,444.0,149.91666666666666,16.208333333333332,188.33333333333334,2.3333333333333335,0.001651619026887328,7.226642349685798e-6,0.01682176476506836,-0.9998653712240587,0.006687162395202023,0.00970279445829305,0.03079756990965683,7.226642349685798e-6,-0.9997985582884866,4.0
244.20399403572083,453.0,153.0,16.208333333333332,188.20833333333334,2.3333333333333335,0.001651619026887328,7.226642349685798e-6,0.016821764765202918,-0.9998653712240587,0.006687162395202023,0.00970279445829305,0.03079756990965683,7.226642349685798e-6,-0.9997985582884866,4.0
249.6409502029419,462.0,154.64,16.08,7.190772539449263e306,2.24,0.001651619026887328,7.189618275492861e-6,0.01616594162395313,-0.9998660609642656,0.006687162395202023,0.00970279445829305,0.03079756990965683,7.189618275492861e-6,-0.9997985582884866,4.0
255.09886813163757,471.0,125.07692307692308,16.53846153846154,6.91420436485506e306,2.3461538461538463,0.001651619026887328,7.189618275492861e-6,0.01616594162395313,-0.9998660609642656,0.006687162395202023,0.00970279445829305,0.03079756990965683,7.189618275492861e-6,-0.9997986192036322,6.0
260.53324723243713,480.0,133.33333333333334,15.791666666666666,7.490388061926316e306,2.1666666666666665,0.001651619026887328,7.189618275492861e-6,0.01616594162395313,-0.9998660609642656,0.006687162395202023,0.00970279445829305,0.03079756990965683,7.189618275492861e-6,-0.9997986192036322,6.0
265.92282700538635,489.0,146.0,14.954545454545455,8.171332431192344e306,2.0,0.001651619026887328,7.189618275492861e-6,0.01616594162395313,-0.9998660609642656,0.006687162395202023,0.00970279445829305,0.03079756990965683,7.189618275492861e-6,-0.9997985582884866,6.0
271.3976631164551,498.0,154.8181818181818,14.954545454545455,8.171332431192344e306,2.0,0.001651619026887328,7.189618275492861e-6,0.01616594162395313,-0.9998660609642656,0.006687162395202023,0.00970279445829305,0.03079756990965683,7.189618275492861e-6,-0.9997985582884866,6.0
276.8233640193939,507.0,154.65217391304347,15.565217391304348,7.816057108097024e306,2.130434782608696,0.001651619026887328,7.189618275492861e-6,0.01616594162395313,-0.9998660609642656,0.006687162395202023,0.00970279445829305,0.03079756990965683,7.189618275492861e-6,-0.9997985582884866,6.0
282.31078720092773,516.0,161.8181818181818,14.909090909090908,8.171332431192344e306,1.9545454545454546,0.0016531861317894468,7.189618275492861e-6,0.01616594162395313,-0.9998660609642656,0.006738484677865134,0.009738675429130046,0.030812420645442793,7.189618275492861e-6,-0.9997997819395185,6.0
287.3205602169037,524.0,169.8181818181818,14.909090909090908,8.171332431192344e306,1.9545454545454546,0.0016531861317894468,7.189618275492861e-6,0.01616594162395313,-0.9998660609642656,0.006738484677865134,0.009738675429130046,0.030812420645442793,7.189618275492861e-6,-0.9997997819395185,6.0
292.922297000885,533.0,167.65217391304347,15.434782608695652,7.816057108097024e306,2.0869565217391304,0.001653109639698003,7.1895510335266625e-6,0.016165391825503805,-0.9998660622169502,0.006737448725019993,0.009730629668400948,0.0308121313496309,7.1895510335266625e-6,-0.9997997819395185,6.0
298.05514001846313,541.0,174.7826086956522,15.391304347826088,212.47826086956522,2.130434782608696,0.0016531375627760966,7.180816261528552e-6,0.016822731916408484,-0.9998662249414363,0.0067378814955224384,0.009731929153039293,0.03081224755540758,7.180816261528552e-6,-0.9997997819395185,6.0
303.64291501045227,550.0,183.7826086956522,15.391304347826088,212.47826086956522,2.130434782608696,0.0016531375627760966,7.180816261528552e-6,0.016822731916408484,-0.9998662249414363,0.0067378814955224384,0.009731929153039293,0.03081224755540758,7.180816261528552e-6,-0.9997997819395185,6.0
309.19921016693115,559.0,198.5909090909091,14.818181818181818,172.63636363636363,2.0,0.0016531500527093893,7.180816261528552e-6,0.016822731916408484,-0.9998662249414363,0.006738049277848091,0.009733250420796898,0.03081229175573131,7.180816261528552e-6,-0.99979782388108,6.0
314.7304081916809,568.0,215.76190476190476,14.142857142857142,155.95238095238096,1.8095238095238095,0.00166764167376975,7.123182000181817e-6,0.016822731916408484,-0.9998672986392453,0.00685003846291834,0.010099717414856968,0.030827727583903956,7.123182000181817e-6,-0.9998027805891139,6.0
320.3350110054016,577.0,221.76190476190476,14.142857142857142,155.95238095238096,1.8095238095238095,0.0016680191537997604,7.123182000181817e-6,0.016822731916408484,-0.9998672986392453,0.006852201160962805,0.01007680837058821,0.030827727583903956,7.123182000181817e-6,-0.9998027805891139,6.0
325.7671961784363,586.0,210.76190476190476,14.142857142857142,121.57142857142857,1.8095238095238095,0.0016680191537997604,7.123182000181817e-6,0.01685983207873709,-0.9998672986392453,0.006852201160962805,0.01007680837058821,0.030827727583903956,7.123182000181817e-6,-0.9998027805891139,6.0
331.38310408592224,595.0,219.76190476190476,14.142857142857142,121.57142857142857,1.8095238095238095,0.0016680191537997604,7.123182000181817e-6,0.01685983207873709,-0.9998672986392453,0.006852201160962805,0.01007680837058821,0.030827727583903956,7.123182000181817e-6,-0.9998027805891139,6.0
336.43723011016846,603.0,227.76190476190476,14.142857142857142,121.57142857142857,1.8095238095238095,0.0016680191537997604,7.123182000181817e-6,0.01685983207873709,-0.9998672986392453,0.006852201160962805,0.01007680837058821,0.030827727583903956,7.123182000181817e-6,-0.9998027805891139,6.0
341.6093010902405,611.0,223.5909090909091,14.863636363636363,157.54545454545453,1.9545454545454546,0.00166802657661232,7.117776556564806e-6,0.01685983207873709,-0.9998673993399888,0.006852251191511787,0.010071967267223345,0.030798858970235397,7.117776556564806e-6,-0.9998027805891139,6.0
346.6696560382843,619.0,231.5909090909091,14.863636363636363,157.54545454545453,1.9545454545454546,0.00166802657661232,7.117776556564806e-6,0.01685983207873709,-0.9998673993399888,0.006852251191511787,0.010071967267223345,0.030798858970235397,7.117776556564806e-6,-0.9998027805891139,6.0
351.75464820861816,627.0,239.5909090909091,14.863636363636363,157.54545454545453,1.9545454545454546,0.00166802657661232,7.117776556564806e-6,0.01685983207873709,-0.9998673993399888,0.006852251191511787,0.010071967267223345,0.030798858970235397,7.117776556564806e-6,-0.9998027805891139,6.0
356.80230021476746,635.0,247.5909090909091,14.863636363636363,157.54545454545453,1.9545454545454546,0.00166802657661232,7.117776556564806e-6,0.01685983207873709,-0.9998673993399888,0.006852251191511787,0.010071967267223345,0.030798858970235397,7.117776556564806e-6,-0.9998027805891139,6.0
361.90697717666626,643.0,255.5909090909091,14.863636363636363,157.54545454545453,1.9545454545454546,0.00166802657661232,7.117776556564806e-6,0.01685983207873709,-0.9998673993399888,0.006852251191511787,0.010071967267223345,0.030798858970235397,7.117776556564806e-6,-0.9998027805891139,6.0
367.0088732242584,651.0,263.59090909090907,14.863636363636363,157.54545454545453,1.9545454545454546,0.00166802657661232,7.117776556564806e-6,0.01685983207873709,-0.9998673993399888,0.006852251191511787,0.010071967267223345,0.030798858970235397,7.117776556564806e-6,-0.9998027805891139,6.0
372.05182123184204,659.0,268.1818181818182,14.863636363636363,160.72727272727272,1.9090909090909092,0.00166802657661232,7.117776556564806e-6,0.016727998142376688,-0.9998673993399888,0.006852251191511787,0.010071967267223345,0.030798858970235397,7.117776556564806e-6,-0.9998027805891139,6.0
377.0955581665039,667.0,276.1818181818182,14.863636363636363,160.72727272727272,1.9090909090909092,0.00166802657661232,7.117776556564806e-6,0.016727998142376688,-0.9998673993399888,0.006852251191511787,0.010071967267223345,0.030798858970235397,7.117776556564806e-6,-0.9998027805891139,6.0
382.14574813842773,675.0,281.1363636363636,14.863636363636363,160.72727272727272,1.9090909090909092,0.00166802657661232,7.1155195239622604e-6,0.016727998142376688,-0.9998674413873908,0.006852251191511787,0.010071967267223345,0.030827727583903956,7.1155195239622604e-6,-0.9998043713913034,6.0
387.2542841434479,683.0,289.1363636363636,14.863636363636363,160.72727272727272,1.9090909090909092,0.00166802657661232,7.1155195239622604e-6,0.016727998142376688,-0.9998674413873908,0.006852251191511787,0.010071967267223345,0.030827727583903956,7.1155195239622604e-6,-0.9998043713913034,6.0
392.278605222702,691.0,297.1363636363636,14.863636363636363,160.72727272727272,1.9090909090909092,0.00166802657661232,7.1155195239622604e-6,0.016727998142376688,-0.9998674413873908,0.006852251191511787,0.010071967267223345,0.030827727583903956,7.1155195239622604e-6,-0.9998043713913034,6.0
397.88369607925415,700.0,306.1363636363636,14.863636363636363,160.72727272727272,1.9090909090909092,0.00166802657661232,7.1155195239622604e-6,0.016727998142376688,-0.9998674413873908,0.006852251191511787,0.010071967267223345,0.030827727583903956,7.1155195239622604e-6,-0.9998043713913034,6.0
403.44029211997986,709.0,315.1363636363636,14.863636363636363,160.72727272727272,1.9090909090909092,0.00166802657661232,7.1155195239622604e-6,0.016727998142376688,-0.9998674413873908,0.006852251191511787,0.010071967267223345,0.030827727583903956,7.1155195239622604e-6,-0.9998043713913034,6.0
408.6434950828552,717.0,318.22727272727275,14.863636363636363,160.72727272727272,1.9090909090909092,0.0016680279616172922,7.1155195239622604e-6,0.016727998142376688,-0.9998674413873908,0.006852260825064615,0.010071051142467985,0.030827727583903956,7.1155195239622604e-6,-0.9998043713913034,6.0
414.14660120010376,726.0,327.22727272727275,14.863636363636363,160.72727272727272,1.9090909090909092,0.0016680279616172922,7.1155195239622604e-6,0.016727998142376688,-0.9998674413873908,0.006852260825064615,0.010071051142467985,0.030827727583903956,7.1155195239622604e-6,-0.9998043713913034,6.0
419.2992720603943,734.0,335.22727272727275,14.863636363636363,160.72727272727272,1.9090909090909092,0.0016680279616172922,7.1155195239622604e-6,0.016727998142376688,-0.9998674413873908,0.006852260825064615,0.010071051142467985,0.030827727583903956,7.1155195239622604e-6,-0.9998043713913034,6.0
424.88585901260376,743.0,344.22727272727275,14.863636363636363,160.72727272727272,1.9090909090909092,0.0016680279616172922,7.1155195239622604e-6,0.016727998142376688,-0.9998674413873908,0.006852260825064615,0.010071051142467985,0.030827727583903956,7.1155195239622604e-6,-0.9998043713913034,6.0
429.93383502960205,751.0,339.77272727272725,14.863636363636363,160.72727272727272,1.9090909090909092,0.0016680279616172922,7.1155195239622604e-6,0.016727998142376688,-0.9998674413873908,0.006852260825064615,0.010071051142467985,0.030827727583903956,7.1155195239622604e-6,-0.9998043713913034,4.0
435.0103380680084,759.0,339.72727272727275,14.863636363636363,155.0909090909091,1.9090909090909092,0.0016680279616172922,7.1155195239622604e-6,0.016727998142376688,-0.9998674413873908,0.006852260825064615,0.010071051142467985,0.030827727583903956,7.1155195239622604e-6,-0.9998043713913034,4.0
440.08506417274475,767.0,347.72727272727275,14.863636363636363,155.0909090909091,1.9090909090909092,0.0016680279616172922,7.1155195239622604e-6,0.016727998142376688,-0.9998674413873908,0.006852260825064615,0.010071051142467985,0.030827727583903956,7.1155195239622604e-6,-0.9998043713913034,4.0
445.18602299690247,775.0,355.72727272727275,14.863636363636363,155.0909090909091,1.9090909090909092,0.0016680279616172922,7.1155195239622604e-6,0.016727998142376688,-0.9998674413873908,0.006852260825064615,0.010071051142467985,0.030827727583903956,7.1155195239622604e-6,-0.9998043713913034,4.0
450.39800000190735,783.0,360.8636363636364,14.863636363636363,155.0909090909091,1.9090909090909092,0.0016680383492594512,7.1155195239622604e-6,0.016727998142376688,-0.9998674413873908,0.006852335313844806,0.01006429062934766,0.030827727583903956,7.1155195239622604e-6,-0.9998043713913034,4.0
456.0553050041199,792.0,344.8181818181818,14.863636363636363,155.54545454545453,1.9090909090909092,0.0016680383492594512,7.1155195239622604e-6,0.016727998142376688,-0.9998674413873908,0.006852335313844806,0.01006429062934766,0.03080639261398932,7.1155195239622604e-6,-0.9998043713913034,4.0
461.69853615760803,801.0,348.09090909090907,14.863636363636363,137.0,1.9090909090909092,0.0016680383492594512,6.9351965369204294e-6,0.015829300291683945,-0.9998708007155331,0.006852335313844806,0.01006429062934766,0.028725587608792298,6.9351965369204294e-6,-0.9998018014407573,4.0
467.3203980922699,810.0,327.3333333333333,16.0,9.991986373259341e19,2.1666666666666665,0.0016680383492594512,6.9351965369204294e-6,0.015829300291683945,-0.9998708007155331,0.006852335313844806,0.01006429062934766,0.028725587608792298,6.9351965369204294e-6,-0.9998051668684835,4.0
472.48869609832764,818.0,334.75,16.0,9.991986373259341e19,2.1666666666666665,0.0016680383492594512,6.9351965369204294e-6,0.015829300291683945,-0.9998708007155331,0.006852335313844806,0.01006429062934766,0.028725587608792298,6.9351965369204294e-6,-0.9998059011650018,4.0
477.6497402191162,826.0,342.4583333333333,16.0,9.991986373259341e19,2.1666666666666665,0.0016680383492594512,6.9351965369204294e-6,0.015829300291683945,-0.9998708007155331,0.006852335313844806,0.01006429062934766,0.028725587608792298,6.9351965369204294e-6,-0.9998044323798063,4.0
482.8776481151581,834.0,349.625,16.0,9.991986373259341e19,2.1666666666666665,0.0016680383492594512,6.9351965369204294e-6,0.015829300291683945,-0.9998708007155331,0.006852335313844806,0.01006429062934766,0.028725587608792298,6.9351965369204294e-6,-0.9998070637274107,4.0
488.0980021953583,842.0,356.8333333333333,16.0,9.991986373259341e19,2.1666666666666665,0.0016680383492594512,6.9351965369204294e-6,0.015829300291683945,-0.9998708007155331,0.006852335313844806,0.01006429062934766,0.028725587608792298,6.9351965369204294e-6,-0.9998052281559558,4.0
493.3224050998688,850.0,345.25,16.0,9.991986373259341e19,2.1666666666666665,0.0016680383492594512,6.9351965369204294e-6,0.015829300291683945,-0.9998708007155331,0.006852335313844806,0.01006429062934766,0.028725587608792298,6.9351965369204294e-6,-0.9998018014407573,5.0
498.7364730834961,858.0,352.6666666666667,16.0,9.991986373259341e19,2.1666666666666665,0.0016680383492594512,6.9351965369204294e-6,0.015829300291683945,-0.9998708007155331,0.006852335313844806,0.01006429062934766,0.028725587608792298,6.9351965369204294e-6,-0.9998047385181591,5.0
503.98292803764343,866.0,359.7083333333333,16.0,9.991986373259341e19,2.1666666666666665,0.0016680383492594512,6.9351965369204294e-6,0.015829300291683945,-0.9998708007155331,0.006852335313844806,0.01006429062934766,0.028725587608792298,6.9351965369204294e-6,-0.9998051667832893,5.0
509.27816915512085,874.0,363.4583333333333,16.0,9.991986373259341e19,2.1666666666666665,0.0016679594777733037,6.9351965369204294e-6,0.015829300291683945,-0.9998708007155331,0.006852657729669221,0.010058753969656314,0.028725587608792298,6.9351965369204294e-6,-0.9998031474991657,5.0
514.5169939994812,882.0,342.0416666666667,16.0,9.991986373259341e19,2.1666666666666665,0.0016679594777733037,6.9351965369204294e-6,0.015829300291683945,-0.9998708007155331,0.006852657729669221,0.010058753969656314,0.028725587608792298,6.9351965369204294e-6,-0.999803698318493,5.0
519.9508690834045,890.0,364.4347826086956,15.434782608695652,329.69565217391306,2.0434782608695654,0.0016679594777733037,6.9351965369204294e-6,0.015829300291683945,-0.9998708007155331,0.006852657729669221,0.010058753969656314,0.028725587608792298,6.9351965369204294e-6,-0.9998018014407573,5.0
525.3308560848236,898.0,372.2608695652174,15.434782608695652,329.69565217391306,2.0434782608695654,0.0016679594777733037,6.9351965369204294e-6,0.015829300291683945,-0.9998708007155331,0.006852657729669221,0.010058753969656314,0.028725587608792298,6.9351965369204294e-6,-0.9998042490944706,5.0
530.832542181015,906.0,361.1304347826087,15.434782608695652,329.0,2.0434782608695654,0.0016679594777733037,6.9351965369204294e-6,0.015829300291683945,-0.9998708007155331,0.006713675439341884,0.009413866591211583,0.028725587608792298,6.9351965369204294e-6,-0.9998041877850182,5.0
536.0984561443329,914.0,368.6521739130435,15.434782608695652,329.0,2.0434782608695654,0.0016679594777733037,6.9351965369204294e-6,0.015829300291683945,-0.9998708007155331,0.006713675439341884,0.009413866591211583,0.028725587608792298,6.9351965369204294e-6,-0.9998032700113647,5.0
541.5352330207825,922.0,358.82608695652175,15.434782608695652,360.1304347826087,2.0434782608695654,0.001657129914395173,6.9351965369204294e-6,0.015829300291683945,-0.9998708007155331,0.006713675439341884,0.009413866591211583,0.028725587608792298,6.9351965369204294e-6,-0.9998034535962128,5.0
547.0399310588837,930.0,366.4347826086956,15.434782608695652,360.1304347826087,2.0434782608695654,0.001657129914395173,6.9351965369204294e-6,0.015829300291683945,-0.9998708007155331,0.006713675439341884,0.009413866591211583,0.028725587608792298,6.9351965369204294e-6,-0.9998035147551905,5.0
552.493045091629,938.0,345.6521739130435,15.434782608695652,365.5217391304348,2.0434782608695654,0.001657129914395173,6.9351965369204294e-6,0.015829300291683945,-0.9998708007155331,0.006713675439341884,0.009413866591211583,0.028725587608792298,6.9351965369204294e-6,-0.9998032700113647,5.0
557.878044128418,946.0,353.3478260869565,15.434782608695652,365.5217391304348,2.0434782608695654,0.001657129914395173,6.9351965369204294e-6,0.015829300291683945,-0.9998708007155331,0.006713675439341884,0.009413866591211583,0.028725587608792298,6.9351965369204294e-6,-0.9998052890600214,5.0
563.398225069046,954.0,358.82608695652175,15.434782608695652,365.5217391304348,2.0434782608695654,0.001657129914395173,6.9351965369204294e-6,0.015829300291683945,-0.9998708007155331,0.006713675439341893,0.009413866591211687,0.028725587608792298,6.9351965369204294e-6,-0.9998060849413601,5.0
568.8420882225037,962.0,366.4347826086956,15.434782608695652,365.5217391304348,2.0434782608695654,0.001657129914395173,6.9351965369204294e-6,0.015829300291683945,-0.9998708007155331,0.006713675439341893,0.009413866591211687,0.028725587608792298,6.9351965369204294e-6,-0.9998060849413601,5.0
574.1470971107483,970.0,367.0,15.434782608695652,365.5217391304348,2.0434782608695654,0.001657129914395173,6.9028346958371485e-6,0.015555046325894328,-0.999871403600641,0.006713675439341893,0.009413866591211687,0.028227896227860746,6.9028346958371485e-6,-0.9998060849413601,5.0
579.6039440631866,978.0,374.60869565217394,15.434782608695652,365.5217391304348,2.0434782608695654,0.001657129914395173,6.9028346958371485e-6,0.015555046325894328,-0.999871403600641,0.006713675439341893,0.009413866591211687,0.028227896227860746,6.9028346958371485e-6,-0.9998061460793352,5.0
584.8574759960175,986.0,377.30434782608694,15.434782608695652,365.5217391304348,2.0434782608695654,0.001657129914395173,6.9028346958371485e-6,0.015555046325894328,-0.999871403600641,0.006729902640008409,0.009369864615782472,0.028227896227860746,6.9028346958371485e-6,-0.9998057175377664,5.0
590.3309001922607,994.0,385.04347826086956,15.434782608695652,365.5217391304348,2.0434782608695654,0.001657129914395173,6.9028346958371485e-6,0.015555046325894328,-0.999871403600641,0.006729902640008409,0.009369864615782472,0.028227896227860746,6.9028346958371485e-6,-0.9998025357585966,5.0
595.6254410743713,1002.0,397.40909090909093,14.909090909090908,1.0732651097431012e20,1.9545454545454546,0.0016679594777733037,6.9028346958371485e-6,0.015555046325894328,-0.999871403600641,0.006729902640008409,0.009369864615782472,0.028227896227860746,6.9028346958371485e-6,-0.9998040042215959,5.0
600.9947350025177,1010.0,405.04545454545456,14.909090909090908,1.0732651097431012e20,1.9545454545454546,0.0016679594777733037,6.9028346958371485e-6,0.015555046325894328,-0.999871403600641,0.006729902640008409,0.009369864615782472,0.028227896227860746,6.9028346958371485e-6,-0.9998029029500143,5.0
606.2553009986877,1018.0,412.6818181818182,14.909090909090908,1.0732651097431012e20,1.9545454545454546,0.0016679594777733037,6.9028346958371485e-6,0.015555046325894328,-0.999871403600641,0.006729902640008409,0.009369864615782472,0.028227896227860746,6.9028346958371485e-6,-0.9998029029500143,5.0
611.6522390842438,1026.0,420.40909090909093,14.909090909090908,1.0732651097431012e20,1.9545454545454546,0.0016679594777733037,6.9028346958371485e-6,0.015555046325894328,-0.999871403600641,0.006729902640008409,0.009369864615782472,0.028227896227860746,6.9028346958371485e-6,-0.9998029029500143,5.0
616.9582002162933,1034.0,428.09090909090907,14.909090909090908,1.0732651097431012e20,1.9545454545454546,0.0016679594777733037,6.9028346958371485e-6,0.015555046325894328,-0.999871403600641,0.006729902640008409,0.009369864615782472,0.028227896227860746,6.9028346958371485e-6,-0.999803147542272,5.0
622.3824491500854,1042.0,435.72727272727275,14.909090909090908,1.0732651097431012e20,1.9545454545454546,0.0016679594777733037,6.9028346958371485e-6,0.015555046325894328,-0.999871403600641,0.006729902640008409,0.009369864615782472,0.028227896227860746,6.9028346958371485e-6,-0.9998029029500143,5.0
627.9091191291809,1050.0,443.72727272727275,14.909090909090908,1.0732651097431012e20,1.9545454545454546,0.0016679594777733037,6.9028346958371485e-6,0.015555046325894328,-0.999871403600641,0.006729902640008409,0.009369864615782472,0.028227896227860746,6.9028346958371485e-6,-0.9998029029500143,5.0
633.3772032260895,1058.0,451.72727272727275,14.909090909090908,1.0732651097431012e20,1.9545454545454546,0.0016679594777733037,6.9028346958371485e-6,0.015555046325894328,-0.999871403600641,0.006729902640008409,0.009369864615782472,0.028227896227860746,6.9028346958371485e-6,-0.9998029029500143,5.0
638.9824271202087,1066.0,455.59090909090907,14.909090909090908,1.0732651097431012e20,1.9545454545454546,0.0016679594777733037,6.9028346958371485e-6,0.015555046325894328,-0.999871403600641,0.006729902640008409,0.009369864615782472,0.028227896227860746,6.9028346958371485e-6,-0.9998070640234924,5.0
644.3946540355682,1074.0,463.59090909090907,14.909090909090908,1.0732651097431012e20,1.9545454545454546,0.0016679594777733037,6.9028346958371485e-6,0.015555046325894328,-0.999871403600641,0.006729902640008409,0.009369864615782472,0.028227896227860746,6.9028346958371485e-6,-0.9998070640234924,5.0
650.0379571914673,1082.0,471.59090909090907,14.909090909090908,1.0732651097431012e20,1.9545454545454546,0.0016679594777733037,6.9028346958371485e-6,0.015555046325894328,-0.999871403600641,0.006729902640008409,0.009369864615782472,0.028227896227860746,6.9028346958371485e-6,-0.9998070640234924,5.0
655.3824441432953,1090.0,479.59090909090907,14.909090909090908,1.0732651097431012e20,1.9545454545454546,0.0016679594777733037,6.9028346958371485e-6,0.015555046325894328,-0.999871403600641,0.006729902640008409,0.009369864615782472,0.028227896227860746,6.9028346958371485e-6,-0.9998070640234924,5.0
660.7896161079407,1098.0,487.59090909090907,14.909090909090908,1.0732651097431012e20,1.9545454545454546,0.0016679594777733037,6.9028346958371485e-6,0.015555046325894328,-0.999871403600641,0.006729902640008409,0.009369864615782472,0.028227896227860746,6.9028346958371485e-6,-0.9998070640234924,5.0
666.1538031101227,1106.0,493.8181818181818,14.909090909090908,1.0732651097431012e20,1.9545454545454546,0.0016679594777733037,6.9028346958371485e-6,0.015555046325894328,-0.999871403600641,0.006729902640008409,0.009369864615782472,0.028227896227860746,6.9028346958371485e-6,-0.9998070640234924,5.0
671.4461262226105,1114.0,501.8181818181818,14.909090909090908,1.0732651097431012e20,1.9545454545454546,0.0016679594777733037,6.9028346958371485e-6,0.015555046325894328,-0.999871403600641,0.006729902640008409,0.009369864615782472,0.028227896227860746,6.9028346958371485e-6,-0.9998070640234924,5.0
676.9121160507202,1122.0,509.8181818181818,14.909090909090908,1.0732651097431012e20,1.9545454545454546,0.0016679594777733037,6.9028346958371485e-6,0.015555046325894328,-0.999871403600641,0.006729902640008409,0.009369864615782472,0.028227896227860746,6.9028346958371485e-6,-0.9998070640234924,5.0
682.3565092086792,1130.0,517.8181818181819,14.909090909090908,1.0732651097431012e20,1.9545454545454546,0.0016679594777733037,6.9028346958371485e-6,0.015555046325894328,-0.999871403600641,0.006729902640008409,0.009369864615782472,0.028227896227860746,6.9028346958371485e-6,-0.9998070640234924,5.0
687.8306081295013,1138.0,525.8181818181819,14.909090909090908,1.0732651097431012e20,1.9545454545454546,0.0016679594777733037,6.9028346958371485e-6,0.015555046325894328,-0.999871403600641,0.006729902640008409,0.009369864615782472,0.028227896227860746,6.9028346958371485e-6,-0.9998070640234924,5.0
693.3026931285858,1146.0,533.8181818181819,14.909090909090908,1.0732651097431012e20,1.9545454545454546,0.0016679594777733037,6.9028346958371485e-6,0.015555046325894328,-0.999871403600641,0.006729902640008409,0.009369864615782472,0.028227896227860746,6.9028346958371485e-6,-0.9998070640234924,5.0
698.8036332130432,1154.0,541.8181818181819,14.909090909090908,1.0732651097431012e20,1.9545454545454546,0.0016679594777733037,6.9028346958371485e-6,0.015555046325894328,-0.999871403600641,0.006729902640008409,0.009369864615782472,0.028227896227860746,6.9028346958371485e-6,-0.9998070640234924,5.0
704.184121131897,1162.0,545.3181818181819,14.909090909090908,8.171332431192344e306,1.9090909090909092,0.0016679594777733037,6.9028346958371485e-6,0.015555046325894328,-0.999871403600641,0.006729902640008409,0.009369864615782472,0.028227896227860746,6.9028346958371485e-6,-0.9998039430839392,5.0
709.6898791790009,1170.0,553.0909090909091,14.909090909090908,8.171332431192344e306,1.9090909090909092,0.0016679594777733037,6.9028346958371485e-6,0.015555046325894328,-0.999871403600641,0.006729902640008409,0.009369864615782472,0.028227896227860746,6.9028346958371485e-6,-0.9998039430839392,5.0
715.1782171726227,1178.0,560.5909090909091,14.909090909090908,8.171332431192344e306,1.9090909090909092,0.0016679594777733037,6.9028346958371485e-6,0.015555046325894328,-0.999871403600641,0.006729902640008409,0.009369864615782472,0.028227896227860746,6.9028346958371485e-6,-0.9998039430839392,5.0
720.753032207489,1186.0,568.2727272727273,14.909090909090908,8.171332431192344e306,1.9090909090909092,0.0016679594777733037,6.9028346958371485e-6,0.015555046325894328,-0.999871403600641,0.006729902640008409,0.009369864615782472,0.028227896227860746,6.9028346958371485e-6,-0.9998039430839392,5.0
726.304621219635,1194.0,551.0434782608696,15.434782608695652,7.816057108097024e306,2.0,0.0016679594777733037,6.9028346958371485e-6,0.015555046325894328,-0.999871403600641,0.006729902640008409,0.009369864615782472,0.028227896227860746,6.9028346958371485e-6,-0.9998039430839392,5.0
731.897961139679,1202.0,558.3913043478261,15.434782608695652,7.816057108097024e306,2.0,0.0016679594777733037,6.9028346958371485e-6,0.015555046325894328,-0.999871403600641,0.006729902640008409,0.009369864615782472,0.028227896227860746,6.9028346958371485e-6,-0.9998039430839392,5.0
737.4600131511688,1210.0,566.0434782608696,15.434782608695652,7.816057108097024e306,2.0,0.0016679594777733037,6.9028346958371485e-6,0.015555046325894328,-0.999871403600641,0.006729902640008409,0.009369864615782472,0.028227896227860746,6.9028346958371485e-6,-0.9998039430839392,5.0
742.9343030452728,1218.0,582.5,14.909090909090908,8.171332431192344e306,1.9090909090909092,0.0016679594777733037,6.902686351085657e-6,0.015553706754586227,-0.9998714063642303,0.006729902640008409,0.009369864615782472,0.028225465294575005,6.902686351085657e-6,-0.9998043713056899,5.0
748.52303814888,1226.0,589.6363636363636,14.909090909090908,8.171332431192344e306,1.9090909090909092,0.0016679594777733037,6.902686351085657e-6,0.015553706754586227,-0.9998714063642303,0.006729902640008409,0.009369864615782472,0.028225465294575005,6.902686351085657e-6,-0.9998023521954701,5.0
754.0070381164551,1234.0,597.3181818181819,14.909090909090908,8.171332431192344e306,1.9090909090909092,0.0016679594777733037,6.902686351085657e-6,0.015553706754586227,-0.9998714063642303,0.006729902640008409,0.009369864615782472,0.028225465294575005,6.902686351085657e-6,-0.9998023521954701,5.0
759.4669690132141,1242.0,604.9545454545455,14.909090909090908,8.171332431192344e306,1.9090909090909092,0.0016679594777733037,6.902686351085657e-6,0.015553706754586227,-0.9998714063642303,0.006729902640008409,0.009369864615782472,0.028225465294575005,6.902686351085657e-6,-0.9998023521954701,5.0
764.8509871959686,1250.0,612.4545454545455,14.909090909090908,8.171332431192344e306,1.9090909090909092,0.0016679594777733037,6.902686351085657e-6,0.015553706754586227,-0.9998714063642303,0.006729902640008409,0.009369864615782472,0.028225465294575005,6.902686351085657e-6,-0.9998023521954701,5.0
770.4574282169342,1258.0,620.3181818181819,14.909090909090908,8.171332431192344e306,1.9090909090909092,0.0016679594777733037,6.902686351085657e-6,0.015553706754586227,-0.9998714063642303,0.006729902640008409,0.009369864615782472,0.028225465294575005,6.902686351085657e-6,-0.9998023521954701,5.0
775.8647241592407,1266.0,627.7727272727273,14.863636363636363,8.171332431192344e306,1.9090909090909092,0.0016679594777733037,6.902686351085657e-6,0.015553706754586227,-0.9998714063642303,0.006729902640008409,0.009369864615782472,0.028225465294575005,6.902686351085657e-6,-0.9998023521954701,5.0
780.9595081806183,1273.0,634.7727272727273,14.863636363636363,8.171332431192344e306,1.9090909090909092,0.0016679594777733037,6.902686351085657e-6,0.015553706754586227,-0.9998714063642303,0.006729902640008409,0.009369864615782472,0.028225465294575005,6.902686351085657e-6,-0.9998023521954701,5.0
786.4641752243042,1281.0,639.6818181818181,14.863636363636363,8.171332431192344e306,1.9090909090909092,0.0016679594777733037,6.902603492556171e-6,0.015553041224976583,-0.9998714079078438,0.006729902640008409,0.009369864615782472,0.02822425755141796,6.902603492556171e-6,-0.9998023521954701,5.0
792.1055881977081,1289.0,647.6818181818181,14.863636363636363,8.171332431192344e306,1.9090909090909092,0.0016679594777733037,6.902603492556171e-6,0.015553041224976583,-0.9998714079078438,0.006729902640008409,0.009369864615782472,0.02822425755141796,6.902603492556171e-6,-0.9998023521954701,5.0
797.7334201335907,1297.0,655.6818181818181,14.863636363636363,8.171332431192344e306,1.9090909090909092,0.0016679594777733037,6.902603492556171e-6,0.015553041224976583,-0.9998714079078438,0.006729902640008409,0.009369864615782472,0.02822425755141796,6.902603492556171e-6,-0.9998023521954701,5.0
803.4929740428925,1305.0,659.1363636363636,14.863636363636363,8.171332431192344e306,1.9090909090909092,0.0016679594777733037,6.9025655810534115e-6,0.015552750027886031,-0.9998714086141164,0.006729902640008409,0.009369864615782472,0.028223729113181148,6.9025655810534115e-6,-0.9998053504745888,5.0
808.6600592136383,1312.0,635.1304347826087,15.434782608695652,Inf,2.0,0.0016679594777733037,6.9025655810534115e-6,0.015552750027886031,-0.9998714086141164,0.006729902640008409,0.009369864615782472,0.028223729113181148,6.9025655810534115e-6,-0.9998053504745888,5.0
814.2706780433655,1320.0,671.9090909090909,14.863636363636363,8.171332431192344e306,1.9090909090909092,0.0016679594777733037,6.9025655810534115e-6,0.015552750027886031,-0.9998714086141164,0.006729902640008409,0.009369864615782472,0.028223729113181148,6.9025655810534115e-6,-0.9998053504745888,5.0
819.3507800102234,1327.0,678.9090909090909,14.863636363636363,8.171332431192344e306,1.9090909090909092,0.0016679594777733037,6.9025655810534115e-6,0.015552750027886031,-0.9998714086141164,0.006729902640008409,0.009369864615782472,0.028223729113181148,6.9025655810534115e-6,-0.9998053504745888,5.0
825.0252361297607,1335.0,717.1428571428571,14.285714285714286,936.047619047619,1.8095238095238095,0.0016679594777733037,6.9025655810534115e-6,0.015552750027886031,-0.9998714086141164,0.006729902640008409,0.009369864615782472,0.028223729113181148,6.9025655810534115e-6,-0.9998023521954701,5.0
830.7186601161957,1343.0,725.1428571428571,14.285714285714286,936.047619047619,1.8095238095238095,0.0016679594777733037,6.9025655810534115e-6,0.015552750027886031,-0.9998714086141164,0.006729902640008409,0.009369864615782472,0.028223729113181148,6.9025655810534115e-6,-0.9998023521954701,5.0
835.7252562046051,1350.0,698.8636363636364,14.954545454545455,1684.8181818181818,1.9545454545454546,0.0016679594777733037,6.9025655810534115e-6,0.015552750027886031,-0.9998714086141164,0.006729902640008409,0.009369864615782472,0.028223729113181148,6.9025655810534115e-6,-0.9998023521954701,5.0
841.4358751773834,1358.0,676.2173913043479,15.478260869565217,7.816057108097024e306,2.0434782608695654,0.0016679594777733037,6.9025655810534115e-6,0.015552750027886031,-0.9998714086141164,0.006729902640008409,0.009369864615782472,0.028223729113181148,6.9025655810534115e-6,-0.9998023521954701,5.0
846.4462881088257,1365.0,643.9565217391304,15.478260869565217,7.816057108097024e306,2.0434782608695654,0.0016679594777733037,6.9025655810534115e-6,0.015552750027886031,-0.9998714086141164,0.006729902640008409,0.009369864615782472,0.028223729113181148,6.9025655810534115e-6,-0.9998023521954701,5.0
851.5139281749725,1372.0,650.9565217391304,15.478260869565217,7.816057108097024e306,2.0434782608695654,0.0016679594777733037,6.9025655810534115e-6,0.015552750027886031,-0.9998714086141164,0.006729902640008409,0.009369864615782472,0.028223729113181148,6.9025655810534115e-6,-0.9998023521954701,5.0
857.1724481582642,1380.0,631.5416666666666,15.875,7.490388061926316e306,2.125,0.0016679594777733037,6.9025655810534115e-6,0.015552750027886031,-0.9998714086141164,0.006729902640008409,0.009369864615782472,0.028223729113181148,6.9025655810534115e-6,-0.9998023521954701,5.0
862.2642521858215,1387.0,638.5416666666666,15.875,7.490388061926316e306,2.125,0.0016679594777733037,6.9025655810534115e-6,0.015552750027886031,-0.9998714086141164,0.006729902640008409,0.009369864615782472,0.028223729113181148,6.9025655810534115e-6,-0.9998023521954701,5.0
867.3186371326447,1394.0,670.0434782608696,15.304347826086957,7.816057108097024e306,2.0,0.0016679594777733037,6.9025655810534115e-6,0.015552750027886031,-0.9998714086141164,0.006729902640008409,0.009369864615782472,0.028223729113181148,6.9025655810534115e-6,-0.9998023521954701,5.0
872.9928200244904,1402.0,676.4782608695652,15.304347826086957,7.816057108097024e306,2.0,0.0016679594777733037,6.9025655810534115e-6,0.015552750027886031,-0.9998714086141164,0.006729902640008409,0.009369864615782472,0.028223729113181148,6.9025655810534115e-6,-0.9998023521954701,5.0
878.076324224472,1409.0,655.2083333333334,15.875,7.490388061926316e306,2.125,0.0016679594777733037,6.9025655810534115e-6,0.015552750027886031,-0.9998714086141164,0.006729902640008409,0.009369864615782472,0.028223729113181148,6.9025655810534115e-6,-0.9998023521954701,5.0
883.1101531982422,1416.0,662.2083333333334,15.875,7.490388061926316e306,2.125,0.0016679594777733037,6.9025655810534115e-6,0.015552750027886031,-0.9998714086141164,0.006729902640008409,0.009369864615782472,0.028223729113181148,6.9025655810534115e-6,-0.9998023521954701,5.0
888.7816190719604,1424.0,675.0,15.391304347826088,2.053202819117025e20,2.0434782608695654,0.0016679594777733037,6.9025655810534115e-6,0.015552750027886031,-0.9998714086141164,0.006749102279611712,0.009523293635711772,0.028223729113181148,6.9025655810534115e-6,-0.9998054730283062,5.0
894.41375207901,1432.0,680.6086956521739,15.391304347826088,2.053202819117025e20,2.0434782608695654,0.0016679594777733037,6.9025655810534115e-6,0.015552750027886031,-0.9998714086141164,0.00674434781519907,0.009506920383406045,0.028223729113181148,6.9025655810534115e-6,-0.9998002718004697,5.0
899.4799511432648,1439.0,686.9565217391304,15.391304347826088,2.053202819117025e20,2.0434782608695654,0.0016679594777733037,6.9025655810534115e-6,0.015552750027886031,-0.9998714086141164,0.006740126925184812,0.009462248004241308,0.028223729113181148,6.9025655810534115e-6,-0.9997986806933695,5.0
905.0633540153503,1447.0,693.2173913043479,15.347826086956522,4.780485425095652e10,2.0434782608695654,0.0016679594777733037,6.9025655810534115e-6,0.015552750027886031,-0.9998714086141164,0.006740126925184812,0.009462248004241308,0.028223729113181148,6.9025655810534115e-6,-0.9998029029066087,5.0
910.6305840015411,1455.0,672.1739130434783,15.347826086956522,4.7804854330434784e10,2.0434782608695654,0.0016679594777733037,6.902459736369446e-6,0.015551590400058712,-0.9998714105859505,0.006740126925184812,0.009462248004241308,0.02822162472510755,6.902459736369446e-6,-0.9998029029066087,5.0
916.1178851127625,1463.0,679.1739130434783,15.347826086956522,4.7804854330434784e10,2.0434782608695654,0.0016679594777733037,6.902459736369446e-6,0.015551590400058712,-0.9998714105859505,0.006740126925184812,0.009462248004241308,0.02822162472510755,6.902459736369446e-6,-0.9998029029066087,5.0
921.8111321926117,1471.0,686.6521739130435,15.347826086956522,4.7804854330434784e10,2.0434782608695654,0.0016679594777733037,6.902459736369446e-6,0.015551590400058712,-0.9998714105859505,0.006740126925184812,0.009462248004241308,0.02822162472510755,6.902459736369446e-6,-0.9998029029066087,5.0
927.5765290260315,1479.0,694.6521739130435,15.347826086956522,4.7804854330434784e10,2.0434782608695654,0.0016679594777733037,6.902459736369446e-6,0.015551590400058712,-0.9998714105859505,0.006740126925184812,0.009462248004241308,0.02822162472510755,6.902459736369446e-6,-0.9998029029066087,5.0
933.1992862224579,1487.0,702.6521739130435,15.347826086956522,4.7804854330434784e10,2.0434782608695654,0.0016679594777733037,6.902459736369446e-6,0.015551590400058712,-0.9998714105859505,0.006740126925184812,0.009462248004241308,0.02822162472510755,6.902459736369446e-6,-0.9998029029066087,5.0
938.7458741664886,1495.0,710.6521739130435,15.347826086956522,4.7804854330434784e10,2.0434782608695654,0.0016679594777733037,6.902459736369446e-6,0.015551590400058712,-0.9998714105859505,0.006740126925184812,0.009462248004241308,0.02822162472510755,6.902459736369446e-6,-0.9998029029066087,5.0
944.3943791389465,1503.0,718.6521739130435,15.347826086956522,4.7804854330434784e10,2.0434782608695654,0.0016679594777733037,6.902459736369446e-6,0.015551590400058712,-0.9998714105859505,0.006740126925184812,0.009462248004241308,0.02822162472510755,6.902459736369446e-6,-0.9998029029066087,5.0
950.1114580631256,1511.0,726.6521739130435,15.347826086956522,4.7804854330434784e10,2.0434782608695654,0.0016679594777733037,6.902459736369446e-6,0.015551590400058712,-0.9998714105859505,0.006740126925184812,0.009462248004241308,0.02822162472510755,6.902459736369446e-6,-0.9998029029066087,5.0
955.6168720722198,1519.0,734.6521739130435,15.347826086956522,4.7804854330434784e10,2.0434782608695654,0.0016679594777733037,6.902459736369446e-6,0.015551590400058712,-0.9998714105859505,0.006740126925184812,0.009462248004241308,0.02822162472510755,6.902459736369446e-6,-0.9998029029066087,5.0
961.250107049942,1527.0,709.2916666666666,15.833333333333334,1.3743895446670834e11,2.125,0.0016679594777733037,6.902459736369446e-6,0.015551590400058712,-0.9998714105859505,0.006740126925184812,0.009462248004241308,0.02822162472510755,6.902459736369446e-6,-0.9998029029066087,5.0
966.8499619960785,1535.0,717.2916666666666,15.833333333333334,1.3743895446670834e11,2.125,0.0016679594777733037,6.902459736369446e-6,0.015551590400058712,-0.9998714105859505,0.006740126925184812,0.009462248004241308,0.02822162472510755,6.902459736369446e-6,-0.9998029029066087,5.0
971.9401540756226,1542.0,724.2916666666666,15.833333333333334,1.3743895446670834e11,2.125,0.0016679594777733037,6.902459736369446e-6,0.015551590400058712,-0.9998714105859505,0.006740126925184812,0.009462248004241308,0.02822162472510755,6.902459736369446e-6,-0.9998029029066087,5.0
977.6262941360474,1550.0,732.2916666666666,15.833333333333334,1.3743895446670834e11,2.125,0.0016679594777733037,6.902459736369446e-6,0.015551590400058712,-0.9998714105859505,0.006740126925184812,0.009462248004241308,0.02822162472510755,6.902459736369446e-6,-0.9998029029066087,5.0
982.6828670501709,1557.0,727.2916666666666,15.833333333333334,4.5812984601275e11,2.125,0.0016679594777733037,6.902459736369446e-6,0.015551590400058712,-0.9998714105859505,0.006740126925184812,0.009462248004241308,0.02822162472510755,6.902459736369446e-6,-0.9998029029066087,5.0
988.3742890357971,1565.0,730.4166666666666,15.833333333333334,4.5812984601275e11,2.125,0.0016679594777733037,6.902459736369446e-6,0.015551590400058712,-0.9998714105859505,0.006740126925184812,0.009462248004241308,0.02822162472510755,6.902459736369446e-6,-0.9998045549333223,5.0
994.0056381225586,1573.0,737.9166666666666,15.833333333333334,4.581298511327083e11,2.125,0.0016679594777733037,6.902459736369446e-6,0.015551590400058712,-0.9998714105859505,0.006740126925184812,0.009462248004241308,0.02822162472510755,6.902459736369446e-6,-0.9997986806933695,5.0
999.7111301422119,1581.0,714.92,16.04,4.3980465709928e11,2.16,0.0016679594777733037,6.902459736369446e-6,0.015551590400058712,-0.9998714105859505,0.006740126925184812,0.009462248004241308,0.02822162472510755,6.902459736369446e-6,-0.9997986806933695,5.0
1004.7145631313324,1588.0,721.64,16.04,2.6388279669608e11,2.16,0.0016679594777733037,6.902459736369446e-6,0.015551590400058712,-0.9998714105859505,0.006740126925184812,0.009462248004241308,0.02822162472510755,6.902459736369446e-6,-0.9997986806933695,5.0
1009.9923012256622,1595.0,700.6153846153846,16.53846153846154,5.280613584715854e155,2.269230769230769,0.0016679594777733037,6.902459736369446e-6,0.015551590400058712,-0.9998714105859505,0.006740126925184812,0.009462248004241308,0.02822162472510755,6.902459736369446e-6,-0.9997986806933695,5.0
1015.2395701408386,1602.0,707.1538461538462,16.53846153846154,5.280613584715854e155,2.269230769230769,0.0016679594777733037,6.902459736369446e-6,0.015551590400058712,-0.9998714105859505,0.006740126925184812,0.009462248004241308,0.02822162472510755,6.902459736369446e-6,-0.9997986806933695,5.0
1020.4577400684357,1609.0,686.1153846153846,16.53846153846154,5.280613584715854e155,2.269230769230769,0.0016679594777733037,6.902459736369446e-6,0.015551590400058712,-0.9998714105859505,0.006740126925184812,0.009462248004241308,0.02822162472510755,6.902459736369446e-6,-0.9997986806933695,5.0
1026.1598081588745,1617.0,694.1153846153846,16.53846153846154,5.280613584715854e155,2.269230769230769,0.0016679594777733037,6.902459736369446e-6,0.015551590400058712,-0.9998714105859505,0.006740126925184812,0.009462248004241308,0.02822162472510755,6.902459736369446e-6,-0.9997986806933695,5.0
1031.2253022193909,1624.0,698.7692307692307,16.53846153846154,5.280613584715854e155,2.269230769230769,0.0016679594777733037,6.902459736369446e-6,0.015551590400058712,-0.9998714105859505,0.006740126925184812,0.009462248004241308,0.02822162472510755,6.902459736369446e-6,-0.9997986806933695,5.0
1036.951520204544,1632.0,706.7692307692307,16.53846153846154,5.280613584715854e155,2.269230769230769,0.0016679594777733037,6.902459736369446e-6,0.015551590400058712,-0.9998714105859505,0.006740126925184812,0.009462248004241308,0.02822162472510755,6.902459736369446e-6,-0.9997986806933695,5.0
1042.0456080436707,1639.0,709.4230769230769,16.53846153846154,5.280613584715854e155,2.269230769230769,0.0016679594777733037,6.902459736369446e-6,0.015551590400058712,-0.9998714105859505,0.006740126925184812,0.009462248004241308,0.02822162472510755,6.902459736369446e-6,-0.9997986806933695,5.0
1047.0555510520935,1646.0,716.4230769230769,16.53846153846154,5.280613584715854e155,2.269230769230769,0.0016679594777733037,6.902459736369446e-6,0.015551590400058712,-0.9998714105859505,0.006740126925184812,0.009462248004241308,0.02822162472510755,6.902459736369446e-6,-0.9997986806933695,5.0
1052.176619052887,1653.0,723.4230769230769,16.53846153846154,5.280613584715854e155,2.269230769230769,0.0016679594777733037,6.902459736369446e-6,0.015551590400058712,-0.9998714105859505,0.006740126925184812,0.009462248004241308,0.02822162472510755,6.902459736369446e-6,-0.9997986806933695,5.0
1057.194018125534,1660.0,727.2307692307693,16.53846153846154,5.280613584715854e155,2.269230769230769,0.0016679594777733037,6.902459736369446e-6,0.015551590400058712,-0.9998714105859505,0.006740126925184812,0.009462248004241308,0.02822162472510755,6.902459736369446e-6,-0.9997986806933695,5.0
1062.244639158249,1667.0,724.7692307692307,16.53846153846154,5.280613584715854e155,2.269230769230769,0.0016424881682859291,6.892513409453187e-6,0.01630351800099017,-0.9998715958811061,0.006740126925184812,0.009462248004241308,0.0297517012032645,6.892513409453187e-6,-0.9998032699681688,5.0
1067.280995130539,1674.0,731.7692307692307,16.53846153846154,5.280613584715854e155,2.269230769230769,0.0016424881682859291,6.892513409453187e-6,0.01630351800099017,-0.9998715958811061,0.006740126925184812,0.009462248004241308,0.0297517012032645,6.892513409453187e-6,-0.9998032699681688,5.0
1072.3288700580597,1681.0,729.4615384615385,16.53846153846154,5.280613584715854e155,2.269230769230769,0.0016424881682859291,6.892513409453187e-6,0.01630351800099017,-0.9998715958811061,0.0067301835865660135,0.009374614926122984,0.0297517012032645,6.892513409453187e-6,-0.9998032699681688,5.0
1077.3983550071716,1688.0,761.0,16.04,3.5201554261372e11,2.16,0.0016424881682859291,6.892513409453187e-6,0.01630351800099017,-0.9998715958811061,0.0067301835865660135,0.009374614926122984,0.0297517012032645,6.892513409453187e-6,-0.9998032699681688,5.0
1082.5460231304169,1695.0,768.0,16.04,3.5201554261372e11,2.16,0.0016424881682859291,6.892513409453187e-6,0.01630351800099017,-0.9998715958811061,0.0067301835865660135,0.009374614926122984,0.0297517012032645,6.892513409453187e-6,-0.9998032699681688,5.0
1087.6994721889496,1702.0,771.2,16.04,3.5201554261372e11,2.16,0.0016424881682859291,6.892513409453187e-6,0.01630351800099017,-0.9998715958811061,0.0067301835865660135,0.009374614926122984,0.0297517012032645,6.892513409453187e-6,-0.9998032699681688,5.0
1092.818852186203,1709.0,776.68,16.04,2.6405461501308e11,2.16,0.001654103899396099,6.853610323018951e-6,0.01630351800099017,-0.9998723206263824,0.0067301835865660135,0.009374614926122984,0.029670719079608384,6.853610323018951e-6,-0.9998035147120843,5.0
1098.0103521347046,1716.0,782.28,16.04,2.6405461501308e11,2.16,0.001654103899396099,6.853610323018951e-6,0.01630351800099017,-0.9998723206263824,0.006738337076555924,0.009458608345417462,0.029670719079608384,6.853610323018951e-6,-0.9998035147120843,5.0
1103.2369961738586,1723.0,779.12,16.04,2.6405461493644e11,2.16,0.001654103899396099,6.853610323018951e-6,0.01630351800099017,-0.9998723206263824,0.006738337076555924,0.009458608345417462,0.029670719079608384,6.853610323018951e-6,-0.9998035147120843,5.0
1108.5582702159882,1730.0,786.12,16.04,2.6405461493644e11,2.16,0.001654103899396099,6.853610323018951e-6,0.01630351800099017,-0.9998723206263824,0.006738337076555924,0.009458608345417462,0.029670719079608384,6.853610323018951e-6,-0.9998035147120843,5.0
1113.7700901031494,1737.0,793.12,16.04,2.6405461493644e11,2.16,0.001654103899396099,6.853610323018951e-6,0.01630351800099017,-0.9998723206263824,0.006738337076555924,0.009458608345417462,0.029670719079608384,6.853610323018951e-6,-0.9998035147120843,5.0
1119.030956029892,1744.0,769.4615384615385,16.53846153846154,5.280613584715854e155,2.269230769230769,0.001654103899396099,6.853610323018951e-6,0.01630351800099017,-0.9998723206263824,0.006738337076555924,0.009458608345417462,0.029670719079608384,6.853610323018951e-6,-0.9998035147120843,5.0
1124.182587146759,1751.0,776.1153846153846,16.53846153846154,2.538986783693846e11,2.269230769230769,0.001654103899396099,6.853610323018951e-6,0.01630351800099017,-0.9998723206263824,0.006738337076555924,0.009458608345417462,0.029670719079608384,6.853610323018951e-6,-0.9998035147120843,5.0
1129.4691212177277,1758.0,783.1153846153846,16.53846153846154,2.538986783693846e11,2.269230769230769,0.001654103899396099,6.853610323018951e-6,0.01630351800099017,-0.9998723206263824,0.006738337076555924,0.009458608345417462,0.029670719079608384,6.853610323018951e-6,-0.9998035147120843,5.0
1134.5391261577606,1765.0,790.1153846153846,16.53846153846154,2.538986783693846e11,2.269230769230769,0.001654103899396099,6.853610323018951e-6,0.01630351800099017,-0.9998723206263824,0.006738337076555924,0.009458608345417462,0.029670719079608384,6.853610323018951e-6,-0.9998035147120843,5.0
1139.881905078888,1772.0,793.2307692307693,16.53846153846154,2.538986783693846e11,2.269230769230769,0.001654103899396099,6.853610323018951e-6,0.016303605104515118,-0.9998723206263824,0.006738337076555924,0.009458608345417462,0.029670719079608384,6.853610323018951e-6,-0.9998035147120843,5.0
1144.9328470230103,1779.0,800.2307692307693,16.53846153846154,2.538986783693846e11,2.269230769230769,0.001654103899396099,6.853610323018951e-6,0.016303605104515118,-0.9998723206263824,0.006738337076555924,0.009458608345417462,0.029670719079608384,6.853610323018951e-6,-0.9998035147120843,5.0
1150.1767501831055,1786.0,807.2307692307693,16.53846153846154,2.538986783693846e11,2.269230769230769,0.001654103899396099,6.853610323018951e-6,0.016303605104515118,-0.9998723206263824,0.006738337076555924,0.009458608345417462,0.029670719079608384,6.853610323018951e-6,-0.9998035147120843,5.0
1155.4154012203217,1793.0,814.2307692307693,16.53846153846154,2.538986783693846e11,2.269230769230769,0.001654103899396099,6.853610323018951e-6,0.016303605104515118,-0.9998723206263824,0.006738337076555924,0.009458608345417462,0.029670719079608384,6.853610323018951e-6,-0.9998035147120843,5.0
1160.6329181194305,1800.0,819.3076923076923,16.53846153846154,2.5389867844815384e11,2.269230769230769,0.001654103899396099,6.853610323018951e-6,0.016303605104515118,-0.9998723206263824,0.006738337076555924,0.009458608345417462,0.029670719079608384,6.853610323018951e-6,-0.9998035147120843,5.0
1165.9913470745087,1807.0,790.0769230769231,16.53846153846154,2.538986784583846e11,2.269230769230769,0.001654103899396099,6.853610323018951e-6,0.016303605104515118,-0.9998723206263824,0.006738337076555924,0.009458608345417462,0.029670719079608384,6.853610323018951e-6,-0.9998035147120843,5.0
1171.3997011184692,1814.0,788.1923076923077,16.53846153846154,2.5389869610269232e11,2.269230769230769,0.0016543656936251856,6.851704056598981e-6,0.016303605104515118,-0.9998723561391838,0.006738337076555924,0.009458608345417462,0.02966117278134803,6.851704056598981e-6,-0.999805350431962,5.0
1176.7228050231934,1821.0,795.1923076923077,16.53846153846154,2.5389869610269232e11,2.269230769230769,0.0016543656936251856,6.851704056598981e-6,0.016303605104515118,-0.9998723561391838,0.006738337076555924,0.009458608345417462,0.02966117278134803,6.851704056598981e-6,-0.999805350431962,5.0
1181.9266591072083,1828.0,801.0,16.53846153846154,2.5389869610269232e11,2.269230769230769,0.0016543656936251856,6.851704056598981e-6,0.016303605104515118,-0.9998723561391838,0.006738337076555924,0.009458608345417462,0.02966117278134803,6.851704056598981e-6,-0.999805350431962,5.0
1187.2157111167908,1835.0,808.0,16.53846153846154,2.5389869610269232e11,2.269230769230769,0.0016543656936251856,6.851704056598981e-6,0.016303605104515118,-0.9998723561391838,0.006738337076555924,0.009458608345417462,0.02966117278134803,6.851704056598981e-6,-0.999805350431962,5.0
1192.3646841049194,1842.0,815.0,16.53846153846154,2.5389869610269232e11,2.269230769230769,0.0016543656936251856,6.851704056598981e-6,0.016303605104515118,-0.9998723561391838,0.006738337076555924,0.009458608345417462,0.02966117278134803,6.851704056598981e-6,-0.999805350431962,5.0
1197.5309000015259,1849.0,821.0769230769231,16.53846153846154,2.5389869610269232e11,2.269230769230769,0.0016543656936251856,6.851704056598981e-6,0.016303605104515118,-0.9998723561391838,0.006738337076555924,0.009458608345417462,0.02966117278134803,6.851704056598981e-6,-0.999805350431962,5.0
1202.808515071869,1856.0,828.0769230769231,16.53846153846154,2.5389869610269232e11,2.269230769230769,0.0016543656936251856,6.851704056598981e-6,0.016303605104515118,-0.9998723561391838,0.006738337076555924,0.009458608345417462,0.02966117278134803,6.851704056598981e-6,-0.999805350431962,5.0
1208.102045059204,1863.0,832.8076923076923,16.53846153846154,2.5389868714269232e11,2.269230769230769,0.0016543656936251856,6.851704056598981e-6,0.016303605104515118,-0.9998723561391838,0.006738337076555924,0.009458608345417462,0.02966117278134803,6.851704056598981e-6,-0.999805350431962,5.0
1213.3097310066223,1870.0,839.8076923076923,16.53846153846154,2.5389868714269232e11,2.269230769230769,0.0016543656936251856,6.851704056598981e-6,0.016303605104515118,-0.9998723561391838,0.006738337076555924,0.009458608345417462,0.02966117278134803,6.851704056598981e-6,-0.999805350431962,5.0
1218.5525732040405,1877.0,846.8076923076923,16.53846153846154,2.5389868714269232e11,2.269230769230769,0.0016543656936251856,6.851704056598981e-6,0.016303605104515118,-0.9998723561391838,0.006738337076555924,0.009458608345417462,0.02966117278134803,6.851704056598981e-6,-0.999805350431962,5.0
1223.792295217514,1884.0,853.8076923076923,16.53846153846154,2.5389868714269232e11,2.269230769230769,0.0016543656936251856,6.851704056598981e-6,0.016303605104515118,-0.9998723561391838,0.006738337076555924,0.009458608345417462,0.02966117278134803,6.851704056598981e-6,-0.999805350431962,5.0
1229.1876480579376,1891.0,860.8076923076923,16.53846153846154,2.5389868714269232e11,2.269230769230769,0.0016543656936251856,6.851704056598981e-6,0.016303605104515118,-0.9998723561391838,0.006738337076555924,0.009458608345417462,0.02966117278134803,6.851704056598981e-6,-0.999805350431962,5.0
1234.4203162193298,1898.0,867.8076923076923,16.53846153846154,2.5389868714269232e11,2.269230769230769,0.0016543656936251856,6.851704056598981e-6,0.016303605104515118,-0.9998723561391838,0.006738337076555924,0.009458608345417462,0.02966117278134803,6.851704056598981e-6,-0.999805350431962,5.0
1239.7925322055817,1905.0,874.8076923076923,16.53846153846154,2.5389868714269232e11,2.269230769230769,0.0016543656936251856,6.851704056598981e-6,0.016303605104515118,-0.9998723561391838,0.006738337076555924,0.009458608345417462,0.02966117278134803,6.851704056598981e-6,-0.999805350431962,5.0
1245.1027522087097,1912.0,870.0,16.53846153846154,8.474305227746153e10,2.269230769230769,0.0016543656936251856,6.851704056598981e-6,0.016303605104515118,-0.9998723561391838,0.006738337076555924,0.009458608345417462,0.02966117278134803,6.851704056598981e-6,-0.999805350431962,5.0
1250.4864192008972,1919.0,877.0,16.53846153846154,8.474305227746153e10,2.269230769230769,0.0016543656936251856,6.851704056598981e-6,0.016303605104515118,-0.9998723561391838,0.006738337076555924,0.009458608345417462,0.02966117278134803,6.851704056598981e-6,-0.999805350431962,5.0
1255.5911910533905,1926.0,879.5769230769231,16.53846153846154,8.474303463315384e10,2.269230769230769,0.0016542967279443686,6.851568123650157e-6,0.016303605104515118,-0.9998723586715474,0.006738337076555924,0.009458608345417462,0.029662274318160025,6.851568123650157e-6,-0.9998043714341998,5.0
1260.8890721797943,1933.0,886.5769230769231,16.53846153846154,8.474303463315384e10,2.269230769230769,0.0016542967279443686,6.851568123650157e-6,0.016303605104515118,-0.9998723586715474,0.006738337076555924,0.009458608345417462,0.029662274318160025,6.851568123650157e-6,-0.9998043714341998,5.0
1266.1358850002289,1940.0,893.5769230769231,16.53846153846154,8.474303463315384e10,2.269230769230769,0.0016542967279443686,6.851568123650157e-6,0.016303605104515118,-0.9998723586715474,0.006738337076555924,0.009458608345417462,0.029662274318160025,6.851568123650157e-6,-0.9998043714341998,5.0
1271.317113161087,1947.0,900.5769230769231,16.53846153846154,8.474303463315384e10,2.269230769230769,0.0016542967279443686,6.851568123650157e-6,0.016303605104515118,-0.9998723586715474,0.006738337076555924,0.009458608345417462,0.029662274318160025,6.851568123650157e-6,-0.9998043714341998,5.0
1276.6288480758667,1954.0,907.5769230769231,16.53846153846154,8.474303463315384e10,2.269230769230769,0.0016542967279443686,6.851568123650157e-6,0.016303605104515118,-0.9998723586715474,0.006738337076555924,0.009458608345417462,0.029662274318160025,6.851568123650157e-6,-0.9998043714341998,5.0
1281.9703471660614,1961.0,914.5769230769231,16.53846153846154,8.474303463315384e10,2.269230769230769,0.0016542967279443686,6.851568123650157e-6,0.016303605104515118,-0.9998723586715474,0.006738337076555924,0.009458608345417462,0.029662274318160025,6.851568123650157e-6,-0.9998043714341998,5.0
1287.2419700622559,1968.0,921.5769230769231,16.53846153846154,8.474303463315384e10,2.269230769230769,0.0016542967279443686,6.851568123650157e-6,0.016303605104515118,-0.9998723586715474,0.006738337076555924,0.009458608345417462,0.029662274318160025,6.851568123650157e-6,-0.9998043714341998,5.0
1292.4892480373383,1975.0,928.5769230769231,16.53846153846154,8.474303463315384e10,2.269230769230769,0.0016542967279443686,6.851568123650157e-6,0.016303605104515118,-0.9998723586715474,0.006738337076555924,0.009458608345417462,0.029662274318160025,6.851568123650157e-6,-0.9998043714341998,5.0
1297.7485010623932,1982.0,931.2307692307693,16.53846153846154,6.91420436485506e306,2.269230769230769,0.001642633735279027,6.851568123650157e-6,0.015403561771578644,-0.9998723586715474,0.006738337076555924,0.009458608345417462,0.028580475707451706,6.851568123650157e-6,-0.9998107353975326,5.0
1302.8327870368958,1989.0,932.0384615384615,16.53846153846154,6.91420436485506e306,2.269230769230769,0.001642633735279027,6.851568123650157e-6,0.015403561771578644,-0.9998723586715474,0.006738337076555924,0.009458608345417462,0.028580475707451706,6.851568123650157e-6,-0.9998107353975326,5.0
1308.0432660579681,1996.0,939.0384615384615,16.53846153846154,6.91420436485506e306,2.269230769230769,0.001642633735279027,6.851568123650157e-6,0.015403561771578644,-0.9998723586715474,0.006738337076555924,0.009458608345417462,0.028580475707451706,6.851568123650157e-6,-0.9998107353975326,5.0
1313.1814920902252,2003.0,970.6,16.16,7.190772539449263e306,2.2,0.001642633735279027,6.851568123650157e-6,0.015403561771578644,-0.9998723586715474,0.006738337076555924,0.009458608345417462,0.028580475707451706,6.851568123650157e-6,-0.9998107353975326,5.0
1318.362582206726,2010.0,958.04,16.16,7.190772539449263e306,2.2,0.001642633735279027,6.851568123650157e-6,0.015403561771578644,-0.9998723586715474,0.006738337076555924,0.009458608345417462,0.028580475707451706,6.851568123650157e-6,-0.9998107353975326,5.0
1323.476436138153,2017.0,965.04,16.16,7.190772539449263e306,2.2,0.001642633735279027,6.851568123650157e-6,0.015403561771578644,-0.9998723586715474,0.006738337076555924,0.009458608345417462,0.028580475707451706,6.851568123650157e-6,-0.9998107353975326,5.0
1328.7089641094208,2024.0,972.04,16.16,7.190772539449263e306,2.2,0.001642633735279027,6.851568123650157e-6,0.015403561771578644,-0.9998723586715474,0.006738337076555924,0.009458608345417462,0.028580475707451706,6.851568123650157e-6,-0.9998107353975326,5.0
1333.9802041053772,2031.0,979.04,16.16,7.190772539449263e306,2.2,0.001642633735279027,6.851568123650157e-6,0.015403561771578644,-0.9998723586715474,0.006738337076555924,0.009458608345417462,0.028580475707451706,6.851568123650157e-6,-0.9998107353975326,5.0
1339.3865880966187,2038.0,986.04,16.16,7.190772539449263e306,2.2,0.001642633735279027,6.851568123650157e-6,0.015403561771578644,-0.9998723586715474,0.006738337076555924,0.009458608345417462,0.028580475707451706,6.851568123650157e-6,-0.9998107353975326,5.0
1344.4873440265656,2045.0,993.04,16.16,7.190772539449263e306,2.2,0.001642633735279027,6.851568123650157e-6,0.015403561771578644,-0.9998723586715474,0.006738337076555924,0.009458608345417462,0.028580475707451706,6.851568123650157e-6,-0.9998107353975326,5.0
1349.8144311904907,2052.0,1000.04,16.16,7.190772539449263e306,2.2,0.001642633735279027,6.851568123650157e-6,0.015403561771578644,-0.9998723586715474,0.006738337076555924,0.009458608345417462,0.028580475707451706,6.851568123650157e-6,-0.9998107353975326,5.0
1354.923968076706,2059.0,1007.04,16.16,7.190772539449263e306,2.2,0.001642633735279027,6.851568123650157e-6,0.015403561771578644,-0.9998723586715474,0.006738337076555924,0.009458608345417462,0.028580475707451706,6.851568123650157e-6,-0.9998107353975326,5.0
1360.196370124817,2066.0,965.4,16.16,7.190772539449263e306,2.2,0.001642633735279027,6.851568123650157e-6,0.015403561771578644,-0.9998723586715474,0.006738337076555924,0.009458608345417462,0.028580475707451706,6.851568123650157e-6,-0.9998107353975326,4.0
1365.4922771453857,2073.0,969.24,16.16,7.190772539449263e306,2.2,0.001642633735279027,6.851568123650157e-6,0.015403561771578644,-0.9998723586715474,0.006738337076555924,0.009458608345417462,0.028580475707451706,6.851568123650157e-6,-0.9998107353975326,4.0
1370.5439341068268,2080.0,973.6,16.16,7.190772539449263e306,2.2,0.001642633735279027,6.851568123650157e-6,0.015403561771578644,-0.9998723586715474,0.006738337076555924,0.009458608345417462,0.028580475707451706,6.851568123650157e-6,-0.9998107353975326,4.0
1375.6948211193085,2087.0,980.6,16.16,7.190772539449263e306,2.2,0.001642633735279027,6.851568123650157e-6,0.015403561771578644,-0.9998723586715474,0.006738337076555924,0.009458608345417462,0.028580475707451706,6.851568123650157e-6,-0.9998107353975326,4.0
1381.006019115448,2094.0,986.88,16.16,7.190772539449263e306,2.2,0.001642633735279027,6.851568123650157e-6,0.015403561771578644,-0.9998723586715474,0.006738337076555924,0.009458608345417462,0.028580475707451706,6.851568123650157e-6,-0.9998107353975326,4.0
1386.2016251087189,2101.0,993.88,16.16,7.190772539449263e306,2.2,0.001642633735279027,6.851568123650157e-6,0.015403561771578644,-0.9998723586715474,0.006738337076555924,0.009458608345417462,0.028580475707451706,6.851568123650157e-6,-0.9998107353975326,4.0
1391.49697804451,2108.0,1000.88,16.16,7.190772539449263e306,2.2,0.001642633735279027,6.851568123650157e-6,0.015403561771578644,-0.9998723586715474,0.006738337076555924,0.009458608345417462,0.028580475707451706,6.851568123650157e-6,-0.9998107353975326,4.0
1396.6623182296753,2115.0,1007.88,16.16,7.190772539449263e306,2.2,0.001642633735279027,6.851568123650157e-6,0.015403561771578644,-0.9998723586715474,0.006738337076555924,0.009458608345417462,0.028580475707451706,6.851568123650157e-6,-0.9998107353975326,4.0
1401.874784231186,2122.0,1014.88,16.16,7.190772539449263e306,2.2,0.001642633735279027,6.851568123650157e-6,0.015403561771578644,-0.9998723586715474,0.006738337076555924,0.009458608345417462,0.028580475707451706,6.851568123650157e-6,-0.9998107353975326,4.0
1406.9854481220245,2129.0,1021.88,16.16,7.190772539449263e306,2.2,0.001642633735279027,6.851568123650157e-6,0.015403561771578644,-0.9998723586715474,0.006738337076555924,0.009458608345417462,0.028580475707451706,6.851568123650157e-6,-0.9998107353975326,4.0
1412.1532130241394,2136.0,1011.52,16.16,7.190772539449263e306,2.2,0.001642633735279027,6.851568123650157e-6,0.015403561771578644,-0.9998723586715474,0.006738337076555924,0.009458608345417462,0.028580475707451706,6.851568123650157e-6,-0.9998107353975326,4.0
1417.301969051361,2143.0,1018.52,16.16,7.190772539449263e306,2.2,0.001642633735279027,6.851568123650157e-6,0.015403561771578644,-0.9998723586715474,0.006738337076555924,0.009458608345417462,0.028580475707451706,6.851568123650157e-6,-0.9998107353975326,4.0
1422.5665731430054,2150.0,1025.52,16.16,7.190772539449263e306,2.2,0.001642633735279027,6.851568123650157e-6,0.015403561771578644,-0.9998723586715474,0.006738337076555924,0.009458608345417462,0.028580475707451706,6.851568123650157e-6,-0.9998107353975326,4.0
1427.87824010849,2157.0,1022.6,16.16,Inf,2.2,0.0016355532005512953,6.779877396910878e-6,0.01416846440196562,-0.9998736942343608,0.006738337076555924,0.009458608345417462,0.028580475707451706,6.779877396910878e-6,-0.9998139782651828,4.0
1433.0952711105347,2164.0,1029.36,16.16,Inf,2.2,0.0016355514864903739,6.779804984458203e-6,0.014165207124918644,-0.999873695583369,0.006738337076555924,0.009458608345417462,0.028580475707451706,6.779804984458203e-6,-0.9998107353975326,4.0
1438.3623571395874,2171.0,1036.36,16.16,Inf,2.2,0.0016355514864903739,6.779804984458203e-6,0.014165207124918644,-0.999873695583369,0.006738337076555924,0.009458608345417462,0.028580475707451706,6.779804984458203e-6,-0.9998107353975326,4.0
1443.5409631729126,2178.0,1043.36,16.16,Inf,2.2,0.0016355514864903739,6.779804984458203e-6,0.014165207124918644,-0.999873695583369,0.006738337076555924,0.009458608345417462,0.028580475707451706,6.779804984458203e-6,-0.9998107353975326,4.0
1448.812138080597,2185.0,1050.36,16.16,Inf,2.2,0.0016355514864903739,6.779804984458203e-6,0.014165207124918644,-0.999873695583369,0.006738337076555924,0.009458608345417462,0.028580475707451706,6.779804984458203e-6,-0.9998107353975326,4.0
1453.9220781326294,2192.0,1057.36,16.16,Inf,2.2,0.0016355514864903739,6.779804984458203e-6,0.014165207124918644,-0.999873695583369,0.006738337076555924,0.009458608345417462,0.028580475707451706,6.779804984458203e-6,-0.9998107353975326,4.0
1459.1074090003967,2199.0,1064.36,16.16,Inf,2.2,0.0016355514864903739,6.779804984458203e-6,0.014165207124918644,-0.999873695583369,0.006738337076555924,0.009458608345417462,0.028580475707451706,6.779804984458203e-6,-0.9998107353975326,4.0
1464.2255320549011,2206.0,1071.36,16.16,Inf,2.2,0.0016355514864903739,6.779804984458203e-6,0.014165207124918644,-0.999873695583369,0.006738337076555924,0.009458608345417462,0.028580475707451706,6.779804984458203e-6,-0.9998107353975326,4.0
1469.458739042282,2213.0,1069.08,16.16,Inf,2.2,0.0016301122391429866,6.779804984458203e-6,0.014165207124918644,-0.999873695583369,0.006738337076555924,0.009458608345417462,0.028815017842484504,6.779804984458203e-6,-0.999810735170416,4.0
1474.6868572235107,2220.0,1076.08,16.16,Inf,2.2,0.0016301122391429866,6.779804984458203e-6,0.014165207124918644,-0.999873695583369,0.006738337076555924,0.009458608345417462,0.028815017842484504,6.779804984458203e-6,-0.999810735170416,4.0
1479.992772102356,2227.0,1120.8333333333333,15.625,7.490388061926316e306,2.0833333333333335,0.0016355514864903739,6.779804984458203e-6,0.01414385198882706,-0.999873695583369,0.006738337076555924,0.009458608345417462,0.028743434668253496,6.779804984458203e-6,-0.9998116530928595,4.0
1485.2370750904083,2234.0,1127.625,15.625,7.490388061926316e306,2.0833333333333335,0.0016355514864903739,6.779804984458203e-6,0.014135188170414925,-0.999873695583369,0.006738337076555924,0.009458608345417462,0.028742573885197246,6.779804984458203e-6,-0.9998117142945013,4.0
1490.6308250427246,2241.0,1134.4166666666667,15.625,7.490388061926316e306,2.0833333333333335,0.0016355514864903739,6.779804984458203e-6,0.01413380869724945,-0.999873695583369,0.006738337076555924,0.009458608345417462,0.028742519624961924,6.779804984458203e-6,-0.9998131217067527,4.0
1495.9362671375275,2248.0,1141.4166666666667,15.625,7.490388061926316e306,2.0833333333333335,0.0016355514864903739,6.779804984458203e-6,0.01413380869724945,-0.999873695583369,0.006738337076555924,0.009458608345417462,0.028742519624961924,6.779804984458203e-6,-0.9998131217067527,4.0
1501.4512190818787,2255.0,1148.4166666666667,15.625,7.490388061926316e306,2.0833333333333335,0.0016355514864903739,6.779804984458203e-6,0.01413380869724945,-0.999873695583369,0.006738337076555924,0.009458608345417462,0.028742519624961924,6.779804984458203e-6,-0.9998131217067527,4.0
1506.7188861370087,2262.0,1155.4166666666667,15.625,7.490388061926316e306,2.0833333333333335,0.0016355514864903739,6.779804984458203e-6,0.01413380869724945,-0.999873695583369,0.006738337076555924,0.009458608345417462,0.028742519624961924,6.779804984458203e-6,-0.9998131217067527,4.0
1511.924233198166,2269.0,1162.4166666666667,15.625,7.490388061926316e306,2.0833333333333335,0.0016355514864903739,6.779804984458203e-6,0.01413380869724945,-0.999873695583369,0.006738337076555924,0.009458608345417462,0.028742519624961924,6.779804984458203e-6,-0.9998131217067527,4.0
1517.3221781253815,2276.0,1169.4166666666667,15.625,7.490388061926316e306,2.0833333333333335,0.0016355514864903739,6.779804984458203e-6,0.01413380869724945,-0.999873695583369,0.006738337076555924,0.009458608345417462,0.028742519624961924,6.779804984458203e-6,-0.9998131217067527,4.0
1522.5931951999664,2283.0,1176.4166666666667,15.625,7.490388061926316e306,2.0833333333333335,0.0016355514864903739,6.779804984458203e-6,0.01413380869724945,-0.999873695583369,0.006738337076555924,0.009458608345417462,0.028742519624961924,6.779804984458203e-6,-0.9998131217067527,4.0
1527.9266610145569,2290.0,1183.4166666666667,15.625,7.490388061926316e306,2.0833333333333335,0.0016355514864903739,6.779804984458203e-6,0.01413380869724945,-0.999873695583369,0.006738337076555924,0.009458608345417462,0.028742519624961924,6.779804984458203e-6,-0.9998131217067527,4.0
1533.1899762153625,2297.0,1190.4166666666667,15.625,7.490388061926316e306,2.0833333333333335,0.0016355514864903739,6.779804984458203e-6,0.01413380869724945,-0.999873695583369,0.006738337076555924,0.009458608345417462,0.028742519624961924,6.779804984458203e-6,-0.9998131217067527,4.0
1538.6267220973969,2304.0,1167.4166666666667,15.625,7.490388061926316e306,2.0833333333333335,0.0016355514864903739,6.779804984458203e-6,0.01413380869724945,-0.999873695583369,0.006738337076555924,0.009458608345417462,0.028742519624961924,6.779804984458203e-6,-0.9998131217067527,4.0
1543.8723912239075,2311.0,1174.4166666666667,15.625,7.490388061926316e306,2.0833333333333335,0.0016355514864903739,6.779804984458203e-6,0.01413380869724945,-0.999873695583369,0.006738337076555924,0.009458608345417462,0.028742519624961924,6.779804984458203e-6,-0.9998131217067527,4.0
1549.1795630455017,2318.0,1181.4166666666667,15.625,7.490388061926316e306,2.0833333333333335,0.0016355514864903739,6.779804984458203e-6,0.01413380869724945,-0.999873695583369,0.006738337076555924,0.009458608345417462,0.028742519624961924,6.779804984458203e-6,-0.9998131217067527,4.0
1554.395098209381,2325.0,1188.4166666666667,15.625,7.490388061926316e306,2.0833333333333335,0.0016355514864903739,6.779804984458203e-6,0.01413380869724945,-0.999873695583369,0.006738337076555924,0.009458608345417462,0.028742519624961924,6.779804984458203e-6,-0.9998131217067527,4.0
1559.5519421100616,2332.0,1195.4166666666667,15.625,7.490388061926316e306,2.0833333333333335,0.0016355514864903739,6.779804984458203e-6,0.01413380869724945,-0.999873695583369,0.006738337076555924,0.009458608345417462,0.028742519624961924,6.779804984458203e-6,-0.9998131217067527,4.0
1564.7393810749054,2339.0,1202.4166666666667,15.625,7.490388061926316e306,2.0833333333333335,0.0016355514864903739,6.779804984458203e-6,0.01413380869724945,-0.999873695583369,0.006738337076555924,0.009458608345417462,0.028742519624961924,6.779804984458203e-6,-0.9998131217067527,4.0
1570.0232701301575,2346.0,1209.4166666666667,15.625,7.490388061926316e306,2.0833333333333335,0.0016355514864903739,6.779804984458203e-6,0.01413380869724945,-0.999873695583369,0.006738337076555924,0.009458608345417462,0.028742519624961924,6.779804984458203e-6,-0.9998131217067527,4.0
1575.2068560123444,2353.0,1216.4166666666667,15.625,7.490388061926316e306,2.0833333333333335,0.0016355514864903739,6.779804984458203e-6,0.01413380869724945,-0.999873695583369,0.006738337076555924,0.009458608345417462,0.028742519624961924,6.779804984458203e-6,-0.9998131217067527,4.0
1580.4298391342163,2360.0,1223.4166666666667,15.625,7.490388061926316e306,2.0833333333333335,0.0016355514864903739,6.779804984458203e-6,0.01413380869724945,-0.999873695583369,0.006738337076555924,0.009458608345417462,0.028742519624961924,6.779804984458203e-6,-0.9998131217067527,4.0
1585.5809350013733,2367.0,1230.4166666666667,15.625,7.490388061926316e306,2.0833333333333335,0.0016355514864903739,6.779804984458203e-6,0.01413380869724945,-0.999873695583369,0.006738337076555924,0.009458608345417462,0.028742519624961924,6.779804984458203e-6,-0.9998131217067527,4.0
1590.885686159134,2374.0,1237.4166666666667,15.625,7.490388061926316e306,2.0833333333333335,0.0016355514864903739,6.779804984458203e-6,0.01413380869724945,-0.999873695583369,0.006738337076555924,0.009458608345417462,0.028742519624961924,6.779804984458203e-6,-0.9998131217067527,4.0
1596.062905073166,2381.0,1244.4166666666667,15.625,7.490388061926316e306,2.0833333333333335,0.0016355514864903739,6.779804984458203e-6,0.01413380869724945,-0.999873695583369,0.006738337076555924,0.009458608345417462,0.028742519624961924,6.779804984458203e-6,-0.9998131217067527,4.0
1601.2539570331573,2388.0,1251.4166666666667,15.625,7.490388061926316e306,2.0833333333333335,0.0016355514864903739,6.779804984458203e-6,0.01413380869724945,-0.999873695583369,0.006738337076555924,0.009458608345417462,0.028742519624961924,6.779804984458203e-6,-0.9998131217067527,4.0
1606.3476731777191,2395.0,1258.4166666666667,15.625,7.490388061926316e306,2.0833333333333335,0.0016355514864903739,6.779804984458203e-6,0.01413380869724945,-0.999873695583369,0.006738337076555924,0.009458608345417462,0.028742519624961924,6.779804984458203e-6,-0.9998131217067527,4.0
1611.4954271316528,2402.0,1255.5833333333333,15.625,7.490388061926316e306,2.0833333333333335,0.0016313156217143327,6.772232133868489e-6,0.01413380869724945,-0.9998738366618334,0.006738337076555924,0.009458608345417462,0.028665071932679653,6.772232133868489e-6,-0.9998142842927816,4.0
1616.788341999054,2409.0,1262.5833333333333,15.625,7.490388061926316e306,2.0833333333333335,0.0016313156217143327,6.772232133868489e-6,0.01413380869724945,-0.9998738366618334,0.006738337076555924,0.009458608345417462,0.028665071932679653,6.772232133868489e-6,-0.9998142842927816,4.0
1622.1057691574097,2416.0,1269.5833333333333,15.625,7.490388061926316e306,2.0833333333333335,0.0016313156217143327,6.772232133868489e-6,0.01413380869724945,-0.9998738366618334,0.006738337076555924,0.009458608345417462,0.028665071932679653,6.772232133868489e-6,-0.9998142842927816,4.0
1627.3426201343536,2423.0,1276.5833333333333,15.625,7.490388061926316e306,2.0833333333333335,0.0016313156217143327,6.772232133868489e-6,0.01413380869724945,-0.9998738366618334,0.006738337076555924,0.009458608345417462,0.028665071932679653,6.772232133868489e-6,-0.9998142842927816,4.0
1632.6889951229095,2430.0,1283.5833333333333,15.625,7.490388061926316e306,2.0833333333333335,0.0016313156217143327,6.772232133868489e-6,0.01413380869724945,-0.9998738366618334,0.006738337076555924,0.009458608345417462,0.028665071932679653,6.772232133868489e-6,-0.9998142842927816,4.0
1638.0405161380768,2437.0,1290.5833333333333,15.625,7.490388061926316e306,2.0833333333333335,0.0016313156217143327,6.772232133868489e-6,0.01413380869724945,-0.9998738366618334,0.006738337076555924,0.009458608345417462,0.028665071932679653,6.772232133868489e-6,-0.9998142842927816,4.0
1643.225515127182,2444.0,1297.5833333333333,15.625,7.490388061926316e306,2.0833333333333335,0.0016313156217143327,6.772232133868489e-6,0.01413380869724945,-0.9998738366618334,0.006738337076555924,0.009458608345417462,0.028665071932679653,6.772232133868489e-6,-0.9998142842927816,4.0
1648.5877840518951,2451.0,1304.5833333333333,15.625,7.490388061926316e306,2.0833333333333335,0.0016313156217143327,6.772232133868489e-6,0.01413380869724945,-0.9998738366618334,0.006738337076555924,0.009458608345417462,0.028665071932679653,6.772232133868489e-6,-0.9998142842927816,4.0
1653.698923110962,2458.0,1311.5833333333333,15.625,7.490388061926316e306,2.0833333333333335,0.0016313156217143327,6.772232133868489e-6,0.01413380869724945,-0.9998738366618334,0.006738337076555924,0.009458608345417462,0.028665071932679653,6.772232133868489e-6,-0.9998142842927816,4.0
1659.0086901187897,2465.0,1318.5833333333333,15.625,7.490388061926316e306,2.0833333333333335,0.0016313156217143327,6.772232133868489e-6,0.01413380869724945,-0.9998738366618334,0.006738337076555924,0.009458608345417462,0.028665071932679653,6.772232133868489e-6,-0.9998142842927816,4.0
1664.2176020145416,2472.0,1325.5833333333333,15.625,7.490388061926316e306,2.0833333333333335,0.0016313156217143327,6.772232133868489e-6,0.01413380869724945,-0.9998738366618334,0.006738337076555924,0.009458608345417462,0.028665071932679653,6.772232133868489e-6,-0.9998142842927816,4.0
1669.654449224472,2479.0,1332.5833333333333,15.625,7.490388061926316e306,2.0833333333333335,0.0016313156217143327,6.772232133868489e-6,0.01413380869724945,-0.9998738366618334,0.006738337076555924,0.009458608345417462,0.028665071932679653,6.772232133868489e-6,-0.9998142842927816,4.0
1674.7428781986237,2486.0,1339.5833333333333,15.625,7.490388061926316e306,2.0833333333333335,0.0016313156217143327,6.772232133868489e-6,0.01413380869724945,-0.9998738366618334,0.006738337076555924,0.009458608345417462,0.028665071932679653,6.772232133868489e-6,-0.9998142842927816,4.0
1680.0390090942383,2493.0,1346.5833333333333,15.625,7.490388061926316e306,2.0833333333333335,0.0016313156217143327,6.772232133868489e-6,0.01413380869724945,-0.9998738366618334,0.006738337076555924,0.009458608345417462,0.028665071932679653,6.772232133868489e-6,-0.9998142842927816,4.0
1685.15873503685,2500.0,1353.5833333333333,15.625,7.490388061926316e306,2.0833333333333335,0.0016313156217143327,6.772232133868489e-6,0.01413380869724945,-0.9998738366618334,0.006738337076555924,0.009458608345417462,0.028665071932679653,6.772232133868489e-6,-0.9998142842927816,4.0
1690.260132074356,2507.0,1360.5833333333333,15.625,7.490388061926316e306,2.0833333333333335,0.0016313156217143327,6.772232133868489e-6,0.01413380869724945,-0.9998738366618334,0.006738337076555924,0.009458608345417462,0.028665071932679653,6.772232133868489e-6,-0.9998142842927816,4.0
1695.445837020874,2514.0,1367.5833333333333,15.625,7.490388061926316e306,2.0833333333333335,0.0016313156217143327,6.772232133868489e-6,0.01413380869724945,-0.9998738366618334,0.006738337076555924,0.009458608345417462,0.028665071932679653,6.772232133868489e-6,-0.9998142842927816,4.0
1700.670793056488,2521.0,1374.5833333333333,15.625,7.490388061926316e306,2.0833333333333335,0.0016313156217143327,6.772232133868489e-6,0.01413380869724945,-0.9998738366618334,0.006738337076555924,0.009458608345417462,0.028665071932679653,6.772232133868489e-6,-0.9998142842927816,4.0
1706.0316181182861,2528.0,1381.5833333333333,15.625,7.490388061926316e306,2.0833333333333335,0.0016313156217143327,6.772232133868489e-6,0.01413380869724945,-0.9998738366618334,0.006738337076555924,0.009458608345417462,0.028665071932679653,6.772232133868489e-6,-0.9998142842927816,4.0
1711.4945530891418,2535.0,1388.5833333333333,15.625,7.490388061926316e306,2.0833333333333335,0.0016313156217143327,6.772232133868489e-6,0.01413380869724945,-0.9998738366618334,0.006738337076555924,0.009458608345417462,0.028665071932679653,6.772232133868489e-6,-0.9998142842927816,4.0
1716.69975399971,2542.0,1395.5833333333333,15.625,7.490388061926316e306,2.0833333333333335,0.0016313156217143327,6.772232133868489e-6,0.01413380869724945,-0.9998738366618334,0.006738337076555924,0.009458608345417462,0.028665071932679653,6.772232133868489e-6,-0.9998142842927816,4.0
1721.9871702194214,2549.0,1402.5833333333333,15.625,7.490388061926316e306,2.0833333333333335,0.0016313156217143327,6.772232133868489e-6,0.01413380869724945,-0.9998738366618334,0.006738337076555924,0.009458608345417462,0.028665071932679653,6.772232133868489e-6,-0.9998142842927816,4.0
1727.2443480491638,2556.0,1409.5833333333333,15.625,7.490388061926316e306,2.0833333333333335,0.0016313156217143327,6.772232133868489e-6,0.01413380869724945,-0.9998738366618334,0.006738337076555924,0.009458608345417462,0.028665071932679653,6.772232133868489e-6,-0.9998142842927816,4.0
1732.439048051834,2563.0,1416.5833333333333,15.625,7.490388061926316e306,2.0833333333333335,0.0016313156217143327,6.772232133868489e-6,0.01413380869724945,-0.9998738366618334,0.006738337076555924,0.009458608345417462,0.028665071932679653,6.772232133868489e-6,-0.9998142842927816,4.0
1737.6833610534668,2570.0,1423.5833333333333,15.625,7.490388061926316e306,2.0833333333333335,0.0016313156217143327,6.772232133868489e-6,0.01413380869724945,-0.9998738366618334,0.006738337076555924,0.009458608345417462,0.028665071932679653,6.772232133868489e-6,-0.9998142842927816,4.0
1742.7182981967926,2577.0,1430.5833333333333,15.625,7.490388061926316e306,2.0833333333333335,0.0016313156217143327,6.772232133868489e-6,0.01413380869724945,-0.9998738366618334,0.006738337076555924,0.009458608345417462,0.028665071932679653,6.772232133868489e-6,-0.9998142842927816,4.0
1747.959911108017,2584.0,1437.5833333333333,15.625,7.490388061926316e306,2.0833333333333335,0.0016313156217143327,6.772232133868489e-6,0.01413380869724945,-0.9998738366618334,0.006738337076555924,0.009458608345417462,0.028665071932679653,6.772232133868489e-6,-0.9998142842927816,4.0
1753.0948300361633,2591.0,1444.5833333333333,15.625,7.490388061926316e306,2.0833333333333335,0.0016313156217143327,6.772232133868489e-6,0.01413380869724945,-0.9998738366618334,0.006738337076555924,0.009458608345417462,0.028665071932679653,6.772232133868489e-6,-0.9998142842927816,4.0
1758.4019060134888,2598.0,1451.5833333333333,15.625,7.490388061926316e306,2.0833333333333335,0.0016313156217143327,6.772232133868489e-6,0.01413380869724945,-0.9998738366618334,0.006738337076555924,0.009458608345417462,0.028665071932679653,6.772232133868489e-6,-0.9998142842927816,4.0
1763.7016260623932,2605.0,1458.5833333333333,15.625,7.490388061926316e306,2.0833333333333335,0.0016313156217143327,6.772232133868489e-6,0.01413380869724945,-0.9998738366618334,0.006738337076555924,0.009458608345417462,0.028665071932679653,6.772232133868489e-6,-0.9998142842927816,4.0
1768.9901940822601,2612.0,1465.5833333333333,15.625,7.490388061926316e306,2.0833333333333335,0.0016313156217143327,6.772232133868489e-6,0.01413380869724945,-0.9998738366618334,0.006738337076555924,0.009458608345417462,0.028665071932679653,6.772232133868489e-6,-0.9998142842927816,4.0
1774.138780117035,2619.0,1472.5833333333333,15.625,7.490388061926316e306,2.0833333333333335,0.0016313156217143327,6.772232133868489e-6,0.01413380869724945,-0.9998738366618334,0.006738337076555924,0.009458608345417462,0.028665071932679653,6.772232133868489e-6,-0.9998142842927816,4.0
1779.2990272045135,2626.0,1479.5833333333333,15.625,7.490388061926316e306,2.0833333333333335,0.0016313156217143327,6.772232133868489e-6,0.01413380869724945,-0.9998738366618334,0.006738337076555924,0.009458608345417462,0.028665071932679653,6.772232133868489e-6,-0.9998142842927816,4.0
1784.5831010341644,2633.0,1486.5833333333333,15.625,7.490388061926316e306,2.0833333333333335,0.0016313156217143327,6.772232133868489e-6,0.01413380869724945,-0.9998738366618334,0.006738337076555924,0.009458608345417462,0.028665071932679653,6.772232133868489e-6,-0.9998142842927816,4.0
1790.0837302207947,2640.0,1493.5833333333333,15.625,7.490388061926316e306,2.0833333333333335,0.0016313156217143327,6.772232133868489e-6,0.01413380869724945,-0.9998738366618334,0.006738337076555924,0.009458608345417462,0.028665071932679653,6.772232133868489e-6,-0.9998142842927816,4.0
1795.2772932052612,2647.0,1423.375,15.625,7.490388061926316e306,2.0833333333333335,0.0016313156217143327,6.772232133868489e-6,0.01413380869724945,-0.9998738366618334,0.006738337076555924,0.009458608345417462,0.028665071932679653,6.772232133868489e-6,-0.9998142842927816,4.0
1800.5152401924133,2654.0,1430.375,15.625,7.490388061926316e306,2.0833333333333335,0.0016313156217143327,6.772232133868489e-6,0.01413380869724945,-0.9998738366618334,0.006738337076555924,0.009458608345417462,0.028665071932679653,6.772232133868489e-6,-0.9998142842927816,4.0
