time,generation,mean age hall_of_fame,mean compl,mean recursive_compl,mean n_params,min mae,min mse,min max_ae,min minus_r2,min mare,min q75_are,min max_are,min ms_processed_e,min minus_spearman,max penalty
11.746373891830444,1.0,0.0,5.666666666666667,21952.0,1.0,0.34057914958643254,0.2552111858932545,1.1290581465964362,-0.8087162957553393,0.44945976491682216,0.5164437133521746,1.7406789261404876,0.2552111858932545,-1.0,0.0
18.507351875305176,8.0,3.0,5.4,12.4,1.6,0.13316174368049655,0.029498431260146306,0.29279894680214213,-0.9778905882158028,0.16003626210221367,0.13906508138096785,0.6490829120681408,0.029498431260146306,-1.0,0.0
23.748893976211548,19.0,6.636363636363637,8.090909090909092,31.363636363636363,2.3636363636363638,0.11160776585248572,0.022925143652368085,0.29098902760862577,-0.9828173424968916,0.1597605551058862,0.1390650813693139,0.5521025554459887,0.022925143652368085,-1.0,0.0
28.756207942962646,27.0,13.0,8.090909090909092,44.09090909090909,2.4545454545454546,0.053117863837177155,0.012532461994995869,0.29098902760862577,-0.990606776324017,0.05832787092030809,0.04845126775859616,0.2761721169047629,0.012532461994995869,-1.0,0.0
34.30096197128296,36.0,19.818181818181817,8.0,29.818181818181817,2.4545454545454546,0.053117863837177155,0.012532461994995869,0.2761873854128174,-0.990606776324017,0.05832787092030809,0.04845126775859616,0.2761721169047629,0.012532461994995869,-1.0,0.0
39.83562994003296,46.0,26.5,9.3,52.5,2.7,0.053117863837177155,0.012072946594972388,0.20773468376066662,-0.9909511883746341,0.05832787092030809,0.04845126775859616,0.2761721169047629,0.012072946594972388,-1.0,0.0
45.03449988365173,55.0,25.0,10.76923076923077,47.0,2.8461538461538463,0.053117863837177155,0.009278972102737914,0.14068975019620722,-0.9930453042284089,0.05832787092030809,0.04845126775859616,0.2761721169047629,0.009278972102737914,-1.0,0.0
50.14246582984924,64.0,33.0,10.25,30.583333333333332,2.75,0.04707440425243727,0.009278872683170705,0.14068102021419748,-0.9930453787445122,0.03797674062360273,0.03256101830074623,0.1778275863930785,0.009278872683170705,-1.0,0.0
55.160303831100464,73.0,39.75,11.583333333333334,31.666666666666668,3.0833333333333335,0.04707440425243727,0.009278872683170705,0.14068102021419748,-0.9930453787445122,0.03797674062360273,0.03256101830074623,0.1778275863930785,0.009278872683170705,-1.0,0.0
60.34943199157715,82.0,45.61538461538461,11.384615384615385,30.692307692307693,3.076923076923077,0.04707440425243727,0.009278872683170705,0.14068102021419748,-0.9930453787445122,0.03797674062360273,0.03256101830074623,0.1778275863930785,0.009278872683170705,-1.0,0.0
65.61676979064941,91.0,41.92857142857143,12.428571428571429,1852.7857142857142,3.5714285714285716,0.06028394067558344,0.00898777367942505,0.15931122323926022,-0.9932635607789065,0.05135547634224432,0.05156219195810668,0.14765040517646238,0.00898777367942505,-1.0,0.0
70.89466595649719,100.0,47.5,12.0,37537.28571428572,3.2142857142857144,0.06028394067558344,0.008869177574809517,0.14495969532497588,-0.9933524499164279,0.05135547634224432,0.05156219195810668,0.1540734613940016,0.008869177574809517,-1.0,0.0
76.20747184753418,107.0,45.53333333333333,12.733333333333333,244735.13333333333,3.3333333333333335,0.06320988676271264,0.008176630071476875,0.1475009256480111,-0.9938715221950947,0.0788395053160063,0.09986069392267147,0.19606298185177204,0.008176630071476875,-1.0,0.0
81.48901987075806,116.0,60.916666666666664,9.75,87458.83333333333,2.9166666666666665,0.06268761299657408,0.007917398192469864,0.17863275865038286,-0.9940658194548374,0.08297931889142185,0.10074698055789807,0.23847986240606955,0.007917398192469864,-1.0,0.0
86.75869798660278,125.0,60.0,11.5,1.4136578821065715e12,3.2142857142857144,0.06268761299657408,0.00764405068232072,0.16003866138363376,-0.9942706965416485,0.07241707427927838,0.08723332094360406,0.16213122420958873,0.00764405068232072,-1.0,0.0
92.22906684875488,134.0,66.5,11.357142857142858,18796.785714285714,3.2142857142857144,0.04823075974956351,0.007609464117966283,0.16875629926149172,-0.994296619567411,0.04758386880673252,0.05870156662017275,0.16024195911210629,0.007609464117966283,-1.0,0.0
97.55601382255554,143.0,71.57142857142857,11.928571428571429,18801.14285714286,3.4285714285714284,0.022763253448586658,0.0030602621072584615,0.15591332551085346,-0.997706298531598,0.047209925867919104,0.010448426758743006,0.13526278248191584,0.0030602621072584615,-1.0,0.0
102.64788389205933,150.0,81.76923076923077,10.615384615384615,77.15384615384616,3.230769230769231,0.023758422412421452,0.0023330908151651033,0.12700725543755553,-0.9982513217361458,0.04126332709745144,0.013858870103005391,0.17602536028662769,0.0023330908151651033,-1.0,0.0
107.93166184425354,160.0,91.53846153846153,10.615384615384615,77.15384615384616,3.230769230769231,0.023758422412421452,0.0023330908151651033,0.12700725543755553,-0.9982513217361458,0.04126332709745144,0.013858870103005391,0.1760180780756223,0.0023330908151651033,-1.0,0.0
113.35581994056702,170.0,98.23076923076923,10.692307692307692,36.23076923076923,3.230769230769231,0.023758422412421452,0.0023330908151651033,0.12700725543755553,-0.9982513217361458,0.04126332709745144,0.013858870103005391,0.16300099629905354,0.0023330908151651033,-1.0,0.0
118.39008378982544,179.0,114.41666666666667,9.833333333333334,32.833333333333336,3.0,0.023758422412421452,0.0023330908151651033,0.12700725543755553,-0.9982513217361458,0.04126332709745144,0.013858870103005391,0.17623064603470462,0.0023330908151651033,-1.0,0.0
123.51629400253296,188.0,113.6923076923077,10.615384615384615,33.92307692307692,3.230769230769231,0.023758422412421452,0.0023330908151651033,0.12700725543755553,-0.9982513217361458,0.04126332709745144,0.013858870103005391,0.17623064603470462,0.0023330908151651033,-1.0,0.0
128.58718395233154,197.0,114.5,11.714285714285714,37.0,3.5,0.023758422412421452,0.002332354089240758,0.11303463216121246,-0.9982518739206566,0.039003260777958355,0.013858870103005391,0.17623064603470462,0.002332354089240758,-1.0,0.0
133.76435685157776,206.0,121.5,11.714285714285714,37.0,3.5,0.023758422412421452,0.0023047853355404233,0.10664893004022091,-0.9982725370170281,0.03757026373328711,0.013858870103005391,0.17623064603470462,0.0023047853355404233,-1.0,0.0
138.94565796852112,215.0,136.15384615384616,11.076923076923077,36.23076923076923,3.3076923076923075,0.023758422412421452,0.0022928701594122493,0.09932115936703767,-0.9982814675778833,0.03589717954968721,0.013858870103005391,0.17623064603470462,0.0022928701594122493,-1.0,0.0
144.040442943573,224.0,135.14285714285714,11.857142857142858,38.857142857142854,3.5714285714285716,0.023758422412421452,0.0022928701594122493,0.09932115936703767,-0.9982814675778833,0.03589717954968721,0.013858870103005391,0.17623064603470462,0.0022928701594122493,-1.0,0.0
149.4717538356781,234.0,134.46666666666667,12.4,39.266666666666666,3.7333333333333334,0.023758422412421452,0.0022928701594122493,0.09932115936703767,-0.9982814675778833,0.03589717954968721,0.013858870103005391,0.12627937357793842,0.0022928701594122493,-1.0,0.0
154.74742579460144,245.0,147.0,11.428571428571429,36.57142857142857,3.5,0.024289418382029235,0.002210412488170709,0.10920975001308042,-0.9983432705460535,0.037679679151619155,0.01605328365256418,0.12627937357793842,0.002210412488170709,-1.0,0.0
160.1417179107666,258.0,140.875,13.125,46.625,4.0,0.024289418382029235,0.0013139920534471251,0.07121781892070744,-0.9990151479197447,0.03298160350411567,0.01605328365256418,0.09577962933464981,0.0013139920534471251,-1.0,0.0
165.339350938797,271.0,149.1875,12.9375,44.875,3.9375,0.024289418382029235,0.0013139920534471251,0.07121781892070744,-0.9990151479197447,0.03298160350411567,0.01605328365256418,0.09577962933464981,0.0013139920534471251,-1.0,0.0
170.557687997818,285.0,171.4,12.333333333333334,43.0,3.7333333333333334,0.024289418382029235,0.0013139920534471251,0.07121781892070744,-0.9990151479197447,0.03298160350411567,0.01605328365256418,0.09577962933464981,0.0013139920534471251,-1.0,0.0
175.63331079483032,299.0,172.125,12.875,45.125,3.875,0.024289418382029235,0.0013139920534471251,0.07121781892070744,-0.9990151479197447,0.03298160350411567,0.01605328365256418,0.09577962933464981,0.0013139920534471251,-1.0,0.0
180.6476399898529,313.0,186.125,12.875,45.125,3.875,0.024289418382029235,0.0013139920534471251,0.07121781892070744,-0.9990151479197447,0.03298160350411567,0.01605328365256418,0.09577962933464981,0.0013139920534471251,-1.0,0.0
185.89609789848328,328.0,185.64705882352942,13.470588235294118,47.64705882352941,4.0588235294117645,0.024289418382029235,0.0013139920534471251,0.07121781892070744,-0.9990151479197447,0.03298160350411567,0.01605328365256418,0.09577962933464981,0.0013139920534471251,-1.0,0.0
191.19541192054749,343.0,195.2941176470588,13.352941176470589,132.52941176470588,4.0588235294117645,0.024289418382029235,0.0012342837122637658,0.059971203597585565,-0.9990748902335753,0.037679679151619155,0.01605328365256418,0.17245594434993317,0.0012342837122637658,-1.0,0.0
196.196448802948,357.0,207.7058823529412,13.352941176470589,132.52941176470588,4.0588235294117645,0.024289418382029235,0.0012342837122637658,0.059971203597585565,-0.9990748902335753,0.037679679151619155,0.01605328365256418,0.17245594434993317,0.0012342837122637658,-1.0,0.0
201.29665684700012,371.0,218.7058823529412,13.352941176470589,132.52941176470588,4.0588235294117645,0.024289418382029235,0.0012342837122637658,0.059971203597585565,-0.9990748902335753,0.037679679151619155,0.01605328365256418,0.17245594434993317,0.0012342837122637658,-1.0,0.0
206.43651390075684,385.0,227.94117647058823,13.352941176470589,132.52941176470588,4.0588235294117645,0.024289418382029235,0.0011931233415420903,0.06601226261764614,-0.9991057404024352,0.037679679151619155,0.01605328365256418,0.17623064603470462,0.0011931233415420903,-1.0,0.0
211.67110300064087,399.0,235.41176470588235,13.352941176470589,136.58823529411765,4.0588235294117645,0.024289418382029235,0.0011931233415420903,0.06601226261764614,-0.9991057404024352,0.037679679151619155,0.01605328365256418,0.17623064603470462,0.0011931233415420903,-1.0,0.0
216.98239994049072,413.0,248.52941176470588,13.352941176470589,136.58823529411765,4.0588235294117645,0.022217050703054242,0.0009992739669392571,0.05929267552139833,-0.9992510327269458,0.037679679151619155,0.01605328365256418,0.17050473788537718,0.0009992739669392571,-1.0,0.0
222.21364283561707,427.0,234.89473684210526,14.631578947368421,137.05263157894737,4.368421052631579,0.022217050703054242,0.0009992739669392571,0.05929267552139833,-0.9992510327269458,0.03687138242959763,0.010792959795776533,0.17050473788537718,0.0009992739669392571,-1.0,0.0
227.34797596931458,441.0,240.31578947368422,14.631578947368421,133.42105263157896,4.368421052631579,0.022217050703054242,0.0009992739669392571,0.05929267552139833,-0.9992510327269458,0.03676811565930788,0.010635012684577368,0.17050473788537718,0.0009992739669392571,-1.0,0.0
232.62922191619873,455.0,254.31578947368422,14.631578947368421,133.42105263157896,4.368421052631579,0.022217050703054242,0.0009992739669392571,0.05929267552139833,-0.9992510327269458,0.03676811565930788,0.010635012684577368,0.17050473788537718,0.0009992739669392571,-1.0,0.0
238.02512979507446,469.0,268.3157894736842,14.631578947368421,133.42105263157896,4.368421052631579,0.022217050703054242,0.0009992739669392571,0.05929267552139833,-0.9992510327269458,0.03676811565930788,0.010635012684577368,0.17050473788537718,0.0009992739669392571,-1.0,0.0
243.30369091033936,483.0,268.35,15.4,39453.8,4.5,0.01652009923353529,0.0008845669879898628,0.05929267552139833,-0.9993370069202765,0.02111234346190019,0.010635012684577368,0.08183729140203028,0.0008845669879898628,-1.0,0.0
248.35177087783813,496.0,278.95,15.4,39457.25,4.5,0.01652009923353529,0.0008845669879898628,0.05929267552139833,-0.9993370069202765,0.02111234346190019,0.010635012684577368,0.08183729140203028,0.0008845669879898628,-1.0,0.0
253.3904778957367,509.0,278.0952380952381,15.333333333333334,37579.95238095238,4.523809523809524,0.01652009923353529,0.0008845669879898628,0.05929267552139833,-0.9993370069202765,0.02111234346190019,0.010635012684577368,0.08183729140203028,0.0008845669879898628,-1.0,0.0
258.6148929595947,522.0,287.5,14.85,39448.7,4.4,0.01652009923353529,0.0008845669879898628,0.05929267552139833,-0.9993370069202765,0.02111234346190019,0.015173352279761201,0.08183729140203028,0.0008845669879898628,-1.0,0.0
264.01780796051025,535.0,298.15,14.85,39443.45,4.45,0.01652009923353529,0.0008845669879898628,0.05929267552139833,-0.9993370069202765,0.02111234346190019,0.015173352279761201,0.08183729140203028,0.0008845669879898628,-1.0,0.0
269.07584500312805,547.0,335.94444444444446,13.722222222222221,43817.61111111111,4.166666666666667,0.01652009923353529,0.0008845669879898628,0.05929267552139833,-0.9993370069202765,0.02111234346190019,0.01733319516060334,0.08183729140203028,0.0008845669879898628,-1.0,0.0
274.273610830307,559.0,345.44444444444446,13.722222222222221,43817.61111111111,4.166666666666667,0.01652009923353529,0.0008845669879898628,0.05929267552139833,-0.9993370069202765,0.02111234346190019,0.01733319516060334,0.08183729140203028,0.0008845669879898628,-1.0,0.0
279.468847990036,571.0,335.72222222222223,13.666666666666666,297.1111111111111,4.277777777777778,0.019699825880270527,0.0006875750366555345,0.04790851778111216,-0.9994846546420084,0.02947724670839539,0.01733319516060334,0.12563648215522394,0.0006875750366555345,-1.0,0.0
284.71650791168213,583.0,347.1666666666667,13.666666666666666,127.5,4.388888888888889,0.018320258570045655,0.000661754030648619,0.0590770304206123,-0.999504007781484,0.02043050297970532,0.01733319516060334,0.06391591551813018,0.000661754030648619,-1.0,0.0
289.9752628803253,595.0,359.1666666666667,13.666666666666666,127.5,4.388888888888889,0.018320258570045655,0.000661754030648619,0.0590770304206123,-0.999504007781484,0.02043050297970532,0.01733319516060334,0.06391591551813018,0.000661754030648619,-1.0,0.0
295.26510787010193,607.0,360.05555555555554,13.666666666666666,127.5,4.388888888888889,0.018320258570045655,0.000661754030648619,0.0590770304206123,-0.999504007781484,0.02043050297970532,0.01733319516060334,0.06391591551813018,0.000661754030648619,-1.0,0.0
300.592964887619,619.0,372.05555555555554,13.666666666666666,127.5,4.388888888888889,0.018320258570045655,0.000661754030648619,0.0590770304206123,-0.999504007781484,0.02043050297970532,0.01733319516060334,0.06391591551813018,0.000661754030648619,-1.0,0.0
305.9581949710846,631.0,384.05555555555554,13.666666666666666,127.5,4.388888888888889,0.018320258570045655,0.000661754030648619,0.0590770304206123,-0.999504007781484,0.02043050297970532,0.01733319516060334,0.06391591551813018,0.000661754030648619,-1.0,0.0
311.2879168987274,643.0,396.05555555555554,13.666666666666666,127.5,4.388888888888889,0.018320258570045655,0.000661754030648619,0.0590770304206123,-0.999504007781484,0.02043050297970532,0.01733319516060334,0.06391591551813018,0.000661754030648619,-1.0,0.0
316.69871377944946,655.0,402.8333333333333,13.666666666666666,127.5,4.388888888888889,0.018320258570045655,0.000661754030648619,0.0590770304206123,-0.999504007781484,0.02043050297970532,0.01733319516060334,0.06391591551813018,0.000661754030648619,-1.0,0.0
322.148943901062,667.0,409.77777777777777,13.666666666666666,132.27777777777777,4.277777777777778,0.011692482536440466,0.0005482079563937104,0.05075535675613502,-0.9995891118634618,0.017348653471796146,0.006561131866035256,0.11251555077686666,0.0005482079563937104,-1.0,0.0
327.151282787323,678.0,398.2105263157895,14.105263157894736,120.89473684210526,4.421052631578948,0.014239050444920735,0.00038323305616108806,0.040772526534088804,-0.9997127624390173,0.0246991030412587,0.01733319516060334,0.06809429438948368,0.00038323305616108806,-1.0,0.0
332.22196078300476,689.0,417.1111111111111,13.722222222222221,126.61111111111111,4.222222222222222,0.014239050444920735,0.00038323305616108806,0.040772526534088804,-0.9997127624390173,0.0246991030412587,0.01733319516060334,0.06809429438948368,0.00038323305616108806,-1.0,0.0
337.2679147720337,700.0,425.77777777777777,13.722222222222221,126.61111111111111,4.222222222222222,0.014344606791871821,0.0003572226576507696,0.041227614439349636,-0.9997322575303413,0.022853971854589927,0.01733319516060334,0.06813490178469706,0.0003572226576507696,-1.0,0.0
342.3879988193512,711.0,433.27777777777777,13.722222222222221,126.61111111111111,4.222222222222222,0.014344606791871821,0.0003572226576507696,0.041227614439349636,-0.9997322575303413,0.022853971854589927,0.01733319516060334,0.06813490178469706,0.0003572226576507696,-1.0,0.0
347.61714577674866,722.0,436.1111111111111,13.722222222222221,50.166666666666664,4.222222222222222,0.013519919119243787,0.0003572226576507696,0.04099383163576387,-0.9997322575303413,0.022853971854589927,0.01733319516060334,0.06813490178469706,0.0003572226576507696,-1.0,0.0
352.9150459766388,733.0,401.75,15.1,75.15,4.65,0.009011599302096746,0.00032121137651339984,0.04099383163576387,-0.9997592483976361,0.01151175649023503,0.007237487845524054,0.06451749350960072,0.00032121137651339984,-1.0,0.0
358.12736082077026,744.0,391.42857142857144,14.523809523809524,69.47619047619048,4.523809523809524,0.00857466532642217,0.0003064570990426692,0.0403876034947277,-0.9997703068974356,0.010714487322937939,0.00634393449547724,0.060357765143431906,0.0003064570990426692,-1.0,0.0
363.5297679901123,755.0,400.57142857142856,14.523809523809524,69.47619047619048,4.523809523809524,0.008573393241488328,0.0003064435819414822,0.0403876034947277,-0.9997703170286576,0.01071132477080353,0.006340814822779665,0.06033897468849319,0.0003064435819414822,-1.0,0.0
368.86327385902405,766.0,409.4761904761905,14.523809523809524,71.66666666666667,4.523809523809524,0.008573393241488328,0.0003064435819414822,0.04099383163576387,-0.9997703170286576,0.01071132477080353,0.006340814822779665,0.06033897468849319,0.0003064435819414822,-1.0,0.0
374.22289991378784,777.0,419.76190476190476,14.523809523809524,71.66666666666667,4.523809523809524,0.008573393241488328,0.0003064435819414822,0.04099383163576387,-0.9997703170286576,0.01071132477080353,0.006340814822779665,0.06033897468849319,0.0003064435819414822,-1.0,0.0
379.5614619255066,788.0,429.3809523809524,14.523809523809524,71.66666666666667,4.523809523809524,0.008573393241488328,0.0003064435819414822,0.04099383163576387,-0.9997703170286576,0.01071132477080353,0.006340814822779665,0.06033897468849319,0.0003064435819414822,-1.0,0.0
384.86316680908203,799.0,439.2857142857143,14.523809523809524,71.66666666666667,4.523809523809524,0.008573393241488328,0.0003064435819414822,0.04099383163576387,-0.9997703170286576,0.01071132477080353,0.006340814822779665,0.06033897468849319,0.0003064435819414822,-1.0,0.0
390.12692284584045,810.0,449.4761904761905,14.523809523809524,71.66666666666667,4.523809523809524,0.008573393241488328,0.0003064435819414822,0.04099383163576387,-0.9997703170286576,0.01071132477080353,0.006340814822779665,0.06033897468849319,0.0003064435819414822,-1.0,0.0
395.3335418701172,821.0,446.5238095238095,14.523809523809524,70.57142857142857,4.476190476190476,0.008573393241488328,0.0003064435819414822,0.04099383163576387,-0.9997703170286576,0.01071132477080353,0.006340814822779665,0.06033897468849319,0.0003064435819414822,-1.0,0.0
400.6912817955017,832.0,487.3157894736842,12.947368421052632,43.1578947368421,4.105263157894737,0.005808644282682775,8.312772225005178e-5,0.024117862602730966,-0.9999376948209313,0.00479109176078624,0.005363791941956867,0.014774851799559341,8.312772225005178e-5,-1.0,0.0
405.8961429595947,843.0,493.3157894736842,12.947368421052632,43.1578947368421,4.105263157894737,0.005808644282682775,8.312772225005178e-5,0.024117862602730966,-0.9999376948209313,0.00479109176078624,0.005363791941956867,0.014774851799559341,8.312772225005178e-5,-1.0,0.0
411.1226108074188,854.0,503.94736842105266,12.947368421052632,43.1578947368421,4.105263157894737,0.005808644282682775,8.312772225005178e-5,0.024117862602730966,-0.9999376948209313,0.00479109176078624,0.005363791941956867,0.014774851799559341,8.312772225005178e-5,-1.0,0.0
416.4281978607178,865.0,514.9473684210526,12.947368421052632,43.1578947368421,4.105263157894737,0.005808644282682775,8.312772225005178e-5,0.024117862602730966,-0.9999376948209313,0.00479109176078624,0.005363791941956867,0.014774851799559341,8.312772225005178e-5,-1.0,0.0
421.5529057979584,876.0,525.9473684210526,12.947368421052632,43.1578947368421,4.105263157894737,0.005808644282682775,8.312772225005178e-5,0.024117862602730966,-0.9999376948209313,0.00479109176078624,0.005363791941956867,0.014774851799559341,8.312772225005178e-5,-1.0,0.0
426.69570684432983,887.0,536.9473684210526,12.947368421052632,43.1578947368421,4.105263157894737,0.005808644282682775,8.312772225005178e-5,0.024117862602730966,-0.9999376948209313,0.00479109176078624,0.005363791941956867,0.014774851799559341,8.312772225005178e-5,-1.0,0.0
431.8654489517212,898.0,547.9473684210526,12.947368421052632,43.1578947368421,4.105263157894737,0.005808644282682775,8.312772225005178e-5,0.024117862602730966,-0.9999376948209313,0.00479109176078624,0.005363791941956867,0.014774851799559341,8.312772225005178e-5,-1.0,0.0
437.0768668651581,909.0,558.9473684210526,12.947368421052632,43.1578947368421,4.105263157894737,0.005808644282682775,8.312772225005178e-5,0.024117862602730966,-0.9999376948209313,0.00479109176078624,0.005363791941956867,0.014774851799559341,8.312772225005178e-5,-1.0,0.0
442.26072883605957,920.0,569.9473684210526,12.947368421052632,43.1578947368421,4.105263157894737,0.005808644282682775,8.312772225005178e-5,0.024117862602730966,-0.9999376948209313,0.00479109176078624,0.005363791941956867,0.014774851799559341,8.312772225005178e-5,-1.0,0.0
447.4564599990845,931.0,580.9473684210526,12.947368421052632,43.1578947368421,4.105263157894737,0.005808644282682775,8.312772225005178e-5,0.024117862602730966,-0.9999376948209313,0.00479109176078624,0.005363791941956867,0.014774851799559341,8.312772225005178e-5,-1.0,0.0
452.72182989120483,942.0,591.9473684210526,12.947368421052632,43.1578947368421,4.105263157894737,0.005808644282682775,8.312772225005178e-5,0.024117862602730966,-0.9999376948209313,0.00479109176078624,0.005363791941956867,0.014774851799559341,8.312772225005178e-5,-1.0,0.0
457.9291579723358,953.0,602.9473684210526,12.947368421052632,43.1578947368421,4.105263157894737,0.005808644282682775,8.312772225005178e-5,0.024117862602730966,-0.9999376948209313,0.00479109176078624,0.005363791941956867,0.014774851799559341,8.312772225005178e-5,-1.0,0.0
463.21812200546265,964.0,613.9473684210526,12.947368421052632,43.1578947368421,4.105263157894737,0.005808644282682775,8.312772225005178e-5,0.024117862602730966,-0.9999376948209313,0.00479109176078624,0.005363791941956867,0.014774851799559341,8.312772225005178e-5,-1.0,0.0
468.5519149303436,975.0,624.9473684210526,12.947368421052632,43.1578947368421,4.105263157894737,0.005808644282682775,8.312772225005178e-5,0.024117862602730966,-0.9999376948209313,0.00479109176078624,0.005363791941956867,0.014774851799559341,8.312772225005178e-5,-1.0,0.0
473.7562849521637,986.0,635.9473684210526,12.947368421052632,43.1578947368421,4.105263157894737,0.005808644282682775,8.312772225005178e-5,0.024117862602730966,-0.9999376948209313,0.00479109176078624,0.005363791941956867,0.014774851799559341,8.312772225005178e-5,-1.0,0.0
479.0378987789154,997.0,646.9473684210526,12.947368421052632,43.1578947368421,4.105263157894737,0.005808644282682775,8.312772225005178e-5,0.024117862602730966,-0.9999376948209313,0.00479109176078624,0.005363791941956867,0.014774851799559341,8.312772225005178e-5,-1.0,0.0
484.396372795105,1008.0,657.9473684210526,12.947368421052632,43.1578947368421,4.105263157894737,0.005808644282682775,8.312772225005178e-5,0.024117862602730966,-0.9999376948209313,0.00479109176078624,0.005363791941956867,0.014774851799559341,8.312772225005178e-5,-1.0,0.0
489.7326509952545,1019.0,668.9473684210526,12.947368421052632,43.1578947368421,4.105263157894737,0.005808644282682775,8.312772225005178e-5,0.024117862602730966,-0.9999376948209313,0.00479109176078624,0.005363791941956867,0.014774851799559341,8.312772225005178e-5,-1.0,0.0
495.0316469669342,1030.0,679.9473684210526,12.947368421052632,43.1578947368421,4.105263157894737,0.005808644282682775,8.312772225005178e-5,0.024117862602730966,-0.9999376948209313,0.00479109176078624,0.005363791941956867,0.014774851799559341,8.312772225005178e-5,-1.0,0.0
500.43997979164124,1041.0,690.9473684210526,12.947368421052632,43.1578947368421,4.105263157894737,0.005808644282682775,8.312772225005178e-5,0.024117862602730966,-0.9999376948209313,0.00479109176078624,0.005363791941956867,0.014774851799559341,8.312772225005178e-5,-1.0,0.0
505.8139338493347,1052.0,701.9473684210526,12.947368421052632,43.1578947368421,4.105263157894737,0.005808644282682775,8.312772225005178e-5,0.024117862602730966,-0.9999376948209313,0.00479109176078624,0.005363791941956867,0.014774851799559341,8.312772225005178e-5,-1.0,0.0
511.0589768886566,1063.0,712.9473684210526,12.947368421052632,43.1578947368421,4.105263157894737,0.005808644282682775,8.312772225005178e-5,0.024117862602730966,-0.9999376948209313,0.00479109176078624,0.005363791941956867,0.014774851799559341,8.312772225005178e-5,-1.0,0.0
516.3161039352417,1074.0,723.9473684210526,12.947368421052632,43.1578947368421,4.105263157894737,0.005808644282682775,8.312772225005178e-5,0.024117862602730966,-0.9999376948209313,0.00479109176078624,0.005363791941956867,0.014774851799559341,8.312772225005178e-5,-1.0,0.0
521.6335809230804,1085.0,734.9473684210526,12.947368421052632,43.1578947368421,4.105263157894737,0.005808644282682775,8.312772225005178e-5,0.024117862602730966,-0.9999376948209313,0.00479109176078624,0.005363791941956867,0.014774851799559341,8.312772225005178e-5,-1.0,0.0
526.9409987926483,1096.0,745.9473684210526,12.947368421052632,43.1578947368421,4.105263157894737,0.005808644282682775,8.312772225005178e-5,0.024117862602730966,-0.9999376948209313,0.00479109176078624,0.005363791941956867,0.014774851799559341,8.312772225005178e-5,-1.0,0.0
532.3342549800873,1107.0,719.35,13.8,48.05,4.4,0.0023157047034187486,1.6592640294813365e-5,0.010849581147138965,-0.9999875636262271,0.004188288104656983,0.003149284491916092,0.014774851799559341,1.6592640294813365e-5,-1.0,0.0
537.6029880046844,1118.0,730.35,13.8,48.05,4.4,0.0023157047034187486,1.6592640294813365e-5,0.010849581147138965,-0.9999875636262271,0.004188288104656983,0.003149284491916092,0.014774851799559341,1.6592640294813365e-5,-1.0,0.0
542.8789429664612,1129.0,741.35,13.8,48.05,4.4,0.0023157047034187486,1.6592640294813365e-5,0.010849581147138965,-0.9999875636262271,0.004188288104656983,0.003149284491916092,0.014774851799559341,1.6592640294813365e-5,-1.0,0.0
548.2602298259735,1140.0,737.9,13.8,45.15,4.4,0.0023157047034187486,1.6592640294813365e-5,0.010849581147138965,-0.9999875636262271,0.004188288104656983,0.003149284491916092,0.014774851799559341,1.6592640294813365e-5,-1.0,0.0
553.6394779682159,1151.0,748.9,13.8,45.15,4.4,0.0023157047034187486,1.6592640294813365e-5,0.010849581147138965,-0.9999875636262271,0.004188288104656983,0.003149284491916092,0.014774851799559341,1.6592640294813365e-5,-1.0,0.0
559.0667328834534,1162.0,759.9,13.8,45.15,4.4,0.0023157047034187486,1.6592640294813365e-5,0.010849581147138965,-0.9999875636262271,0.004188288104656983,0.003149284491916092,0.014774851799559341,1.6592640294813365e-5,-1.0,0.0
564.5224578380585,1173.0,734.3809523809524,14.380952380952381,45.095238095238095,4.619047619047619,0.0023157047034187486,1.6592640294813365e-5,0.010849581147138965,-0.9999875636262271,0.004188288104656983,0.003149284491916092,0.014774851799559341,1.6592640294813365e-5,-1.0,0.0
569.9023327827454,1184.0,745.3809523809524,14.380952380952381,45.095238095238095,4.619047619047619,0.0023157047034187486,1.6592640294813365e-5,0.010849581147138965,-0.9999875636262271,0.004188288104656983,0.003149284491916092,0.014774851799559341,1.6592640294813365e-5,-1.0,0.0
575.1989529132843,1195.0,756.3809523809524,14.380952380952381,45.095238095238095,4.619047619047619,0.0023157047034187486,1.6592640294813365e-5,0.010849581147138965,-0.9999875636262271,0.004188288104656983,0.003149284491916092,0.014774851799559341,1.6592640294813365e-5,-1.0,0.0
580.6585278511047,1206.0,767.3809523809524,14.380952380952381,45.095238095238095,4.619047619047619,0.0023157047034187486,1.6592640294813365e-5,0.010849581147138965,-0.9999875636262271,0.004188288104656983,0.003149284491916092,0.014774851799559341,1.6592640294813365e-5,-1.0,0.0
586.0898649692535,1217.0,778.3809523809524,14.380952380952381,45.095238095238095,4.619047619047619,0.0023157047034187486,1.6592640294813365e-5,0.010849581147138965,-0.9999875636262271,0.004188288104656983,0.003149284491916092,0.014774851799559341,1.6592640294813365e-5,-1.0,0.0
591.5052008628845,1228.0,783.4761904761905,14.285714285714286,136.42857142857142,4.523809523809524,0.002071401602398208,1.1867239151196152e-5,0.008637038952983844,-0.9999911053684577,0.0035025180417662736,0.0027557370172270152,0.014774851799559341,1.1867239151196152e-5,-1.0,0.0
596.8782939910889,1239.0,794.2380952380952,14.285714285714286,136.42857142857142,4.523809523809524,0.0021123836180134276,1.1290550666518815e-5,0.006982609808068141,-0.9999915376030761,0.003162604775852563,0.002903746016952829,0.014774851799559341,1.1290550666518815e-5,-1.0,0.0
602.35613489151,1250.0,805.2380952380952,14.285714285714286,136.42857142857142,4.523809523809524,0.0021123836180134276,1.1290550666518815e-5,0.006982609808068141,-0.9999915376030761,0.003162604775852563,0.002903746016952829,0.014774851799559341,1.1290550666518815e-5,-1.0,0.0
607.7243278026581,1261.0,816.2380952380952,14.285714285714286,136.42857142857142,4.523809523809524,0.0021123836180134276,1.1290550666518815e-5,0.006982609808068141,-0.9999915376030761,0.003162604775852563,0.002903746016952829,0.014774851799559341,1.1290550666518815e-5,-1.0,0.0
613.1647198200226,1272.0,827.2380952380952,14.285714285714286,136.42857142857142,4.523809523809524,0.0021123836180134276,1.1290550666518815e-5,0.006982609808068141,-0.9999915376030761,0.003162604775852563,0.002903746016952829,0.014774851799559341,1.1290550666518815e-5,-1.0,0.0
618.5316979885101,1283.0,838.2380952380952,14.285714285714286,136.42857142857142,4.523809523809524,0.0021123836180134276,1.1290550666518815e-5,0.006982609808068141,-0.9999915376030761,0.003162604775852563,0.002903746016952829,0.014774851799559341,1.1290550666518815e-5,-1.0,0.0
623.9112329483032,1294.0,862.2,13.65,132.7,4.35,0.0021123836180134276,1.1290550666518815e-5,0.006982609808068141,-0.9999915376030761,0.003162604775852563,0.002903746016952829,0.015479197440963172,1.1290550666518815e-5,-1.0,0.0
629.3907248973846,1305.0,873.2,13.65,132.7,4.35,0.0021123836180134276,1.1290550666518815e-5,0.006982609808068141,-0.9999915376030761,0.003162604775852563,0.002903746016952829,0.015479197440963172,1.1290550666518815e-5,-1.0,0.0
634.8778078556061,1316.0,884.2,13.65,132.7,4.35,0.0021123836180134276,1.1290550666518815e-5,0.006982609808068141,-0.9999915376030761,0.003162604775852563,0.002903746016952829,0.015479197440963172,1.1290550666518815e-5,-1.0,0.0
639.9258549213409,1326.0,894.2,13.65,132.7,4.35,0.0021123836180134276,1.1290550666518815e-5,0.006982609808068141,-0.9999915376030761,0.003162604775852563,0.002903746016952829,0.015479197440963172,1.1290550666518815e-5,-1.0,0.0
645.0371868610382,1336.0,904.2,13.65,132.7,4.35,0.0021123836180134276,1.1290550666518815e-5,0.006982609808068141,-0.9999915376030761,0.003162604775852563,0.002903746016952829,0.015479197440963172,1.1290550666518815e-5,-1.0,0.0
650.0505509376526,1346.0,889.45,13.65,132.7,4.35,0.0021123836180134276,1.1290550666518815e-5,0.006982609808068141,-0.9999915376030761,0.003162604775852563,0.002903746016952829,0.015479197440963172,1.1290550666518815e-5,-1.0,0.0
655.4456558227539,1357.0,900.45,13.65,132.7,4.35,0.0021123836180134276,1.1290550666518815e-5,0.006982609808068141,-0.9999915376030761,0.003162604775852563,0.002903746016952829,0.015479197440963172,1.1290550666518815e-5,-1.0,0.0
660.8672018051147,1368.0,911.45,13.65,132.7,4.35,0.0021123836180134276,1.1290550666518815e-5,0.006982609808068141,-0.9999915376030761,0.003162604775852563,0.002903746016952829,0.015479197440963172,1.1290550666518815e-5,-1.0,0.0
666.3348438739777,1379.0,878.6190476190476,14.428571428571429,133.33333333333334,4.571428571428571,0.0011861156312238455,2.899208298597243e-6,0.0033602356048455517,-0.9999978270102041,0.0020417785277317287,0.002903746016952829,0.007449041519613295,2.899208298597243e-6,-1.0,0.0
671.349996805191,1389.0,888.6190476190476,14.428571428571429,133.33333333333334,4.571428571428571,0.0011861156312238455,2.899208298597243e-6,0.0033602356048455517,-0.9999978270102041,0.0020417785277317287,0.002903746016952829,0.007449041519613295,2.899208298597243e-6,-1.0,0.0
676.4161419868469,1399.0,898.6190476190476,14.428571428571429,133.33333333333334,4.571428571428571,0.0011861156312238455,2.899208298597243e-6,0.0033602356048455517,-0.9999978270102041,0.0020417785277317287,0.002903746016952829,0.007449041519613295,2.899208298597243e-6,-1.0,0.0
681.849221944809,1410.0,909.6190476190476,14.428571428571429,133.33333333333334,4.571428571428571,0.0011861156312238455,2.899208298597243e-6,0.0033602356048455517,-0.9999978270102041,0.0020417785277317287,0.002903746016952829,0.007449041519613295,2.899208298597243e-6,-1.0,0.0
687.3425137996674,1421.0,886.7619047619048,14.428571428571429,134.47619047619048,4.523809523809524,0.0011861156312238455,2.899208298597243e-6,0.0033602356048455517,-0.9999978270102041,0.0020417785277317287,0.002903746016952829,0.007449041519613295,2.899208298597243e-6,-1.0,0.0
692.4306039810181,1431.0,896.7619047619048,14.428571428571429,134.47619047619048,4.523809523809524,0.0011861156312238455,2.899208298597243e-6,0.0033602356048455517,-0.9999978270102041,0.0020417785277317287,0.002903746016952829,0.007449041519613295,2.899208298597243e-6,-1.0,0.0
697.5099079608917,1441.0,906.7619047619048,14.428571428571429,134.47619047619048,4.523809523809524,0.0011861156312238455,2.899208298597243e-6,0.0033602356048455517,-0.9999978270102041,0.0020417785277317287,0.002903746016952829,0.007449041519613295,2.899208298597243e-6,-1.0,0.0
702.5734398365021,1451.0,911.6190476190476,14.380952380952381,132.14285714285714,4.571428571428571,0.0011861156312238455,2.899208298597243e-6,0.0033602356048455517,-0.9999978270102041,0.0020417785277317287,0.002903746016952829,0.007449041519613295,2.899208298597243e-6,-1.0,0.0
707.6549758911133,1461.0,910.7142857142857,14.380952380952381,36.476190476190474,4.619047619047619,0.0011861156312238455,2.899208298597243e-6,0.0033602356048455517,-0.9999978270102041,0.0020417785277317287,0.0031386570498666186,0.007449041519613295,2.899208298597243e-6,-1.0,0.0
712.7380638122559,1471.0,920.7142857142857,14.380952380952381,36.476190476190474,4.619047619047619,0.0011861156312238455,2.899208298597243e-6,0.0033602356048455517,-0.9999978270102041,0.0020417785277317287,0.0031386570498666186,0.007449041519613295,2.899208298597243e-6,-1.0,0.0
717.8146347999573,1481.0,921.7142857142857,14.380952380952381,36.476190476190474,4.619047619047619,0.0011861156312238455,2.899208298597243e-6,0.0033602356048455517,-0.9999978270102041,0.0020417785277317287,0.0031386570498666186,0.007449041519613295,2.899208298597243e-6,-1.0,0.0
722.8575429916382,1491.0,930.4285714285714,14.380952380952381,36.476190476190474,4.619047619047619,0.0011861156312238455,2.899208298597243e-6,0.0033602356048455517,-0.9999978270102041,0.0020417785277317287,0.0031383790605264217,0.007449041519613295,2.899208298597243e-6,-1.0,0.0
727.939859867096,1501.0,937.9047619047619,14.380952380952381,36.476190476190474,4.619047619047619,0.0011861156312238455,2.899208298597243e-6,0.0033602356048455517,-0.9999978270102041,0.0020417785277317287,0.0031383790605264217,0.007449041519613295,2.899208298597243e-6,-1.0,0.0
733.0156018733978,1511.0,947.9047619047619,14.380952380952381,36.476190476190474,4.619047619047619,0.0011861156312238455,2.899208298597243e-6,0.0033602356048455517,-0.9999978270102041,0.0020417785277317287,0.0031383790605264217,0.007449041519613295,2.899208298597243e-6,-1.0,0.0
738.1391749382019,1521.0,957.9047619047619,14.380952380952381,36.476190476190474,4.619047619047619,0.0011861156312238455,2.899208298597243e-6,0.0033602356048455517,-0.9999978270102041,0.0020417785277317287,0.0031383790605264217,0.007449041519613295,2.899208298597243e-6,-1.0,0.0
743.2897608280182,1531.0,965.8571428571429,14.380952380952381,36.476190476190474,4.619047619047619,0.0011861156312238455,2.899208298597243e-6,0.0033602356048455517,-0.9999978270102041,0.0020417785277317287,0.0031731936708410476,0.007449041519613295,2.899208298597243e-6,-1.0,0.0
748.3958628177643,1541.0,975.8571428571429,14.380952380952381,36.476190476190474,4.619047619047619,0.0011861156312238455,2.899208298597243e-6,0.0033602356048455517,-0.9999978270102041,0.0020417785277317287,0.0031731936708410476,0.007449041519613295,2.899208298597243e-6,-1.0,0.0
753.5431699752808,1551.0,1025.7,13.6,35.5,4.4,0.0011051897840412203,2.0841365275766165e-6,0.003008290164671079,-0.9999984379158235,0.0016899805537281029,0.003464391055594865,0.00404579810600589,2.0841365275766165e-6,-1.0,0.0
758.6165008544922,1561.0,1035.7,13.6,35.5,4.4,0.0011051897840412203,2.0841365275766165e-6,0.003008290164671079,-0.9999984379158235,0.0016899805537281029,0.003464391055594865,0.00404579810600589,2.0841365275766165e-6,-1.0,0.0
763.7285258769989,1571.0,1045.7,13.6,35.5,4.4,0.0011051897840412203,2.0841365275766165e-6,0.003008290164671079,-0.9999984379158235,0.0016899805537281029,0.003464391055594865,0.00404579810600589,2.0841365275766165e-6,-1.0,0.0
768.7289478778839,1581.0,1055.7,13.6,35.5,4.4,0.0011051897840412203,2.0841365275766165e-6,0.003008290164671079,-0.9999984379158235,0.0016899805537281029,0.003464391055594865,0.00404579810600589,2.0841365275766165e-6,-1.0,0.0
773.7355608940125,1591.0,1065.7,13.6,35.5,4.4,0.0011051897840412203,2.0841365275766165e-6,0.003008290164671079,-0.9999984379158235,0.0016899805537281029,0.003464391055594865,0.00404579810600589,2.0841365275766165e-6,-1.0,0.0
778.7412579059601,1601.0,1075.7,13.6,35.5,4.4,0.0011051897840412203,2.0841365275766165e-6,0.003008290164671079,-0.9999984379158235,0.0016899805537281029,0.003464391055594865,0.00404579810600589,2.0841365275766165e-6,-1.0,0.0
783.8137919902802,1611.0,1085.7,13.6,35.5,4.4,0.0011051897840412203,2.0841365275766165e-6,0.003008290164671079,-0.9999984379158235,0.0016899805537281029,0.003464391055594865,0.00404579810600589,2.0841365275766165e-6,-1.0,0.0
788.8480777740479,1621.0,1095.7,13.6,35.5,4.4,0.0011051897840412203,2.0841365275766165e-6,0.003008290164671079,-0.9999984379158235,0.0016899805537281029,0.003464391055594865,0.00404579810600589,2.0841365275766165e-6,-1.0,0.0
793.9204108715057,1631.0,1105.7,13.6,35.5,4.4,0.0011051897840412203,2.0841365275766165e-6,0.003008290164671079,-0.9999984379158235,0.0016899805537281029,0.003464391055594865,0.00404579810600589,2.0841365275766165e-6,-1.0,0.0
799.0646018981934,1641.0,1115.7,13.6,35.5,4.4,0.0011051897840412203,2.0841365275766165e-6,0.003008290164671079,-0.9999984379158235,0.0016899805537281029,0.003464391055594865,0.00404579810600589,2.0841365275766165e-6,-1.0,0.0
804.1109819412231,1651.0,1125.7,13.6,35.5,4.4,0.0011051897840412203,2.0841365275766165e-6,0.003008290164671079,-0.9999984379158235,0.0016899805537281029,0.003464391055594865,0.00404579810600589,2.0841365275766165e-6,-1.0,0.0
809.1510639190674,1661.0,1135.7,13.6,35.5,4.4,0.0011051897840412203,2.0841365275766165e-6,0.003008290164671079,-0.9999984379158235,0.0016899805537281029,0.003464391055594865,0.00404579810600589,2.0841365275766165e-6,-1.0,0.0
814.1820328235626,1671.0,1145.7,13.6,35.5,4.4,0.0011051897840412203,2.0841365275766165e-6,0.003008290164671079,-0.9999984379158235,0.0016899805537281029,0.003464391055594865,0.00404579810600589,2.0841365275766165e-6,-1.0,0.0
819.2557737827301,1681.0,1155.7,13.6,35.5,4.4,0.0011051897840412203,2.0841365275766165e-6,0.003008290164671079,-0.9999984379158235,0.0016899805537281029,0.003464391055594865,0.00404579810600589,2.0841365275766165e-6,-1.0,0.0
824.2899169921875,1691.0,1165.7,13.6,35.5,4.4,0.0011051897840412203,2.0841365275766165e-6,0.003008290164671079,-0.9999984379158235,0.0016899805537281029,0.003464391055594865,0.00404579810600589,2.0841365275766165e-6,-1.0,0.0
829.3840689659119,1701.0,1175.7,13.6,35.5,4.4,0.0011051897840412203,2.0841365275766165e-6,0.003008290164671079,-0.9999984379158235,0.0016899805537281029,0.003464391055594865,0.00404579810600589,2.0841365275766165e-6,-1.0,0.0
834.4640309810638,1711.0,1185.7,13.6,35.5,4.4,0.0011051897840412203,2.0841365275766165e-6,0.003008290164671079,-0.9999984379158235,0.0016899805537281029,0.003464391055594865,0.00404579810600589,2.0841365275766165e-6,-1.0,0.0
839.4885449409485,1721.0,1195.7,13.6,35.5,4.4,0.0011051897840412203,2.0841365275766165e-6,0.003008290164671079,-0.9999984379158235,0.0016899805537281029,0.003464391055594865,0.00404579810600589,2.0841365275766165e-6,-1.0,0.0
844.5959069728851,1731.0,1196.7,13.6,30.75,4.45,0.0010705281658641014,2.0450280392322476e-6,0.0030216606480112373,-0.999998467228083,0.0014657215548076004,0.0019448439072629682,0.004063779840882821,2.0450280392322476e-6,-1.0,0.0
849.7245409488678,1741.0,1206.7,13.6,30.75,4.45,0.0010705281658641014,2.0450280392322476e-6,0.0030216606480112373,-0.999998467228083,0.0014657215548076004,0.0019448439072629682,0.004063779840882821,2.0450280392322476e-6,-1.0,0.0
854.8188669681549,1751.0,1204.45,13.6,30.75,4.45,0.0010705281658641014,2.0450280392322476e-6,0.0030216606480112373,-0.999998467228083,0.0014657215548076004,0.0019448439072629682,0.004063779840882821,2.0450280392322476e-6,-1.0,0.0
859.8878638744354,1761.0,1214.45,13.6,30.75,4.45,0.0010705281658641014,2.0450280392322476e-6,0.0030216606480112373,-0.999998467228083,0.0014657215548076004,0.0019448439072629682,0.004063779840882821,2.0450280392322476e-6,-1.0,0.0
864.9669909477234,1771.0,1224.45,13.6,30.75,4.45,0.0010705281658641014,2.0450280392322476e-6,0.0030216606480112373,-0.999998467228083,0.0014657215548076004,0.0019448439072629682,0.004063779840882821,2.0450280392322476e-6,-1.0,0.0
870.0316588878632,1781.0,1234.45,13.6,30.75,4.45,0.0010705281658641014,2.0450280392322476e-6,0.0030216606480112373,-0.999998467228083,0.0014657215548076004,0.0019448439072629682,0.004063779840882821,2.0450280392322476e-6,-1.0,0.0
875.1259038448334,1791.0,1244.45,13.6,30.75,4.45,0.0010705281658641014,2.0450280392322476e-6,0.0030216606480112373,-0.999998467228083,0.0014657215548076004,0.0019448439072629682,0.004063779840882821,2.0450280392322476e-6,-1.0,0.0
880.170756816864,1801.0,1254.45,13.6,30.75,4.45,0.0010705281658641014,2.0450280392322476e-6,0.0030216606480112373,-0.999998467228083,0.0014657215548076004,0.0019448439072629682,0.004063779840882821,2.0450280392322476e-6,-1.0,0.0
885.3253839015961,1811.0,1264.45,13.6,30.75,4.45,0.0010705281658641014,2.0450280392322476e-6,0.0030216606480112373,-0.999998467228083,0.0014657215548076004,0.0019448439072629682,0.004063779840882821,2.0450280392322476e-6,-1.0,0.0
890.4405407905579,1821.0,1269.9,13.6,30.0,4.45,0.000844938513415168,1.6834724390729996e-6,0.003064127372618075,-0.9999987382181427,0.0012864636175245494,0.00196152947198654,0.0041208926141120625,1.6834724390729996e-6,-1.0,0.0
895.496593952179,1831.0,1279.9,13.6,30.0,4.45,0.000844938513415168,1.6834724390729996e-6,0.003064127372618075,-0.9999987382181427,0.0012864636175245494,0.00196152947198654,0.0041208926141120625,1.6834724390729996e-6,-1.0,0.0
900.5662789344788,1841.0,1289.9,13.6,30.0,4.45,0.000844938513415168,1.6834724390729996e-6,0.003064127372618075,-0.9999987382181427,0.0012864636175245494,0.00196152947198654,0.0041208926141120625,1.6834724390729996e-6,-1.0,0.0
905.6822078227997,1851.0,1299.9,13.6,30.0,4.45,0.000844938513415168,1.6834724390729996e-6,0.003064127372618075,-0.9999987382181427,0.0012864636175245494,0.00196152947198654,0.0041208926141120625,1.6834724390729996e-6,-1.0,0.0
910.7866249084473,1861.0,1309.9,13.6,30.0,4.45,0.000844938513415168,1.6834724390729996e-6,0.003064127372618075,-0.9999987382181427,0.0012864636175245494,0.00196152947198654,0.0041208926141120625,1.6834724390729996e-6,-1.0,0.0
915.911269903183,1871.0,1319.9,13.6,30.0,4.45,0.000844938513415168,1.6834724390729996e-6,0.003064127372618075,-0.9999987382181427,0.0012864636175245494,0.00196152947198654,0.0041208926141120625,1.6834724390729996e-6,-1.0,0.0
921.0771868228912,1881.0,1329.9,13.6,30.0,4.45,0.000844938513415168,1.6834724390729996e-6,0.003064127372618075,-0.9999987382181427,0.0012864636175245494,0.00196152947198654,0.0041208926141120625,1.6834724390729996e-6,-1.0,0.0
926.154620885849,1891.0,1339.9,13.6,30.0,4.45,0.000844938513415168,1.6834724390729996e-6,0.003064127372618075,-0.9999987382181427,0.0012864636175245494,0.00196152947198654,0.0041208926141120625,1.6834724390729996e-6,-1.0,0.0
931.2801167964935,1901.0,1349.9,13.6,30.0,4.45,0.000844938513415168,1.6834724390729996e-6,0.003064127372618075,-0.9999987382181427,0.0012864636175245494,0.00196152947198654,0.0041208926141120625,1.6834724390729996e-6,-1.0,0.0
936.3997538089752,1911.0,1359.9,13.6,30.0,4.45,0.000844938513415168,1.6834724390729996e-6,0.003064127372618075,-0.9999987382181427,0.0012864636175245494,0.00196152947198654,0.0041208926141120625,1.6834724390729996e-6,-1.0,0.0
941.4714648723602,1921.0,1284.095238095238,14.380952380952381,809.2857142857143,4.666666666666667,0.0005254134815743661,6.241166223127227e-7,0.0019109122331181227,-0.9999995322174497,0.0007719866522337443,0.0011010307449254783,0.0025699532526105564,6.241166223127227e-7,-1.0,0.0
946.6297228336334,1931.0,1294.095238095238,14.380952380952381,809.2857142857143,4.666666666666667,0.0005254134815743661,6.241166223127227e-7,0.0019109122331181227,-0.9999995322174497,0.0007719866522337443,0.0011010307449254783,0.0025699532526105564,6.241166223127227e-7,-1.0,0.0
951.7330358028412,1941.0,1304.095238095238,14.380952380952381,809.2857142857143,4.666666666666667,0.0005254134815743661,6.241166223127227e-7,0.0019109122331181227,-0.9999995322174497,0.0007719866522337443,0.0011010307449254783,0.0025699532526105564,6.241166223127227e-7,-1.0,0.0
956.8956308364868,1951.0,1314.095238095238,14.380952380952381,809.2857142857143,4.666666666666667,0.0005254134815743661,6.241166223127227e-7,0.0019109122331181227,-0.9999995322174497,0.0007719866522337443,0.0011010307449254783,0.0025699532526105564,6.241166223127227e-7,-1.0,0.0
962.0686287879944,1961.0,1324.095238095238,14.380952380952381,809.2857142857143,4.666666666666667,0.0005254134815743661,6.241166223127227e-7,0.0019109122331181227,-0.9999995322174497,0.0007719866522337443,0.0011010307449254783,0.0025699532526105564,6.241166223127227e-7,-1.0,0.0
967.2324419021606,1971.0,1334.095238095238,14.380952380952381,809.2857142857143,4.666666666666667,0.0005254134815743661,6.241166223127227e-7,0.0019109122331181227,-0.9999995322174497,0.0007719866522337443,0.0011010307449254783,0.0025699532526105564,6.241166223127227e-7,-1.0,0.0
972.3709697723389,1981.0,1344.095238095238,14.380952380952381,809.2857142857143,4.666666666666667,0.0005254134815743661,6.241166223127227e-7,0.0019109122331181227,-0.9999995322174497,0.0007719866522337443,0.0011010307449254783,0.0025699532526105564,6.241166223127227e-7,-1.0,0.0
977.4413559436798,1991.0,1354.095238095238,14.380952380952381,809.2857142857143,4.666666666666667,0.0005254134815743661,6.241166223127227e-7,0.0019109122331181227,-0.9999995322174497,0.0007719866522337443,0.0011010307449254783,0.0025699532526105564,6.241166223127227e-7,-1.0,0.0
982.5895149707794,2001.0,1364.095238095238,14.380952380952381,809.2857142857143,4.666666666666667,0.0005254134815743661,6.241166223127227e-7,0.0019109122331181227,-0.9999995322174497,0.0007719866522337443,0.0011010307449254783,0.0025699532526105564,6.241166223127227e-7,-1.0,0.0
987.6912348270416,2011.0,1374.095238095238,14.380952380952381,809.2857142857143,4.666666666666667,0.0005254134815743661,6.241166223127227e-7,0.0019109122331181227,-0.9999995322174497,0.0007719866522337443,0.0011010307449254783,0.0025699532526105564,6.241166223127227e-7,-1.0,0.0
992.8504629135132,2021.0,1384.095238095238,14.380952380952381,809.2857142857143,4.666666666666667,0.0005254134815743661,6.241166223127227e-7,0.0019109122331181227,-0.9999995322174497,0.0007719866522337443,0.0011010307449254783,0.0025699532526105564,6.241166223127227e-7,-1.0,0.0
998.034099817276,2031.0,1394.095238095238,14.380952380952381,809.2857142857143,4.666666666666667,0.0005254134815743661,6.241166223127227e-7,0.0019109122331181227,-0.9999995322174497,0.0007719866522337443,0.0011010307449254783,0.0025699532526105564,6.241166223127227e-7,-1.0,0.0
1003.2210218906403,2041.0,1390.095238095238,14.380952380952381,809.2857142857143,4.666666666666667,0.0005254134815743661,6.241166223127227e-7,0.0019109122331181227,-0.9999995322174497,0.0007719866522337443,0.0011010307449254783,0.0025699532526105564,6.241166223127227e-7,-1.0,0.0
1008.3819007873535,2051.0,1399.8095238095239,14.380952380952381,809.2857142857143,4.666666666666667,0.0005254134815743661,6.241166223127227e-7,0.0019109122331181227,-0.9999995322174497,0.0007719866522337443,0.0011010307449254783,0.0025699532526105564,6.241166223127227e-7,-1.0,0.0
1013.587662935257,2061.0,1409.8095238095239,14.380952380952381,809.2857142857143,4.666666666666667,0.0005254134815743661,6.241166223127227e-7,0.0019109122331181227,-0.9999995322174497,0.0007719866522337443,0.0011010307449254783,0.0025699532526105564,6.241166223127227e-7,-1.0,0.0
1018.7805168628693,2071.0,1419.8095238095239,14.380952380952381,809.2857142857143,4.666666666666667,0.0005254134815743661,6.241166223127227e-7,0.0019109122331181227,-0.9999995322174497,0.0007719866522337443,0.0011010307449254783,0.0025699532526105564,6.241166223127227e-7,-1.0,0.0
1023.9826979637146,2081.0,1429.8095238095239,14.380952380952381,809.2857142857143,4.666666666666667,0.0005254134815743661,6.241166223127227e-7,0.0019109122331181227,-0.9999995322174497,0.0007719866522337443,0.0011010307449254783,0.0025699532526105564,6.241166223127227e-7,-1.0,0.0
1029.1624388694763,2091.0,1439.8095238095239,14.380952380952381,809.2857142857143,4.666666666666667,0.0005254134815743661,6.241166223127227e-7,0.0019109122331181227,-0.9999995322174497,0.0007719866522337443,0.0011010307449254783,0.0025699532526105564,6.241166223127227e-7,-1.0,0.0
1034.3259489536285,2101.0,1449.8095238095239,14.380952380952381,809.2857142857143,4.666666666666667,0.0005254134815743661,6.241166223127227e-7,0.0019109122331181227,-0.9999995322174497,0.0007719866522337443,0.0011010307449254783,0.0025699532526105564,6.241166223127227e-7,-1.0,0.0
1039.498638868332,2111.0,1446.142857142857,14.380952380952381,810.0,4.666666666666667,0.0005254134815743661,6.241166223127227e-7,0.0019109122331181227,-0.9999995322174497,0.0007719866522337443,0.0011010307449254783,0.0025699532526105564,6.241166223127227e-7,-1.0,0.0
1044.6112668514252,2121.0,1456.142857142857,14.380952380952381,810.0,4.666666666666667,0.0005254134815743661,6.241166223127227e-7,0.0019109122331181227,-0.9999995322174497,0.0007719866522337443,0.0011010307449254783,0.0025699532526105564,6.241166223127227e-7,-1.0,0.0
1049.797465801239,2131.0,1466.142857142857,14.380952380952381,810.0,4.666666666666667,0.0005254134815743661,6.241166223127227e-7,0.0019109122331181227,-0.9999995322174497,0.0007719866522337443,0.0011010307449254783,0.0025699532526105564,6.241166223127227e-7,-1.0,0.0
1054.9309678077698,2141.0,1476.142857142857,14.380952380952381,810.0,4.666666666666667,0.0005254134815743661,6.241166223127227e-7,0.0019109122331181227,-0.9999995322174497,0.0007719866522337443,0.0011010307449254783,0.0025699532526105564,6.241166223127227e-7,-1.0,0.0
1060.122538805008,2151.0,1486.142857142857,14.380952380952381,810.0,4.666666666666667,0.0005254134815743661,6.241166223127227e-7,0.0019109122331181227,-0.9999995322174497,0.0007719866522337443,0.0011010307449254783,0.0025699532526105564,6.241166223127227e-7,-1.0,0.0
1065.2643699645996,2161.0,1496.142857142857,14.380952380952381,810.0,4.666666666666667,0.0005254134815743661,6.241166223127227e-7,0.0019109122331181227,-0.9999995322174497,0.0007719866522337443,0.0011010307449254783,0.0025699532526105564,6.241166223127227e-7,-1.0,0.0
1070.4040429592133,2171.0,1506.142857142857,14.380952380952381,810.0,4.666666666666667,0.0005254134815743661,6.241166223127227e-7,0.0019109122331181227,-0.9999995322174497,0.0007719866522337443,0.0011010307449254783,0.0025699532526105564,6.241166223127227e-7,-1.0,0.0
1075.5644099712372,2181.0,1516.142857142857,14.380952380952381,810.0,4.666666666666667,0.0005254134815743661,6.241166223127227e-7,0.0019109122331181227,-0.9999995322174497,0.0007719866522337443,0.0011010307449254783,0.0025699532526105564,6.241166223127227e-7,-1.0,0.0
1080.6875598430634,2191.0,1460.1904761904761,14.380952380952381,810.0,4.666666666666667,0.0005254134815743661,6.241166223127227e-7,0.0019109122331181227,-0.9999995322174497,0.0007719866522337443,0.0011010307449254783,0.0025699532526105564,6.241166223127227e-7,-1.0,0.0
1085.8033847808838,2201.0,1470.047619047619,14.380952380952381,810.0,4.666666666666667,0.0005254134815743661,6.241166223127227e-7,0.0019109122331181227,-0.9999995322174497,0.0007719866522337443,0.0011010307449254783,0.0025699532526105564,6.241166223127227e-7,-1.0,0.0
1090.973671913147,2211.0,1480.047619047619,14.380952380952381,810.0,4.666666666666667,0.0005254134815743661,6.241166223127227e-7,0.0019109122331181227,-0.9999995322174497,0.0007719866522337443,0.0011010307449254783,0.0025699532526105564,6.241166223127227e-7,-1.0,0.0
1096.0423228740692,2221.0,1490.047619047619,14.380952380952381,810.0,4.666666666666667,0.0005254134815743661,6.241166223127227e-7,0.0019109122331181227,-0.9999995322174497,0.0007719866522337443,0.0011010307449254783,0.0025699532526105564,6.241166223127227e-7,-1.0,0.0
1101.1373219490051,2231.0,1500.047619047619,14.380952380952381,810.0,4.666666666666667,0.0005254134815743661,6.241166223127227e-7,0.0019109122331181227,-0.9999995322174497,0.0007719866522337443,0.0011010307449254783,0.0025699532526105564,6.241166223127227e-7,-1.0,0.0
1106.156180858612,2241.0,1500.7619047619048,14.380952380952381,810.0,4.666666666666667,0.0005254134815743661,6.241166223127227e-7,0.0019109122331181227,-0.9999995322174497,0.0007719866522337443,0.0011010307449254783,0.0025699532526105564,6.241166223127227e-7,-1.0,0.0
1111.3482148647308,2251.0,1510.7619047619048,14.380952380952381,810.0,4.666666666666667,0.0005254134815743661,6.241166223127227e-7,0.0019109122331181227,-0.9999995322174497,0.0007719866522337443,0.0011010307449254783,0.0025699532526105564,6.241166223127227e-7,-1.0,0.0
1116.4010028839111,2261.0,1504.6666666666667,14.380952380952381,857.2380952380952,4.619047619047619,0.0005254134815743661,6.241166223127227e-7,0.0019109122331181227,-0.9999995322174497,0.0007719866522337443,0.0011010307449254783,0.0025699532526105564,6.241166223127227e-7,-1.0,0.0
1121.495936870575,2271.0,1514.6666666666667,14.380952380952381,857.2380952380952,4.619047619047619,0.0005254134815743661,6.241166223127227e-7,0.0019109122331181227,-0.9999995322174497,0.0007719866522337443,0.0011010307449254783,0.0025699532526105564,6.241166223127227e-7,-1.0,0.0
1126.60990691185,2281.0,1524.6666666666667,14.380952380952381,857.2380952380952,4.619047619047619,0.0005254134815743661,6.241166223127227e-7,0.0019109122331181227,-0.9999995322174497,0.0007719866522337443,0.0011010307449254783,0.0025699532526105564,6.241166223127227e-7,-1.0,0.0
1131.6828649044037,2291.0,1464.909090909091,14.681818181818182,821.0454545454545,4.7272727272727275,0.0005254134815743661,6.241166223127227e-7,0.0019109122331181227,-0.9999995322174497,0.0007719866522337443,0.0011010307449254783,0.0025699532526105564,6.241166223127227e-7,-1.0,0.0
1136.7510268688202,2301.0,1474.5454545454545,14.681818181818182,821.0454545454545,4.7272727272727275,0.0005254134815743661,6.241166223127227e-7,0.0019109122331181227,-0.9999995322174497,0.0007719866522337443,0.0011010307449254783,0.0025699532526105564,6.241166223127227e-7,-1.0,0.0
1141.9138689041138,2311.0,1484.1363636363637,14.681818181818182,821.0454545454545,4.7272727272727275,0.0005254134815743661,6.241166223127227e-7,0.0019109122331181227,-0.9999995322174497,0.0007719866522337443,0.0011010307449254783,0.0025699532526105564,6.241166223127227e-7,-1.0,0.0
1147.1168859004974,2321.0,1494.1363636363637,14.681818181818182,821.0454545454545,4.7272727272727275,0.0005254134815743661,6.241166223127227e-7,0.0019109122331181227,-0.9999995322174497,0.0007719866522337443,0.0011010307449254783,0.0025699532526105564,6.241166223127227e-7,-1.0,0.0
1152.256689786911,2331.0,1504.1363636363637,14.681818181818182,821.0454545454545,4.7272727272727275,0.0005254134815743661,6.241166223127227e-7,0.0019109122331181227,-0.9999995322174497,0.0007719866522337443,0.0011010307449254783,0.0025699532526105564,6.241166223127227e-7,-1.0,0.0
1157.37637591362,2341.0,1514.1363636363637,14.681818181818182,821.0454545454545,4.7272727272727275,0.0005254134815743661,6.241166223127227e-7,0.0019109122331181227,-0.9999995322174497,0.0007719866522337443,0.0011010307449254783,0.0025699532526105564,6.241166223127227e-7,-1.0,0.0
1162.4156348705292,2351.0,1524.1363636363637,14.681818181818182,821.0454545454545,4.7272727272727275,0.0005254134815743661,6.241166223127227e-7,0.0019109122331181227,-0.9999995322174497,0.0007719866522337443,0.0011010307449254783,0.0025699532526105564,6.241166223127227e-7,-1.0,0.0
1167.4297738075256,2361.0,1534.1363636363637,14.681818181818182,821.0454545454545,4.7272727272727275,0.0005254134815743661,6.241166223127227e-7,0.0019109122331181227,-0.9999995322174497,0.0007719866522337443,0.0011010307449254783,0.0025699532526105564,6.241166223127227e-7,-1.0,0.0
1172.5630679130554,2371.0,1544.1363636363637,14.681818181818182,821.0454545454545,4.7272727272727275,0.0005254134815743661,6.241166223127227e-7,0.0019109122331181227,-0.9999995322174497,0.0007719866522337443,0.0011010307449254783,0.0025699532526105564,6.241166223127227e-7,-1.0,0.0
1177.5757479667664,2381.0,1554.1363636363637,14.681818181818182,821.0454545454545,4.7272727272727275,0.0005254134815743661,6.241166223127227e-7,0.0019109122331181227,-0.9999995322174497,0.0007719866522337443,0.0011010307449254783,0.0025699532526105564,6.241166223127227e-7,-1.0,0.0
1182.6051609516144,2391.0,1557.590909090909,14.681818181818182,821.0454545454545,4.7272727272727275,0.0005254134815743661,6.241166223127227e-7,0.0019109122331181227,-0.9999995322174497,0.0007719866522337443,0.0011010307449254783,0.0025699532526105564,6.241166223127227e-7,-1.0,0.0
1187.724779844284,2401.0,1567.590909090909,14.681818181818182,821.0454545454545,4.7272727272727275,0.0005254134815743661,6.241166223127227e-7,0.0019109122331181227,-0.9999995322174497,0.0007719866522337443,0.0011010307449254783,0.0025699532526105564,6.241166223127227e-7,-1.0,0.0
1192.784415960312,2411.0,1577.590909090909,14.681818181818182,821.0454545454545,4.7272727272727275,0.0005254134815743661,6.241166223127227e-7,0.0019109122331181227,-0.9999995322174497,0.0007719866522337443,0.0011010307449254783,0.0025699532526105564,6.241166223127227e-7,-1.0,0.0
1197.8328969478607,2421.0,1587.590909090909,14.681818181818182,821.0454545454545,4.7272727272727275,0.0005254134815743661,6.241166223127227e-7,0.0019109122331181227,-0.9999995322174497,0.0007719866522337443,0.0011010307449254783,0.0025699532526105564,6.241166223127227e-7,-1.0,0.0
1202.93794298172,2431.0,1597.590909090909,14.681818181818182,821.0454545454545,4.7272727272727275,0.0005254134815743661,6.241166223127227e-7,0.0019109122331181227,-0.9999995322174497,0.0007719866522337443,0.0011010307449254783,0.0025699532526105564,6.241166223127227e-7,-1.0,0.0
1208.0758538246155,2441.0,1607.590909090909,14.681818181818182,821.0454545454545,4.7272727272727275,0.0005254134815743661,6.241166223127227e-7,0.0019109122331181227,-0.9999995322174497,0.0007719866522337443,0.0011010307449254783,0.0025699532526105564,6.241166223127227e-7,-1.0,0.0
1213.200838804245,2451.0,1617.590909090909,14.681818181818182,821.0454545454545,4.7272727272727275,0.0005254134815743661,6.241166223127227e-7,0.0019109122331181227,-0.9999995322174497,0.0007719866522337443,0.0011010307449254783,0.0025699532526105564,6.241166223127227e-7,-1.0,0.0
1218.288549900055,2461.0,1627.590909090909,14.681818181818182,821.0454545454545,4.7272727272727275,0.0005254134815743661,6.241166223127227e-7,0.0019109122331181227,-0.9999995322174497,0.0007719866522337443,0.0011010307449254783,0.0025699532526105564,6.241166223127227e-7,-1.0,0.0
1223.3272588253021,2471.0,1637.590909090909,14.681818181818182,821.0454545454545,4.7272727272727275,0.0005254134815743661,6.241166223127227e-7,0.0019109122331181227,-0.9999995322174497,0.0007719866522337443,0.0011010307449254783,0.0025699532526105564,6.241166223127227e-7,-1.0,0.0
1228.4043498039246,2481.0,1647.590909090909,14.681818181818182,821.0454545454545,4.7272727272727275,0.0005254134815743661,6.241166223127227e-7,0.0019109122331181227,-0.9999995322174497,0.0007719866522337443,0.0011010307449254783,0.0025699532526105564,6.241166223127227e-7,-1.0,0.0
1233.4871859550476,2491.0,1657.590909090909,14.681818181818182,821.0454545454545,4.7272727272727275,0.0005254134815743661,6.241166223127227e-7,0.0019109122331181227,-0.9999995322174497,0.0007719866522337443,0.0011010307449254783,0.0025699532526105564,6.241166223127227e-7,-1.0,0.0
1238.5702548027039,2501.0,1667.590909090909,14.681818181818182,821.0454545454545,4.7272727272727275,0.0005254134815743661,6.241166223127227e-7,0.0019109122331181227,-0.9999995322174497,0.0007719866522337443,0.0011010307449254783,0.0025699532526105564,6.241166223127227e-7,-1.0,0.0
1243.7032339572906,2511.0,1677.590909090909,14.681818181818182,821.0454545454545,4.7272727272727275,0.0005254134815743661,6.241166223127227e-7,0.0019109122331181227,-0.9999995322174497,0.0007719866522337443,0.0011010307449254783,0.0025699532526105564,6.241166223127227e-7,-1.0,0.0
1248.7383468151093,2521.0,1687.590909090909,14.681818181818182,821.0454545454545,4.7272727272727275,0.0005254134815743661,6.241166223127227e-7,0.0019109122331181227,-0.9999995322174497,0.0007719866522337443,0.0011010307449254783,0.0025699532526105564,6.241166223127227e-7,-1.0,0.0
1253.8479359149933,2531.0,1697.590909090909,14.681818181818182,821.0454545454545,4.7272727272727275,0.0005254134815743661,6.241166223127227e-7,0.0019109122331181227,-0.9999995322174497,0.0007719866522337443,0.0011010307449254783,0.0025699532526105564,6.241166223127227e-7,-1.0,0.0
1258.9593667984009,2541.0,1707.590909090909,14.681818181818182,821.0454545454545,4.7272727272727275,0.0005254134815743661,6.241166223127227e-7,0.0019109122331181227,-0.9999995322174497,0.0007719866522337443,0.0011010307449254783,0.0025699532526105564,6.241166223127227e-7,-1.0,0.0
1264.0605328083038,2551.0,1717.590909090909,14.681818181818182,821.0454545454545,4.7272727272727275,0.0005254134815743661,6.241166223127227e-7,0.0019109122331181227,-0.9999995322174497,0.0007719866522337443,0.0011010307449254783,0.0025699532526105564,6.241166223127227e-7,-1.0,0.0
1269.197233915329,2561.0,1727.590909090909,14.681818181818182,821.0454545454545,4.7272727272727275,0.0005254134815743661,6.241166223127227e-7,0.0019109122331181227,-0.9999995322174497,0.0007719866522337443,0.0011010307449254783,0.0025699532526105564,6.241166223127227e-7,-1.0,0.0
1274.2581508159637,2571.0,1737.590909090909,14.681818181818182,821.0454545454545,4.7272727272727275,0.0005254134815743661,6.241166223127227e-7,0.0019109122331181227,-0.9999995322174497,0.0007719866522337443,0.0011010307449254783,0.0025699532526105564,6.241166223127227e-7,-1.0,0.0
1279.4028878211975,2581.0,1747.590909090909,14.681818181818182,821.0454545454545,4.7272727272727275,0.0005254134815743661,6.241166223127227e-7,0.0019109122331181227,-0.9999995322174497,0.0007719866522337443,0.0011010307449254783,0.0025699532526105564,6.241166223127227e-7,-1.0,0.0
1284.4688029289246,2591.0,1757.590909090909,14.681818181818182,821.0454545454545,4.7272727272727275,0.0005254134815743661,6.241166223127227e-7,0.0019109122331181227,-0.9999995322174497,0.0007719866522337443,0.0011010307449254783,0.0025699532526105564,6.241166223127227e-7,-1.0,0.0
1289.524698972702,2601.0,1767.590909090909,14.681818181818182,821.0454545454545,4.7272727272727275,0.0005254134815743661,6.241166223127227e-7,0.0019109122331181227,-0.9999995322174497,0.0007719866522337443,0.0011010307449254783,0.0025699532526105564,6.241166223127227e-7,-1.0,0.0
1294.6013958454132,2611.0,1777.590909090909,14.681818181818182,821.0454545454545,4.7272727272727275,0.0005254134815743661,6.241166223127227e-7,0.0019109122331181227,-0.9999995322174497,0.0007719866522337443,0.0011010307449254783,0.0025699532526105564,6.241166223127227e-7,-1.0,0.0
1299.6516089439392,2621.0,1787.590909090909,14.681818181818182,821.0454545454545,4.7272727272727275,0.0005254134815743661,6.241166223127227e-7,0.0019109122331181227,-0.9999995322174497,0.0007719866522337443,0.0011010307449254783,0.0025699532526105564,6.241166223127227e-7,-1.0,0.0
1304.7184438705444,2631.0,1797.590909090909,14.681818181818182,821.0454545454545,4.7272727272727275,0.0005254134815743661,6.241166223127227e-7,0.0019109122331181227,-0.9999995322174497,0.0007719866522337443,0.0011010307449254783,0.0025699532526105564,6.241166223127227e-7,-1.0,0.0
1309.7719419002533,2641.0,1807.590909090909,14.681818181818182,821.0454545454545,4.7272727272727275,0.0005254134815743661,6.241166223127227e-7,0.0019109122331181227,-0.9999995322174497,0.0007719866522337443,0.0011010307449254783,0.0025699532526105564,6.241166223127227e-7,-1.0,0.0
1314.8573307991028,2651.0,1817.590909090909,14.681818181818182,821.0454545454545,4.7272727272727275,0.0005254134815743661,6.241166223127227e-7,0.0019109122331181227,-0.9999995322174497,0.0007719866522337443,0.0011010307449254783,0.0025699532526105564,6.241166223127227e-7,-1.0,0.0
1319.922240972519,2661.0,1827.590909090909,14.681818181818182,821.0454545454545,4.7272727272727275,0.0005254134815743661,6.241166223127227e-7,0.0019109122331181227,-0.9999995322174497,0.0007719866522337443,0.0011010307449254783,0.0025699532526105564,6.241166223127227e-7,-1.0,0.0
1324.9889359474182,2671.0,1837.590909090909,14.681818181818182,821.0454545454545,4.7272727272727275,0.0005254134815743661,6.241166223127227e-7,0.0019109122331181227,-0.9999995322174497,0.0007719866522337443,0.0011010307449254783,0.0025699532526105564,6.241166223127227e-7,-1.0,0.0
1330.1468918323517,2681.0,1847.590909090909,14.681818181818182,821.0454545454545,4.7272727272727275,0.0005254134815743661,6.241166223127227e-7,0.0019109122331181227,-0.9999995322174497,0.0007719866522337443,0.0011010307449254783,0.0025699532526105564,6.241166223127227e-7,-1.0,0.0
1335.2156188488007,2691.0,1857.590909090909,14.681818181818182,821.0454545454545,4.7272727272727275,0.0005254134815743661,6.241166223127227e-7,0.0019109122331181227,-0.9999995322174497,0.0007719866522337443,0.0011010307449254783,0.0025699532526105564,6.241166223127227e-7,-1.0,0.0
1340.306105852127,2701.0,1867.590909090909,14.681818181818182,821.0454545454545,4.7272727272727275,0.0005254134815743661,6.241166223127227e-7,0.0019109122331181227,-0.9999995322174497,0.0007719866522337443,0.0011010307449254783,0.0025699532526105564,6.241166223127227e-7,-1.0,0.0
1345.3390049934387,2711.0,1877.590909090909,14.681818181818182,821.0454545454545,4.7272727272727275,0.0005254134815743661,6.241166223127227e-7,0.0019109122331181227,-0.9999995322174497,0.0007719866522337443,0.0011010307449254783,0.0025699532526105564,6.241166223127227e-7,-1.0,0.0
1350.449177980423,2721.0,1887.590909090909,14.681818181818182,821.0454545454545,4.7272727272727275,0.0005254134815743661,6.241166223127227e-7,0.0019109122331181227,-0.9999995322174497,0.0007719866522337443,0.0011010307449254783,0.0025699532526105564,6.241166223127227e-7,-1.0,0.0
1355.530860900879,2731.0,1897.590909090909,14.681818181818182,821.0454545454545,4.7272727272727275,0.0005254134815743661,6.241166223127227e-7,0.0019109122331181227,-0.9999995322174497,0.0007719866522337443,0.0011010307449254783,0.0025699532526105564,6.241166223127227e-7,-1.0,0.0
1360.5811657905579,2741.0,1907.590909090909,14.681818181818182,821.0454545454545,4.7272727272727275,0.0005254134815743661,6.241166223127227e-7,0.0019109122331181227,-0.9999995322174497,0.0007719866522337443,0.0011010307449254783,0.0025699532526105564,6.241166223127227e-7,-1.0,0.0
1365.6133618354797,2751.0,1917.590909090909,14.681818181818182,821.0454545454545,4.7272727272727275,0.0005254134815743661,6.241166223127227e-7,0.0019109122331181227,-0.9999995322174497,0.0007719866522337443,0.0011010307449254783,0.0025699532526105564,6.241166223127227e-7,-1.0,0.0
1370.6918268203735,2761.0,1927.590909090909,14.681818181818182,821.0454545454545,4.7272727272727275,0.0005254134815743661,6.241166223127227e-7,0.0019109122331181227,-0.9999995322174497,0.0007719866522337443,0.0011010307449254783,0.0025699532526105564,6.241166223127227e-7,-1.0,0.0
1376.1627898216248,2772.0,1938.590909090909,14.681818181818182,821.0454545454545,4.7272727272727275,0.0005254134815743661,6.241166223127227e-7,0.0019109122331181227,-0.9999995322174497,0.0007719866522337443,0.0011010307449254783,0.0025699532526105564,6.241166223127227e-7,-1.0,0.0
1381.2144558429718,2782.0,1948.590909090909,14.681818181818182,821.0454545454545,4.7272727272727275,0.0005254134815743661,6.241166223127227e-7,0.0019109122331181227,-0.9999995322174497,0.0007719866522337443,0.0011010307449254783,0.0025699532526105564,6.241166223127227e-7,-1.0,0.0
1386.27041888237,2792.0,1958.590909090909,14.681818181818182,821.0454545454545,4.7272727272727275,0.0005254134815743661,6.241166223127227e-7,0.0019109122331181227,-0.9999995322174497,0.0007719866522337443,0.0011010307449254783,0.0025699532526105564,6.241166223127227e-7,-1.0,0.0
1391.3504118919373,2802.0,1968.590909090909,14.681818181818182,821.0454545454545,4.7272727272727275,0.0005254134815743661,6.241166223127227e-7,0.0019109122331181227,-0.9999995322174497,0.0007719866522337443,0.0011010307449254783,0.0025699532526105564,6.241166223127227e-7,-1.0,0.0
1396.4270288944244,2812.0,1978.590909090909,14.681818181818182,821.0454545454545,4.7272727272727275,0.0005254134815743661,6.241166223127227e-7,0.0019109122331181227,-0.9999995322174497,0.0007719866522337443,0.0011010307449254783,0.0025699532526105564,6.241166223127227e-7,-1.0,0.0
1401.519966840744,2822.0,1988.590909090909,14.681818181818182,821.0454545454545,4.7272727272727275,0.0005254134815743661,6.241166223127227e-7,0.0019109122331181227,-0.9999995322174497,0.0007719866522337443,0.0011010307449254783,0.0025699532526105564,6.241166223127227e-7,-1.0,0.0
1406.6329219341278,2832.0,1998.590909090909,14.681818181818182,821.0454545454545,4.7272727272727275,0.0005254134815743661,6.241166223127227e-7,0.0019109122331181227,-0.9999995322174497,0.0007719866522337443,0.0011010307449254783,0.0025699532526105564,6.241166223127227e-7,-1.0,0.0
1411.7109758853912,2842.0,2008.590909090909,14.681818181818182,821.0454545454545,4.7272727272727275,0.0005254134815743661,6.241166223127227e-7,0.0019109122331181227,-0.9999995322174497,0.0007719866522337443,0.0011010307449254783,0.0025699532526105564,6.241166223127227e-7,-1.0,0.0
1416.762708902359,2852.0,2018.590909090909,14.681818181818182,821.0454545454545,4.7272727272727275,0.0005254134815743661,6.241166223127227e-7,0.0019109122331181227,-0.9999995322174497,0.0007719866522337443,0.0011010307449254783,0.0025699532526105564,6.241166223127227e-7,-1.0,0.0
1421.798710823059,2862.0,2028.590909090909,14.681818181818182,821.0454545454545,4.7272727272727275,0.0005254134815743661,6.241166223127227e-7,0.0019109122331181227,-0.9999995322174497,0.0007719866522337443,0.0011010307449254783,0.0025699532526105564,6.241166223127227e-7,-1.0,0.0
1426.861342906952,2872.0,2038.590909090909,14.681818181818182,821.0454545454545,4.7272727272727275,0.0005254134815743661,6.241166223127227e-7,0.0019109122331181227,-0.9999995322174497,0.0007719866522337443,0.0011010307449254783,0.0025699532526105564,6.241166223127227e-7,-1.0,0.0
1431.8990499973297,2882.0,2048.590909090909,14.681818181818182,821.0454545454545,4.7272727272727275,0.0005254134815743661,6.241166223127227e-7,0.0019109122331181227,-0.9999995322174497,0.0007719866522337443,0.0011010307449254783,0.0025699532526105564,6.241166223127227e-7,-1.0,0.0
1436.9548258781433,2892.0,1969.391304347826,14.608695652173912,786.304347826087,4.695652173913044,0.0005254134815743661,6.241166223127227e-7,0.0019109122331181227,-0.9999995322174497,0.0007719866522337443,0.0011010307449254783,0.0025699532526105564,6.241166223127227e-7,-1.0,0.0
1441.9736289978027,2902.0,1979.391304347826,14.608695652173912,786.304347826087,4.695652173913044,0.0005254134815743661,6.241166223127227e-7,0.0019109122331181227,-0.9999995322174497,0.0007719866522337443,0.0011010307449254783,0.0025699532526105564,6.241166223127227e-7,-1.0,0.0
1447.4307968616486,2913.0,1990.391304347826,14.608695652173912,786.304347826087,4.695652173913044,0.0005254134815743661,6.241166223127227e-7,0.0019109122331181227,-0.9999995322174497,0.0007719866522337443,0.0011010307449254783,0.0025699532526105564,6.241166223127227e-7,-1.0,0.0
1452.9172728061676,2924.0,2001.391304347826,14.608695652173912,786.304347826087,4.695652173913044,0.0005254134815743661,6.241166223127227e-7,0.0019109122331181227,-0.9999995322174497,0.0007719866522337443,0.0011010307449254783,0.0025699532526105564,6.241166223127227e-7,-1.0,0.0
1457.9280729293823,2934.0,2011.391304347826,14.608695652173912,786.304347826087,4.695652173913044,0.0005254134815743661,6.241166223127227e-7,0.0019109122331181227,-0.9999995322174497,0.0007719866522337443,0.0011010307449254783,0.0025699532526105564,6.241166223127227e-7,-1.0,0.0
1462.9579939842224,2944.0,2021.391304347826,14.608695652173912,786.304347826087,4.695652173913044,0.0005254134815743661,6.241166223127227e-7,0.0019109122331181227,-0.9999995322174497,0.0007719866522337443,0.0011010307449254783,0.0025699532526105564,6.241166223127227e-7,-1.0,0.0
1468.0674538612366,2954.0,2006.8695652173913,14.608695652173912,786.304347826087,4.695652173913044,0.0005254134815743661,6.241166223127227e-7,0.0019109122331181227,-0.9999995322174497,0.0007719866522337443,0.0011010307449254783,0.0025699532526105564,6.241166223127227e-7,-1.0,0.0
1473.1185050010681,2964.0,2016.8695652173913,14.608695652173912,786.304347826087,4.695652173913044,0.0005254134815743661,6.241166223127227e-7,0.0019109122331181227,-0.9999995322174497,0.0007719866522337443,0.0011010307449254783,0.0025699532526105564,6.241166223127227e-7,-1.0,0.0
1478.1854169368744,2974.0,2026.8695652173913,14.608695652173912,786.304347826087,4.695652173913044,0.0005254134815743661,6.241166223127227e-7,0.0019109122331181227,-0.9999995322174497,0.0007719866522337443,0.0011010307449254783,0.0025699532526105564,6.241166223127227e-7,-1.0,0.0
1483.1939458847046,2984.0,2035.304347826087,14.608695652173912,786.304347826087,4.695652173913044,0.0005254134815743661,6.241166223127227e-7,0.0019109122331181227,-0.9999995322174497,0.0007719866522337443,0.0011010307449254783,0.0025699532526105564,6.241166223127227e-7,-1.0,0.0
1488.2244579792023,2994.0,2045.304347826087,14.608695652173912,786.304347826087,4.695652173913044,0.0005254134815743661,6.241166223127227e-7,0.0019109122331181227,-0.9999995322174497,0.0007719866522337443,0.0011010307449254783,0.0025699532526105564,6.241166223127227e-7,-1.0,0.0
1493.287134885788,3004.0,2055.304347826087,14.608695652173912,786.304347826087,4.695652173913044,0.0005254134815743661,6.241166223127227e-7,0.0019109122331181227,-0.9999995322174497,0.0007719866522337443,0.0011010307449254783,0.0025699532526105564,6.241166223127227e-7,-1.0,0.0
1498.7697818279266,3015.0,2066.304347826087,14.608695652173912,786.304347826087,4.695652173913044,0.0005254134815743661,6.241166223127227e-7,0.0019109122331181227,-0.9999995322174497,0.0007719866522337443,0.0011010307449254783,0.0025699532526105564,6.241166223127227e-7,-1.0,0.0
1503.7817058563232,3025.0,2076.304347826087,14.608695652173912,786.304347826087,4.695652173913044,0.0005254134815743661,6.241166223127227e-7,0.0019109122331181227,-0.9999995322174497,0.0007719866522337443,0.0011010307449254783,0.0025699532526105564,6.241166223127227e-7,-1.0,0.0
1509.2631118297577,3036.0,2087.304347826087,14.608695652173912,786.304347826087,4.695652173913044,0.0005254134815743661,6.241166223127227e-7,0.0019109122331181227,-0.9999995322174497,0.0007719866522337443,0.0011010307449254783,0.0025699532526105564,6.241166223127227e-7,-1.0,0.0
1514.283653974533,3046.0,2097.304347826087,14.608695652173912,786.304347826087,4.695652173913044,0.0005254134815743661,6.241166223127227e-7,0.0019109122331181227,-0.9999995322174497,0.0007719866522337443,0.0011010307449254783,0.0025699532526105564,6.241166223127227e-7,-1.0,0.0
1519.7827429771423,3057.0,2108.304347826087,14.608695652173912,786.304347826087,4.695652173913044,0.0005254134815743661,6.241166223127227e-7,0.0019109122331181227,-0.9999995322174497,0.0007719866522337443,0.0011010307449254783,0.0025699532526105564,6.241166223127227e-7,-1.0,0.0
1524.8070788383484,3067.0,2118.304347826087,14.608695652173912,786.304347826087,4.695652173913044,0.0005254134815743661,6.241166223127227e-7,0.0019109122331181227,-0.9999995322174497,0.0007719866522337443,0.0011010307449254783,0.0025699532526105564,6.241166223127227e-7,-1.0,0.0
1530.242434978485,3078.0,1954.391304347826,14.608695652173912,790.4347826086956,4.6521739130434785,0.0005254134815743661,6.241166223127227e-7,0.0019109122331181227,-0.9999995322174497,0.0007719866522337443,0.0011010307449254783,0.0025699532526105564,6.241166223127227e-7,-1.0,0.0
1535.70973777771,3089.0,1965.391304347826,14.608695652173912,790.4347826086956,4.6521739130434785,0.0005254134815743661,6.241166223127227e-7,0.0019109122331181227,-0.9999995322174497,0.0007719866522337443,0.0011010307449254783,0.0025699532526105564,6.241166223127227e-7,-1.0,0.0
1540.7642238140106,3099.0,1975.391304347826,14.608695652173912,790.4347826086956,4.6521739130434785,0.0005254134815743661,6.241166223127227e-7,0.0019109122331181227,-0.9999995322174497,0.0007719866522337443,0.0011010307449254783,0.0025699532526105564,6.241166223127227e-7,-1.0,0.0
1545.7778289318085,3109.0,1985.391304347826,14.608695652173912,790.4347826086956,4.6521739130434785,0.0005254134815743661,6.241166223127227e-7,0.0019109122331181227,-0.9999995322174497,0.0007719866522337443,0.0011010307449254783,0.0025699532526105564,6.241166223127227e-7,-1.0,0.0
1551.2548139095306,3120.0,1996.391304347826,14.608695652173912,790.4347826086956,4.6521739130434785,0.0005254134815743661,6.241166223127227e-7,0.0019109122331181227,-0.9999995322174497,0.0007719866522337443,0.0011010307449254783,0.0025699532526105564,6.241166223127227e-7,-1.0,0.0
1556.7247958183289,3131.0,2007.391304347826,14.608695652173912,790.4347826086956,4.6521739130434785,0.0005254134815743661,6.241166223127227e-7,0.0019109122331181227,-0.9999995322174497,0.0007719866522337443,0.0011010307449254783,0.0025699532526105564,6.241166223127227e-7,-1.0,0.0
1561.804929971695,3141.0,2017.391304347826,14.608695652173912,790.4347826086956,4.6521739130434785,0.0005254134815743661,6.241166223127227e-7,0.0019109122331181227,-0.9999995322174497,0.0007719866522337443,0.0011010307449254783,0.0025699532526105564,6.241166223127227e-7,-1.0,0.0
1567.2948288917542,3152.0,2028.391304347826,14.608695652173912,790.4347826086956,4.6521739130434785,0.0005254134815743661,6.241166223127227e-7,0.0019109122331181227,-0.9999995322174497,0.0007719866522337443,0.0011010307449254783,0.0025699532526105564,6.241166223127227e-7,-1.0,0.0
1572.3067507743835,3162.0,2038.391304347826,14.608695652173912,790.4347826086956,4.6521739130434785,0.0005254134815743661,6.241166223127227e-7,0.0019109122331181227,-0.9999995322174497,0.0007719866522337443,0.0011010307449254783,0.0025699532526105564,6.241166223127227e-7,-1.0,0.0
1577.3494589328766,3172.0,2048.391304347826,14.608695652173912,790.4347826086956,4.6521739130434785,0.0005254134815743661,6.241166223127227e-7,0.0019109122331181227,-0.9999995322174497,0.0007719866522337443,0.0011010307449254783,0.0025699532526105564,6.241166223127227e-7,-1.0,0.0
1582.8377017974854,3183.0,2059.391304347826,14.608695652173912,790.4347826086956,4.6521739130434785,0.0005254134815743661,6.241166223127227e-7,0.0019109122331181227,-0.9999995322174497,0.0007719866522337443,0.0011010307449254783,0.0025699532526105564,6.241166223127227e-7,-1.0,0.0
1588.3342628479004,3194.0,2070.391304347826,14.608695652173912,790.4347826086956,4.6521739130434785,0.0005254134815743661,6.241166223127227e-7,0.0019109122331181227,-0.9999995322174497,0.0007719866522337443,0.0011010307449254783,0.0025699532526105564,6.241166223127227e-7,-1.0,0.0
1593.3372938632965,3204.0,2070.9565217391305,14.608695652173912,790.4347826086956,4.6521739130434785,0.0005254134815743661,6.241166223127227e-7,0.0019109122331181227,-0.9999995322174497,0.0007719866522337443,0.0011010307449254783,0.0025699532526105564,6.241166223127227e-7,-1.0,0.0
1598.427721977234,3214.0,2080.9565217391305,14.608695652173912,790.4347826086956,4.6521739130434785,0.0005254134815743661,6.241166223127227e-7,0.0019109122331181227,-0.9999995322174497,0.0007719866522337443,0.0011010307449254783,0.0025699532526105564,6.241166223127227e-7,-1.0,0.0
1603.4506118297577,3224.0,2090.9565217391305,14.608695652173912,790.4347826086956,4.6521739130434785,0.0005254134815743661,6.241166223127227e-7,0.0019109122331181227,-0.9999995322174497,0.0007719866522337443,0.0011010307449254783,0.0025699532526105564,6.241166223127227e-7,-1.0,0.0
1608.4694528579712,3234.0,2100.9565217391305,14.608695652173912,790.4347826086956,4.6521739130434785,0.0005254134815743661,6.241166223127227e-7,0.0019109122331181227,-0.9999995322174497,0.0007719866522337443,0.0011010307449254783,0.0025699532526105564,6.241166223127227e-7,-1.0,0.0
1613.4765238761902,3244.0,2110.9565217391305,14.608695652173912,790.4347826086956,4.6521739130434785,0.0005254134815743661,6.241166223127227e-7,0.0019109122331181227,-0.9999995322174497,0.0007719866522337443,0.0011010307449254783,0.0025699532526105564,6.241166223127227e-7,-1.0,0.0
1618.4793028831482,3254.0,2120.9565217391305,14.608695652173912,790.4347826086956,4.6521739130434785,0.0005254134815743661,6.241166223127227e-7,0.0019109122331181227,-0.9999995322174497,0.0007719866522337443,0.0011010307449254783,0.0025699532526105564,6.241166223127227e-7,-1.0,0.0
1623.5559599399567,3264.0,2130.9565217391305,14.608695652173912,790.4347826086956,4.6521739130434785,0.0005254134815743661,6.241166223127227e-7,0.0019109122331181227,-0.9999995322174497,0.0007719866522337443,0.0011010307449254783,0.0025699532526105564,6.241166223127227e-7,-1.0,0.0
1628.577223777771,3274.0,2140.9565217391305,14.608695652173912,790.4347826086956,4.6521739130434785,0.0005254134815743661,6.241166223127227e-7,0.0019109122331181227,-0.9999995322174497,0.0007719866522337443,0.0011010307449254783,0.0025699532526105564,6.241166223127227e-7,-1.0,0.0
1634.0598948001862,3285.0,2151.9565217391305,14.608695652173912,790.4347826086956,4.6521739130434785,0.0005254134815743661,6.241166223127227e-7,0.0019109122331181227,-0.9999995322174497,0.0007719866522337443,0.0011010307449254783,0.0025699532526105564,6.241166223127227e-7,-1.0,0.0
1639.0904049873352,3295.0,2161.9565217391305,14.608695652173912,790.4347826086956,4.6521739130434785,0.0005254134815743661,6.241166223127227e-7,0.0019109122331181227,-0.9999995322174497,0.0007719866522337443,0.0011010307449254783,0.0025699532526105564,6.241166223127227e-7,-1.0,0.0
1644.5715329647064,3306.0,2172.9565217391305,14.608695652173912,790.4347826086956,4.6521739130434785,0.0005254134815743661,6.241166223127227e-7,0.0019109122331181227,-0.9999995322174497,0.0007719866522337443,0.0011010307449254783,0.0025699532526105564,6.241166223127227e-7,-1.0,0.0
1650.0527238845825,3317.0,2183.9565217391305,14.608695652173912,790.4347826086956,4.6521739130434785,0.0005254134815743661,6.241166223127227e-7,0.0019109122331181227,-0.9999995322174497,0.0007719866522337443,0.0011010307449254783,0.0025699532526105564,6.241166223127227e-7,-1.0,0.0
1655.0714228153229,3327.0,2193.9565217391305,14.608695652173912,790.4347826086956,4.6521739130434785,0.0005254134815743661,6.241166223127227e-7,0.0019109122331181227,-0.9999995322174497,0.0007719866522337443,0.0011010307449254783,0.0025699532526105564,6.241166223127227e-7,-1.0,0.0
1660.0715157985687,3337.0,2203.9565217391305,14.608695652173912,790.4347826086956,4.6521739130434785,0.0005254134815743661,6.241166223127227e-7,0.0019109122331181227,-0.9999995322174497,0.0007719866522337443,0.0011010307449254783,0.0025699532526105564,6.241166223127227e-7,-1.0,0.0
1665.4949579238892,3348.0,2214.9565217391305,14.608695652173912,790.4347826086956,4.6521739130434785,0.0005254134815743661,6.241166223127227e-7,0.0019109122331181227,-0.9999995322174497,0.0007719866522337443,0.0011010307449254783,0.0025699532526105564,6.241166223127227e-7,-1.0,0.0
1670.5002779960632,3358.0,2224.9565217391305,14.608695652173912,790.4347826086956,4.6521739130434785,0.0005254134815743661,6.241166223127227e-7,0.0019109122331181227,-0.9999995322174497,0.0007719866522337443,0.0011010307449254783,0.0025699532526105564,6.241166223127227e-7,-1.0,0.0
1675.549064874649,3368.0,2227.782608695652,14.608695652173912,790.4347826086956,4.6521739130434785,0.0005254134815743661,6.241166223127227e-7,0.0019109122331181227,-0.9999995322174497,0.0007719866522337443,0.0011010307449254783,0.0025699532526105564,6.241166223127227e-7,-1.0,0.0
1681.0416147708893,3379.0,2238.782608695652,14.608695652173912,790.4347826086956,4.6521739130434785,0.0005254134815743661,6.241166223127227e-7,0.0019109122331181227,-0.9999995322174497,0.0007719866522337443,0.0011010307449254783,0.0025699532526105564,6.241166223127227e-7,-1.0,0.0
1686.0502529144287,3389.0,2248.782608695652,14.608695652173912,790.4347826086956,4.6521739130434785,0.0005254134815743661,6.241166223127227e-7,0.0019109122331181227,-0.9999995322174497,0.0007719866522337443,0.0011010307449254783,0.0025699532526105564,6.241166223127227e-7,-1.0,0.0
1691.50439286232,3400.0,2259.782608695652,14.608695652173912,790.4347826086956,4.6521739130434785,0.0005254134815743661,6.241166223127227e-7,0.0019109122331181227,-0.9999995322174497,0.0007719866522337443,0.0011010307449254783,0.0025699532526105564,6.241166223127227e-7,-1.0,0.0
1696.5293138027191,3410.0,2269.782608695652,14.608695652173912,790.4347826086956,4.6521739130434785,0.0005254134815743661,6.241166223127227e-7,0.0019109122331181227,-0.9999995322174497,0.0007719866522337443,0.0011010307449254783,0.0025699532526105564,6.241166223127227e-7,-1.0,0.0
1702.0209419727325,3421.0,2280.782608695652,14.608695652173912,790.4347826086956,4.6521739130434785,0.0005254134815743661,6.241166223127227e-7,0.0019109122331181227,-0.9999995322174497,0.0007719866522337443,0.0011010307449254783,0.0025699532526105564,6.241166223127227e-7,-1.0,0.0
1707.5172579288483,3432.0,2291.782608695652,14.608695652173912,790.4347826086956,4.6521739130434785,0.0005254134815743661,6.241166223127227e-7,0.0019109122331181227,-0.9999995322174497,0.0007719866522337443,0.0011010307449254783,0.0025699532526105564,6.241166223127227e-7,-1.0,0.0
1713.0072557926178,3443.0,2302.782608695652,14.608695652173912,790.4347826086956,4.6521739130434785,0.0005254134815743661,6.241166223127227e-7,0.0019109122331181227,-0.9999995322174497,0.0007719866522337443,0.0011010307449254783,0.0025699532526105564,6.241166223127227e-7,-1.0,0.0
1718.4589788913727,3454.0,2313.782608695652,14.608695652173912,790.4347826086956,4.6521739130434785,0.0005254134815743661,6.241166223127227e-7,0.0019109122331181227,-0.9999995322174497,0.0007719866522337443,0.0011010307449254783,0.0025699532526105564,6.241166223127227e-7,-1.0,0.0
1723.9600110054016,3465.0,2324.782608695652,14.608695652173912,790.4347826086956,4.6521739130434785,0.0005254134815743661,6.241166223127227e-7,0.0019109122331181227,-0.9999995322174497,0.0007719866522337443,0.0011010307449254783,0.0025699532526105564,6.241166223127227e-7,-1.0,0.0
1728.979693889618,3475.0,2334.782608695652,14.608695652173912,790.4347826086956,4.6521739130434785,0.0005254134815743661,6.241166223127227e-7,0.0019109122331181227,-0.9999995322174497,0.0007719866522337443,0.0011010307449254783,0.0025699532526105564,6.241166223127227e-7,-1.0,0.0
1733.9939279556274,3485.0,2344.782608695652,14.608695652173912,790.4347826086956,4.6521739130434785,0.0005254134815743661,6.241166223127227e-7,0.0019109122331181227,-0.9999995322174497,0.0007719866522337443,0.0011010307449254783,0.0025699532526105564,6.241166223127227e-7,-1.0,0.0
1739.468002796173,3496.0,2355.782608695652,14.608695652173912,790.4347826086956,4.6521739130434785,0.0005254134815743661,6.241166223127227e-7,0.0019109122331181227,-0.9999995322174497,0.0007719866522337443,0.0011010307449254783,0.0025699532526105564,6.241166223127227e-7,-1.0,0.0
1744.5238778591156,3506.0,2365.782608695652,14.608695652173912,790.4347826086956,4.6521739130434785,0.0005254134815743661,6.241166223127227e-7,0.0019109122331181227,-0.9999995322174497,0.0007719866522337443,0.0011010307449254783,0.0025699532526105564,6.241166223127227e-7,-1.0,0.0
1749.9609727859497,3517.0,2376.782608695652,14.608695652173912,790.4347826086956,4.6521739130434785,0.0005254134815743661,6.241166223127227e-7,0.0019109122331181227,-0.9999995322174497,0.0007719866522337443,0.0011010307449254783,0.0025699532526105564,6.241166223127227e-7,-1.0,0.0
1754.9693398475647,3527.0,2386.782608695652,14.608695652173912,790.4347826086956,4.6521739130434785,0.0005254134815743661,6.241166223127227e-7,0.0019109122331181227,-0.9999995322174497,0.0007719866522337443,0.0011010307449254783,0.0025699532526105564,6.241166223127227e-7,-1.0,0.0
1759.9965908527374,3537.0,2396.782608695652,14.608695652173912,790.4347826086956,4.6521739130434785,0.0005254134815743661,6.241166223127227e-7,0.0019109122331181227,-0.9999995322174497,0.0007719866522337443,0.0011010307449254783,0.0025699532526105564,6.241166223127227e-7,-1.0,0.0
1765.0495820045471,3547.0,2406.782608695652,14.608695652173912,790.4347826086956,4.6521739130434785,0.0005254134815743661,6.241166223127227e-7,0.0019109122331181227,-0.9999995322174497,0.0007719866522337443,0.0011010307449254783,0.0025699532526105564,6.241166223127227e-7,-1.0,0.0
1770.0714437961578,3557.0,2416.782608695652,14.608695652173912,790.4347826086956,4.6521739130434785,0.0005254134815743661,6.241166223127227e-7,0.0019109122331181227,-0.9999995322174497,0.0007719866522337443,0.0011010307449254783,0.0025699532526105564,6.241166223127227e-7,-1.0,0.0
1775.0827519893646,3567.0,2426.782608695652,14.608695652173912,790.4347826086956,4.6521739130434785,0.0005254134815743661,6.241166223127227e-7,0.0019109122331181227,-0.9999995322174497,0.0007719866522337443,0.0011010307449254783,0.0025699532526105564,6.241166223127227e-7,-1.0,0.0
1780.5528090000153,3578.0,2437.782608695652,14.608695652173912,790.4347826086956,4.6521739130434785,0.0005254134815743661,6.241166223127227e-7,0.0019109122331181227,-0.9999995322174497,0.0007719866522337443,0.0011010307449254783,0.0025699532526105564,6.241166223127227e-7,-1.0,0.0
1785.6098058223724,3588.0,2447.782608695652,14.608695652173912,790.4347826086956,4.6521739130434785,0.0005254134815743661,6.241166223127227e-7,0.0019109122331181227,-0.9999995322174497,0.0007719866522337443,0.0011010307449254783,0.0025699532526105564,6.241166223127227e-7,-1.0,0.0
1790.640350818634,3598.0,2457.782608695652,14.608695652173912,790.4347826086956,4.6521739130434785,0.0005254134815743661,6.241166223127227e-7,0.0019109122331181227,-0.9999995322174497,0.0007719866522337443,0.0011010307449254783,0.0025699532526105564,6.241166223127227e-7,-1.0,0.0
1795.7441499233246,3608.0,2467.782608695652,14.608695652173912,790.4347826086956,4.6521739130434785,0.0005254134815743661,6.241166223127227e-7,0.0019109122331181227,-0.9999995322174497,0.0007719866522337443,0.0011010307449254783,0.0025699532526105564,6.241166223127227e-7,-1.0,0.0
