time,generation,mean age hall_of_fame,mean compl,mean recursive_compl,mean n_params,min mae,min mse,min max_ae,min minus_r2,min mare,min q75_are,min max_are,min ms_processed_e,min minus_spearman,max penalty
10.054993152618408,1.0,0.0,6.6,8.59006848e8,0.8,1.0191293350720363,1.4169110772389322,2.3241876213095907,-0.5037255512872396,0.07881531092092767,0.1077251604856882,0.18206601653878524,1.4169110772389322,-0.7251282051282051,0.0
15.196331977844238,11.0,3.2857142857142856,9.714285714285714,32.857142857142854,2.142857142857143,0.9390236394268722,1.1777745245655473,2.1510587106478294,-0.5874833556769936,0.07299434433525642,0.09656767619791315,0.16366035695902748,1.1777745245655473,-0.7251282051282051,0.0
20.419809103012085,24.0,7.0,13.583333333333334,1.2009644819305858e16,3.0,0.8447656419870199,1.058884971781573,2.1510587106478294,-0.6291245343037764,0.06625663897055784,0.08991204339092981,0.16366035695902748,1.058884971781573,-0.772991452991453,0.0
26.79305601119995,44.0,7.933333333333334,14.533333333333333,1.1984620899082106e307,3.066666666666667,0.7610431139237804,0.8837861185114476,2.2863833130588933,-0.6904530737391517,0.058613055322071284,0.07875998292258585,0.14992495052105836,0.8837861185114476,-0.764102564102564,0.0
31.951415061950684,62.0,9.555555555555555,17.11111111111111,9.987184082568421e306,3.5555555555555554,0.7546623466871153,0.8748611655975513,2.179579519179084,-0.6935790469623706,0.057830396577041046,0.07700913070243481,0.1503555475557267,0.8748611655975513,-0.777094017094017,0.0
37.20160698890686,80.0,20.133333333333333,15.0,2.3769252e6,3.4,0.7494143808875809,0.8748611655975513,2.179579519179084,-0.6935790469623706,0.057830396577041046,0.07700913070243481,0.14275276615978152,0.8748611655975513,-0.8174358974358974,0.0
42.21301317214966,97.0,20.285714285714285,15.928571428571429,2.5840790714285714e6,3.7142857142857144,0.7546623466871153,0.8748611655975513,2.179579519179084,-0.6935790469623706,0.057830396577041046,0.07463328263419008,0.14275276577192605,0.8748611655975513,-0.8605128205128205,0.0
47.27456712722778,114.0,23.357142857142858,15.571428571428571,3.9696190428571425e7,3.5714285714285716,0.7546623466871153,0.8748611655975513,2.179579519179084,-0.6935790469623706,0.057830396577041046,0.07700913070243481,0.14146602083296986,0.8748611655975513,-0.8174358974358974,0.0
52.53392815589905,132.0,28.75,16.875,1.018430463125e8,3.6875,0.7546623466871153,0.8748611655975513,2.1998327357416905,-0.6935790469623706,0.057830396577041046,0.07700913070243481,0.14146602083296986,0.8748611655975513,-0.837948717948718,0.0
57.73386812210083,150.0,34.8125,17.0,1.2455311875e6,3.8125,0.7546623466871153,0.8748611655975513,2.1998327357416905,-0.6935790469623706,0.057830396577041046,0.06589604415636333,0.14146602083296986,0.8748611655975513,-0.8618803418803419,0.0
63.8131639957428,167.0,33.857142857142854,15.285714285714286,1.6198542482914285e11,3.2857142857142856,0.6704197985516812,0.6745485943529724,1.8857986002928584,-0.76373871503297,0.054782939125731664,0.07469890840716299,0.18005915882787404,0.6745485943529724,-0.8550427350427351,0.0
68.90151119232178,184.0,43.53846153846154,14.76923076923077,1.7444580179369232e11,3.1538461538461537,0.6704197985516812,0.6745485943529724,1.8857986002928584,-0.76373871503297,0.054782939125731664,0.07469164249136065,0.18005915882787404,0.6745485943529724,-0.8550427350427351,0.0
73.99153900146484,201.0,55.30769230769231,14.76923076923077,1.7444580179369232e11,3.1538461538461537,0.6704197985516812,0.6745485943529724,1.8857986002928584,-0.76373871503297,0.054782939125731664,0.07468735639965701,0.18005915882787404,0.6745485943529724,-0.8550427350427351,0.0
79.09704613685608,218.0,61.54545454545455,12.909090909090908,1.999234543319091e11,2.909090909090909,0.6647912887888453,0.6745485943529724,1.8857986002928584,-0.76373871503297,0.05353433118368215,0.07468425636101672,0.15983584375401408,0.6745485943529724,-0.8550427350427351,0.0
84.26785898208618,235.0,65.0909090909091,12.909090909090908,1.999234543319091e11,2.909090909090909,0.6647912887888453,0.6745485943529724,1.8857986002928584,-0.76373871503297,0.05353433118368215,0.07468323407515115,0.1728914429512235,0.6745485943529724,-0.8550427350427351,0.0
89.35689496994019,252.0,70.81818181818181,12.363636363636363,1.2607123272727273e7,2.909090909090909,0.6647912887888453,0.6703421423376027,1.540023630144697,-0.765212028841083,0.05353433118368215,0.07914710932064373,0.16298975852781808,0.6703421423376027,-0.8256410256410256,0.0
94.38115906715393,269.0,74.38461538461539,13.615384615384615,1.3248695846153846e7,3.1538461538461537,0.6647912887888453,0.6703069782377773,1.5399962915064513,-0.7652243451003992,0.05353433118368215,0.07472034505278635,0.16298686511893853,0.6703069782377773,-0.8550427350427351,0.0
99.59650301933289,286.0,71.46666666666667,14.933333333333334,3.6088788733333334e7,3.4,0.6627143421031556,0.6219320669025385,1.50709789184123,-0.7821677036781344,0.0534125032028481,0.07471515100999494,0.159505033988281,0.6219320669025385,-0.8550427350427351,0.0
104.86181306838989,303.0,78.06666666666666,14.933333333333334,3.6088788733333334e7,3.4,0.6627142875340499,0.6219320669025385,1.50709789184123,-0.7821677036781344,0.05341249930270101,0.07471515100999494,0.159505033988281,0.6219320669025385,-0.8550427350427351,0.0
110.03971719741821,320.0,87.06666666666666,15.333333333333334,6.042771706e8,3.466666666666667,0.6627142535450097,0.6167711061447088,1.3908305968889518,-0.783975335078625,0.053412496874204476,0.07561201124706154,0.14719978232978928,0.6167711061447088,-0.8482051282051282,0.0
115.2749240398407,337.0,92.6875,15.8125,5.748984555e8,3.5625,0.6627142060707327,0.6167711061447088,1.3908305968889518,-0.783975335078625,0.0534124934827323,0.07385638008112577,0.14719978232978928,0.6167711061447088,-0.8639316239316239,0.0
120.4510931968689,354.0,96.76470588235294,16.352941176470587,8.625725221235294e9,3.6470588235294117,0.6627141857760932,0.6167711061447088,1.3908305968889518,-0.783975335078625,0.05341249203294263,0.07385638008112577,0.14719978232978928,0.6167711061447088,-0.8639316239316239,0.0
125.64765906333923,371.0,99.6470588235294,16.235294117647058,1.0574665499190092e307,3.6470588235294117,0.6184682172319916,0.6011153342925825,1.3924409936715847,-0.7894587840189967,0.04980712228849909,0.06901494177446925,0.14737022009294923,0.6011153342925825,-0.8694017094017094,0.0
130.89465808868408,388.0,110.05882352941177,16.176470588235293,1.0574665499190092e307,3.6470588235294117,0.6223840654121241,0.5971837412098763,1.3924409936715847,-0.7908358282252465,0.05014155304938883,0.06845028423384919,0.14737022009294923,0.5971837412098763,-0.8741880341880341,0.0
136.1957561969757,405.0,107.55555555555556,16.88888888888889,3.844094883388889e9,3.8333333333333335,0.6237409318214687,0.5515125408192382,1.3924409936715847,-0.8068322094802234,0.05025976776921488,0.06799300676021158,0.14737022009294923,0.5515125408192382,-0.8864957264957265,0.0
141.2453351020813,421.0,117.27777777777777,16.88888888888889,3.8515514237777777e9,3.8333333333333335,0.6258620806197569,0.5515125408192382,1.3924409936715847,-0.8068322094802234,0.05044576406723777,0.06799300676021158,0.14737022009294923,0.5515125408192382,-0.8864957264957265,0.0
146.33107209205627,437.0,128.27777777777777,16.833333333333332,3.9053071133187466e158,3.8333333333333335,0.6267011702198391,0.5515125408192382,1.3924409936715847,-0.8068322094802234,0.05055306863438536,0.06799300676021158,0.14737022009294923,0.5515125408192382,-0.8864957264957265,0.0
151.344309091568,453.0,141.83333333333334,16.833333333333332,3.9053071133187466e158,3.8333333333333335,0.6267011702198391,0.5515125408192382,1.3924409936715847,-0.8068322094802234,0.05061314411731711,0.06799300676021158,0.14737022009294923,0.5515125408192382,-0.8864957264957265,0.0
156.34436702728271,469.0,156.77777777777777,16.833333333333332,3.9053071133187466e158,3.8333333333333335,0.6267011702198391,0.5515125408192382,1.3924409936715847,-0.8068322094802234,0.050670589760547995,0.06799300676021158,0.14737022009294923,0.5515125408192382,-0.8864957264957265,0.0
161.67107915878296,486.0,136.16666666666666,17.27777777777778,3.9053071133187466e158,4.0,0.6252588147991283,0.5515125408192382,1.449235188218747,-0.8068322094802234,0.050665321360122514,0.06799300676021158,0.15338108374064155,0.5515125408192382,-0.8864957264957265,0.0
166.94818806648254,503.0,135.7,17.8,3.5147764019868724e158,4.1,0.6252588147991283,0.5515125408192382,1.449235188218747,-0.8068322094802234,0.050665321360122514,0.06322075483944466,0.15338108374064155,0.5515125408192382,-0.8864957264957265,0.0
171.9698531627655,519.0,148.1,17.8,3.5147764019868724e158,4.1,0.6252588147991283,0.5515125408192382,1.449235188218747,-0.8068322094802234,0.050665321360122514,0.06322075483944466,0.15338108374064155,0.5515125408192382,-0.8864957264957265,0.0
176.9912850856781,535.0,160.33333333333334,16.833333333333332,3.9053071133187466e158,3.888888888888889,0.6174924538426463,0.5307621966208157,1.4989314615108054,-0.814100037216978,0.04991195971311527,0.06321868436891506,0.15864073263501857,0.5307621966208157,-0.8844444444444445,0.0
182.26107001304626,552.0,177.33333333333334,16.833333333333332,3.9053071133187466e158,3.888888888888889,0.6174924538426463,0.5307621966208157,1.4989314615108054,-0.814100037216978,0.04991195971311527,0.06321868436891506,0.15864073263501857,0.5307621966208157,-0.8844444444444445,0.0
187.26326203346252,568.0,188.66666666666666,16.833333333333332,9.987184082568421e306,3.8333333333333335,0.6066433117905936,0.5307621966208157,1.4989314615108054,-0.814100037216978,0.04906429729590332,0.06321868436891506,0.15864073263501857,0.5307621966208157,-0.8912820512820513,0.0
192.32784605026245,584.0,200.83333333333334,16.833333333333332,9.987184082568421e306,3.8333333333333335,0.606653289355743,0.5307621966208157,1.4989314615108054,-0.814100037216978,0.049068784940983705,0.06300035689729036,0.15864073263501857,0.5307621966208157,-0.8899145299145299,0.0
197.38470005989075,600.0,211.05555555555554,16.833333333333332,9.987184082568421e306,3.8333333333333335,0.6065579986793141,0.5307621966208157,1.4989314615108054,-0.814100037216978,0.04906611733238102,0.06250048843196136,0.15864073263501857,0.5307621966208157,-0.8844444444444445,0.0
202.5532190799713,617.0,213.44444444444446,16.833333333333332,9.987184082568421e306,3.8333333333333335,0.6064967924877407,0.5307621966208157,1.4989314615108054,-0.814100037216978,0.04906398632925341,0.062221142134498246,0.15864073263501857,0.5307621966208157,-0.8844444444444445,0.0
207.75941705703735,634.0,203.66666666666666,16.833333333333332,9.987184082568421e306,3.8333333333333335,0.6063988401858118,0.5307621966208157,1.4989314632044657,-0.814100037216978,0.04906009207947571,0.06182166617348197,0.1586407328142686,0.5307621966208157,-0.8844444444444445,0.0
213.06722903251648,651.0,211.22222222222223,16.833333333333332,9.987184082568421e306,3.8333333333333335,0.6063036014029092,0.5307621966208157,1.4988770959572406,-0.814100037216978,0.049055892083690725,0.06147390056907258,0.15863497880873026,0.5307621966208157,-0.8844444444444445,0.0
218.0702841281891,667.0,209.55555555555554,16.833333333333332,Inf,3.8333333333333335,0.6062241419765534,0.5306603430938476,1.4988770959572406,-0.8141357115114045,0.04905215519392298,0.059083284945583125,0.15863497880873026,0.5306603430938476,-0.8830769230769231,0.0
223.14493799209595,683.0,224.77777777777777,16.833333333333332,Inf,3.8333333333333335,0.6065055238619332,0.5306603430938476,1.4988770959572406,-0.8141357115114045,0.04907807531132899,0.059083284945583125,0.15863497880873026,0.5306603430938476,-0.8830769230769231,0.0
228.17939710617065,699.0,240.11111111111111,16.833333333333332,Inf,3.8333333333333335,0.6067071305863463,0.5306603430938476,1.4988770959572406,-0.8141357115114045,0.04909590242270996,0.059083284945583125,0.15863497880873026,0.5306603430938476,-0.8830769230769231,0.0
233.1811661720276,715.0,253.5,16.833333333333332,Inf,3.8333333333333335,0.6067071305863463,0.5306424241561757,1.4988770959572406,-0.8141419876363198,0.04909590242270996,0.059083284945583125,0.15863497880873026,0.5306424241561757,-0.8830769230769231,0.0
238.18506813049316,731.0,253.94444444444446,16.833333333333332,Inf,3.8333333333333335,0.6067071305863463,0.5283764137633427,1.4988770959572406,-0.814935659925672,0.04909590242270996,0.059083284945583125,0.15863497880873026,0.5283764137633427,-0.8830769230769231,0.0
243.25709915161133,747.0,258.05555555555554,16.77777777777778,9.987184082568421e306,3.8333333333333335,0.6094847635682049,0.5283764137633427,1.4988770959572406,-0.814935659925672,0.04934233654811708,0.05909108723074862,0.15863497880873026,0.5283764137633427,-0.8830769230769231,0.0
248.56325697898865,764.0,273.1111111111111,16.77777777777778,9.987184082568421e306,3.8333333333333335,0.6090554489779161,0.5283764137633427,1.4988770959572406,-0.814935659925672,0.04930555924585285,0.05928170560578487,0.15863497880873026,0.5283764137633427,-0.8830769230769231,0.0
253.59918212890625,780.0,265.1578947368421,17.105263157894736,Inf,3.8947368421052633,0.6090554489779161,0.5283764137633427,1.4988770959572406,-0.814935659925672,0.04930555924585285,0.05928170560578487,0.15863497880873026,0.5283764137633427,-0.8830769230769231,0.0
258.6786880493164,796.0,286.1111111111111,16.944444444444443,Inf,3.9444444444444446,0.5635913350727039,0.4910394906012244,1.2807857290594438,-0.8280129526764761,0.04478508409878553,0.05928170560578487,0.10714213204362952,0.4910394906012244,-0.8830769230769231,0.0
263.70754313468933,812.0,298.6666666666667,16.944444444444443,Inf,3.9444444444444446,0.5635913350727039,0.4910394906012244,1.2807857290594438,-0.8280129526764761,0.04478508409878553,0.05928170560578487,0.10714213204362952,0.4910394906012244,-0.8830769230769231,0.0
268.79019117355347,828.0,258.8421052631579,17.105263157894736,Inf,3.9473684210526314,0.5635913350727039,0.4910394906012244,1.2807857290594438,-0.8280129526764761,0.04478508409878553,0.05928170560578487,0.10714213204362952,0.4910394906012244,-0.8830769230769231,0.0
273.9544789791107,844.0,259.8421052631579,17.105263157894736,Inf,3.9473684210526314,0.5635913350727039,0.4910394906012244,1.2807857290594438,-0.8280129526764761,0.04478508409878553,0.057634608504350954,0.10714213204362952,0.4910394906012244,-0.8817094017094017,0.0
279.0554151535034,860.0,246.21052631578948,17.105263157894736,Inf,3.9473684210526314,0.5635913350727039,0.4910394906012244,1.2807857290594438,-0.8280129526764761,0.04478508409878553,0.057634608504350954,0.10714213204362952,0.4910394906012244,-0.8817094017094017,0.0
284.15810918807983,876.0,257.10526315789474,17.105263157894736,Inf,3.9473684210526314,0.5635913350727039,0.4910394906012244,1.2807857290594438,-0.8280129526764761,0.04478508409878553,0.057634608504350954,0.10714213204362952,0.4910394906012244,-0.8817094017094017,0.0
289.2474100589752,892.0,263.22222222222223,17.055555555555557,Inf,3.9444444444444446,0.5635913350727039,0.4910394906012244,1.2807857290594438,-0.8280129526764761,0.04478508409878553,0.057634608504350954,0.10714213204362952,0.4910394906012244,-0.8817094017094017,0.0
294.30441212654114,908.0,258.1111111111111,17.055555555555557,Inf,3.9444444444444446,0.5635913350727039,0.4910394906012244,1.2807857290594438,-0.8280129526764761,0.04478508409878553,0.057634608504350954,0.10714213204362952,0.4910394906012244,-0.8817094017094017,0.0
299.34063696861267,924.0,274.1111111111111,17.055555555555557,Inf,3.9444444444444446,0.5635913350727039,0.4910394906012244,1.2807857290594438,-0.8280129526764761,0.04478508409878553,0.057634608504350954,0.10714213204362952,0.4910394906012244,-0.8817094017094017,0.0
304.4363741874695,940.0,290.1111111111111,17.055555555555557,Inf,3.9444444444444446,0.5635913350727039,0.4910394906012244,1.2807857290594438,-0.8280129526764761,0.04478508409878553,0.057634608504350954,0.10714213204362952,0.4910394906012244,-0.8817094017094017,0.0
309.50029706954956,956.0,298.27777777777777,17.055555555555557,9.987184082568421e306,3.9444444444444446,0.5635913350727039,0.4910394906012244,1.2807857290594438,-0.8280129526764761,0.04478508409878553,0.057634608504350954,0.10714213204362952,0.4910394906012244,-0.8817094017094017,0.0
314.67192006111145,972.0,291.10526315789474,17.263157894736842,9.46154281506482e306,4.0,0.5635913350727039,0.4910394906012244,1.2807857290594438,-0.8280129526764761,0.04478508409878553,0.057634608504350954,0.10714213204362952,0.4910394906012244,-0.8817094017094017,0.0
319.7380430698395,988.0,306.7894736842105,17.263157894736842,9.46154281506482e306,4.0,0.5635913350727039,0.4910394906012244,1.2807857290594438,-0.8280129526764761,0.04478508409878553,0.057634608504350954,0.10714213204362952,0.4910394906012244,-0.8817094017094017,0.0
324.82020711898804,1004.0,281.7894736842105,17.263157894736842,9.46154281506482e306,4.0,0.5635913350727039,0.4910394906012244,1.2807857290594438,-0.8280129526764761,0.04478508409878553,0.057634608504350954,0.10714213204362952,0.4910394906012244,-0.8817094017094017,0.0
329.877277135849,1020.0,284.2631578947368,17.263157894736842,9.46154281506482e306,4.0,0.5635913350727039,0.4910394906012244,1.2807857290594438,-0.8280129526764761,0.04478508409878553,0.057634608504350954,0.10714213204362952,0.4910394906012244,-0.8817094017094017,0.0
334.906690120697,1036.0,272.2857142857143,17.666666666666668,Inf,4.0476190476190474,0.5635913350727039,0.4910394906012244,1.2807857290594438,-0.8280129526764761,0.04478508409878553,0.057634608504350954,0.10714213204362952,0.4910394906012244,-0.8817094017094017,0.0
339.9180781841278,1052.0,288.2857142857143,17.666666666666668,Inf,4.0476190476190474,0.5635913350727039,0.4910394906012244,1.2807857290594438,-0.8280129526764761,0.04478508409878553,0.057634608504350954,0.10714213204362952,0.4910394906012244,-0.8817094017094017,0.0
345.0111210346222,1068.0,302.7142857142857,17.666666666666668,Inf,4.0476190476190474,0.5635913350727039,0.4910394906012244,1.2807857290594438,-0.8280129526764761,0.04478508409878553,0.057634608504350954,0.10714213204362952,0.4910394906012244,-0.8817094017094017,0.0
350.0422430038452,1084.0,318.7142857142857,17.666666666666668,Inf,4.0476190476190474,0.5635913350727039,0.4910394906012244,1.2807857290594438,-0.8280129526764761,0.04478508409878553,0.057634608504350954,0.10714213204362952,0.4910394906012244,-0.8817094017094017,0.0
355.0563461780548,1100.0,320.57142857142856,17.666666666666668,Inf,4.0476190476190474,0.5635913350727039,0.4910394906012244,1.2807857290594438,-0.8280129526764761,0.04478508409878553,0.057634608504350954,0.10714213204362952,0.4910394906012244,-0.8817094017094017,0.0
360.19676518440247,1116.0,324.85714285714283,17.666666666666668,Inf,4.0476190476190474,0.5635913350727039,0.4910394906012244,1.2807857290594438,-0.8280129526764761,0.04478508409878553,0.057634608504350954,0.10714213204362952,0.4910394906012244,-0.8817094017094017,0.0
365.3200180530548,1132.0,340.85714285714283,17.666666666666668,Inf,4.0476190476190474,0.5635913350727039,0.4910394906012244,1.2807857290594438,-0.8280129526764761,0.04478508409878553,0.057634608504350954,0.10714213204362952,0.4910394906012244,-0.8817094017094017,0.0
370.4734580516815,1148.0,303.14285714285717,17.666666666666668,Inf,4.0476190476190474,0.5635913350727039,0.4910394906012244,1.2807857290594438,-0.8280129526764761,0.04478508409878553,0.057634608504350954,0.10714213204362952,0.4910394906012244,-0.8817094017094017,0.0
375.53119111061096,1164.0,319.14285714285717,17.666666666666668,Inf,4.0476190476190474,0.5635913350727039,0.4910394906012244,1.2807857290594438,-0.8280129526764761,0.04478508409878553,0.057634608504350954,0.10714213204362952,0.4910394906012244,-0.8817094017094017,0.0
380.6763610839844,1180.0,335.14285714285717,17.666666666666668,Inf,4.0476190476190474,0.5635913350727039,0.4910394906012244,1.2807857290594438,-0.8280129526764761,0.04478508409878553,0.057634608504350954,0.10714213204362952,0.4910394906012244,-0.8817094017094017,0.0
385.80357098579407,1196.0,310.42857142857144,17.666666666666668,Inf,3.9523809523809526,0.47612836724515417,0.4399574070493195,1.4705074588254305,-0.8459045008907936,0.0369035961852123,0.05508336060510608,0.13443674318510715,0.4399574070493195,-0.8817094017094017,0.0
390.8473541736603,1212.0,325.3333333333333,17.666666666666668,Inf,3.9523809523809526,0.4761383551403522,0.43995329716730386,1.4704603997782417,-0.8459059403808677,0.03690448527375293,0.05508121063481396,0.13443244095256593,0.43995329716730386,-0.8817094017094017,0.0
395.95587611198425,1228.0,321.1904761904762,17.666666666666668,Inf,3.9523809523809526,0.4761383551403522,0.43995329716730386,1.4704603997782417,-0.8459059403808677,0.03690448527375293,0.05508121063481396,0.13443244095256593,0.43995329716730386,-0.8817094017094017,0.0
400.9621560573578,1244.0,335.04761904761904,17.666666666666668,Inf,3.9523809523809526,0.4761383551403522,0.43995329716730386,1.4704603997782417,-0.8459059403808677,0.03690448527375293,0.05508121063481396,0.13443244095256593,0.43995329716730386,-0.8817094017094017,0.0
406.0353000164032,1260.0,338.57142857142856,17.666666666666668,Inf,3.9523809523809526,0.4761383551403522,0.43995329716730386,1.4704603997782417,-0.8459059403808677,0.03690448527375293,0.05508121063481396,0.13443244095256593,0.43995329716730386,-0.8817094017094017,0.0
411.15806698799133,1276.0,305.0,17.666666666666668,Inf,3.9523809523809526,0.4761383551403522,0.43995329716730386,1.4704603997782417,-0.8459059403808677,0.03690448527375293,0.05508121063481396,0.13443244095256593,0.43995329716730386,-0.8817094017094017,0.0
416.26793217658997,1292.0,322.9,17.15,Inf,3.85,0.4761383551403522,0.43995329716730386,1.3237729666771543,-0.8459059403808677,0.03690448527375293,0.05508121063481396,0.1193758515480127,0.43995329716730386,-0.8817094017094017,0.0
421.3602030277252,1308.0,338.75,17.15,Inf,3.85,0.4761383551403522,0.43995329716730386,1.3238862165662368,-0.8459059403808677,0.03690448527375293,0.05508121063481396,0.11938606425237157,0.43995329716730386,-0.8817094017094017,0.0
426.4153861999512,1324.0,354.75,17.15,Inf,3.85,0.4761383551403522,0.43995329716730386,1.3238862165662368,-0.8459059403808677,0.03690448527375293,0.05508121063481396,0.11938606425237157,0.43995329716730386,-0.8817094017094017,0.0
431.522274017334,1340.0,370.75,17.15,Inf,3.85,0.4761383551403522,0.43995329716730386,1.3238862165662368,-0.8459059403808677,0.03690448527375293,0.05508121063481396,0.11938606425237157,0.43995329716730386,-0.8817094017094017,0.0
436.638916015625,1356.0,378.8,17.15,Inf,3.85,0.4761383551403522,0.43995329716730386,1.3238862165662368,-0.8459059403808677,0.03690448527375293,0.05508121063481396,0.11938606425237157,0.43995329716730386,-0.8817094017094017,0.0
441.7175440788269,1372.0,389.2,17.15,Inf,3.85,0.4761383551403522,0.43995329716730386,1.3238862165662368,-0.8459059403808677,0.03690448527375293,0.05508121063481396,0.11938606425237157,0.43995329716730386,-0.8817094017094017,0.0
446.7546720504761,1388.0,383.6,17.15,Inf,3.85,0.4761383551403522,0.43995329716730386,1.3238862165662368,-0.8459059403808677,0.03690448527375293,0.05508121063481396,0.11938606425237157,0.43995329716730386,-0.8817094017094017,0.0
451.76107716560364,1404.0,391.4,17.15,Inf,3.85,0.4761383551403522,0.43995329716730386,1.3238862165662368,-0.8459059403808677,0.03690448527375293,0.05508121063481396,0.11938606425237157,0.43995329716730386,-0.8817094017094017,0.0
456.8941249847412,1420.0,407.4,17.15,Inf,3.85,0.4761383551403522,0.43995329716730386,1.3238862165662368,-0.8459059403808677,0.03690448527375293,0.05508121063481396,0.11938606425237157,0.43995329716730386,-0.8817094017094017,0.0
461.9309720993042,1436.0,393.3,17.15,8.988465674311579e306,3.8,0.4761383551403522,0.43995329716730386,1.3238862165662368,-0.8459059403808677,0.03690448527375293,0.05508121063481396,0.11938606425237157,0.43995329716730386,-0.8905982905982905,0.0
466.9647810459137,1452.0,409.3,17.15,8.988465674311579e306,3.8,0.4761383551403522,0.43995329716730386,1.3238862165662368,-0.8459059403808677,0.03690448527375293,0.05508121063481396,0.11938606425237157,0.43995329716730386,-0.8905982905982905,0.0
472.0594561100006,1468.0,426.3157894736842,16.736842105263158,9.46154281506482e306,3.6842105263157894,0.4761383551403522,0.43995329716730386,1.3238862165662368,-0.8459059403808677,0.03690448527375293,0.05508121063481396,0.11938606425237157,0.43995329716730386,-0.8905982905982905,0.0
477.25191497802734,1484.0,441.4736842105263,16.736842105263158,9.46154281506482e306,3.6842105263157894,0.4761383551403522,0.43995329716730386,1.3238862165662368,-0.8459059403808677,0.03690448527375293,0.05508121063481396,0.11938606425237157,0.43995329716730386,-0.8905982905982905,0.0
482.3836741447449,1500.0,451.2105263157895,16.736842105263158,9.46154281506482e306,3.6842105263157894,0.4761383551403522,0.43995329716730386,1.3238862165662368,-0.8459059403808677,0.03690448527375293,0.05508121063481396,0.11938606425237157,0.43995329716730386,-0.8905982905982905,0.0
487.52480602264404,1516.0,487.55555555555554,16.22222222222222,9.987184082568421e306,3.611111111111111,0.4761383551403522,0.43995329716730386,1.3238862165662368,-0.8459059403808677,0.03690448527375293,0.05508121063481396,0.11865095143616873,0.43995329716730386,-0.8735042735042735,0.0
492.5650191307068,1532.0,502.55555555555554,16.22222222222222,9.987184082568421e306,3.611111111111111,0.4761383551403522,0.43995329716730386,1.3238862165662368,-0.8459059403808677,0.03690448527375293,0.05508121063481396,0.11865095657118374,0.43995329716730386,-0.8735042735042735,0.0
497.67785906791687,1548.0,517.6666666666666,16.22222222222222,9.987184082568421e306,3.611111111111111,0.4761383551403522,0.43995329716730386,1.3238862165662368,-0.8459059403808677,0.03690448527375293,0.05508121063481396,0.11865096173464626,0.43995329716730386,-0.8735042735042735,0.0
502.8410921096802,1564.0,517.7777777777778,16.22222222222222,9.987184082568421e306,3.611111111111111,0.4761383551403522,0.43995329716730386,1.3273468557869208,-0.8459059403808677,0.03690448527375293,0.05508121063481396,0.11865096817307468,0.43995329716730386,-0.8735042735042735,0.0
507.91534399986267,1580.0,532.8888888888889,16.22222222222222,9.987184082568421e306,3.611111111111111,0.4761383551403522,0.43995329716730386,1.3273468557869208,-0.8459059403808677,0.03690448527375293,0.05508121063481396,0.11865097970848311,0.43995329716730386,-0.8735042735042735,0.0
512.9937450885773,1596.0,548.0,16.22222222222222,9.987184082568421e306,3.611111111111111,0.4761383551403522,0.43995329716730386,1.3273468557869208,-0.8459059403808677,0.03690448527375293,0.05508121063481396,0.11865098482497208,0.43995329716730386,-0.8735042735042735,0.0
518.0648000240326,1612.0,557.3888888888889,16.22222222222222,9.987184082568421e306,3.611111111111111,0.4761383551403522,0.43995329716730386,1.3273468557869208,-0.8459059403808677,0.03690448527375293,0.05508121063481396,0.11865098992095202,0.43995329716730386,-0.8735042735042735,0.0
523.1489760875702,1628.0,541.7894736842105,15.578947368421053,9.46154281506482e306,3.473684210526316,0.4761383551403522,0.43995329716730386,1.3273468557869208,-0.8459059403808677,0.03690448527375293,0.05508121063481396,0.11865099628150222,0.43995329716730386,-0.8735042735042735,0.0
528.17058801651,1644.0,557.0,15.578947368421053,9.46154281506482e306,3.473684210526316,0.4761383551403522,0.43995329716730386,1.3273468557869208,-0.8459059403808677,0.03690448527375293,0.05508121063481396,0.11865100134812975,0.43995329716730386,-0.8735042735042735,0.0
533.2541871070862,1660.0,572.2105263157895,15.578947368421053,9.46154281506482e306,3.473684210526316,0.4761383551403522,0.43995329716730386,1.3273468557869208,-0.8459059403808677,0.03690448527375293,0.05508121063481396,0.1186510102113367,0.43995329716730386,-0.8735042735042735,0.0
538.455146074295,1676.0,557.1578947368421,15.578947368421053,9.46154281506482e306,3.473684210526316,0.4761383551403522,0.43995329716730386,1.3273468557869208,-0.8459059403808677,0.03690448527375293,0.05508121063481396,0.11865101902683131,0.43995329716730386,-0.8735042735042735,0.0
543.6394021511078,1692.0,572.5263157894736,15.578947368421053,9.46154281506482e306,3.473684210526316,0.4761383551403522,0.43995329716730386,1.3273468557869208,-0.8459059403808677,0.03690448527375293,0.05508121063481396,0.11865102656605081,0.43995329716730386,-0.8735042735042735,0.0
548.7881031036377,1708.0,583.3684210526316,15.578947368421053,9.46154281506482e306,3.473684210526316,0.4761383551403522,0.43995329716730386,1.3273468557869208,-0.8459059403808677,0.03690448527375293,0.05508121063481396,0.11865103282738687,0.43995329716730386,-0.8735042735042735,0.0
553.937343120575,1724.0,598.5263157894736,15.578947368421053,9.46154281506482e306,3.473684210526316,0.4761383551403522,0.43995329716730386,1.3273468557869208,-0.8459059403808677,0.03690448527375293,0.05508121063481396,0.11865104156808548,0.43995329716730386,-0.8735042735042735,0.0
559.1825621128082,1740.0,613.578947368421,15.578947368421053,9.46154281506482e306,3.473684210526316,0.4761383551403522,0.43995329716730386,1.3273468557869208,-0.8459059403808677,0.03690448527375293,0.05508121063481396,0.11865104653836946,0.43995329716730386,-0.8735042735042735,0.0
564.3314700126648,1756.0,628.7894736842105,15.578947368421053,9.46154281506482e306,3.473684210526316,0.4761383551403522,0.43995329716730386,1.3273468557869208,-0.8459059403808677,0.03690448527375293,0.05508121063481396,0.1186510490252527,0.43995329716730386,-0.8735042735042735,0.0
569.5862231254578,1772.0,643.8947368421053,15.578947368421053,9.46154281506482e306,3.473684210526316,0.4761383551403522,0.43995329716730386,1.3273468557869208,-0.8459059403808677,0.03690448527375293,0.05508121063481396,0.11865105894816845,0.43995329716730386,-0.8735042735042735,0.0
574.8534519672394,1788.0,659.1052631578947,15.578947368421053,9.46154281506482e306,3.473684210526316,0.4761383551403522,0.43995329716730386,1.3273468557869208,-0.8459059403808677,0.03690448527375293,0.05508121063481396,0.11865106635239717,0.43995329716730386,-0.8735042735042735,0.0
580.1446480751038,1804.0,674.3157894736842,15.578947368421053,9.46154281506482e306,3.473684210526316,0.4761383551403522,0.43995329716730386,1.3273468557869208,-0.8459059403808677,0.03690448527375293,0.05508121063481396,0.11865107374294283,0.43995329716730386,-0.8735042735042735,0.0
585.2994329929352,1820.0,689.7894736842105,15.578947368421053,9.46154281506482e306,3.473684210526316,0.4761383551403522,0.43995329716730386,1.3273468557869208,-0.8459059403808677,0.03690448527375293,0.05508121063481396,0.11865119502606768,0.43995329716730386,-0.8735042735042735,0.0
590.4902510643005,1836.0,660.6315789473684,15.578947368421053,9.46154281506482e306,3.473684210526316,0.4761383551403522,0.43995329716730386,1.3273468557869208,-0.8459059403808677,0.03690448527375293,0.05508121063481396,0.11865119968556125,0.43995329716730386,-0.8735042735042735,0.0
595.6129930019379,1852.0,667.7894736842105,15.578947368421053,9.46154281506482e306,3.473684210526316,0.4761383551403522,0.43995329716730386,1.3273468557869208,-0.8459059403808677,0.03690448527375293,0.05508121063481396,0.11865120316784471,0.43995329716730386,-0.8735042735042735,0.0
600.7283630371094,1868.0,644.421052631579,15.578947368421053,9.46154281506482e306,3.473684210526316,0.4761383551403522,0.43995329716730386,1.3273468557869208,-0.8459059403808677,0.03690448527375293,0.05508121063481396,0.11865120896580761,0.43995329716730386,-0.8735042735042735,0.0
605.8217751979828,1884.0,659.5263157894736,15.578947368421053,9.46154281506482e306,3.473684210526316,0.4761383551403522,0.43995329716730386,1.3273468557869208,-0.8459059403808677,0.03690448527375293,0.05508121063481396,0.1186512351188412,0.43995329716730386,-0.8735042735042735,0.0
610.8586061000824,1900.0,674.578947368421,15.578947368421053,9.46154281506482e306,3.473684210526316,0.4761383551403522,0.43995329716730386,1.3273468557869208,-0.8459059403808677,0.03690448527375293,0.05508121063481396,0.11865124083850764,0.43995329716730386,-0.8735042735042735,0.0
616.0398921966553,1916.0,690.0,15.578947368421053,9.46154281506482e306,3.473684210526316,0.4761383551403522,0.43995329716730386,1.3273468557869208,-0.8459059403808677,0.03690448527375293,0.05508121063481396,0.11865124653528818,0.43995329716730386,-0.8735042735042735,0.0
621.1422271728516,1932.0,704.8947368421053,15.578947368421053,9.46154281506482e306,3.473684210526316,0.4761383551403522,0.43995329716730386,1.3273468557869208,-0.8459059403808677,0.03690448527375293,0.05508121063481396,0.11865125222570727,0.43995329716730386,-0.8735042735042735,0.0
626.2691071033478,1948.0,655.6842105263158,15.578947368421053,9.46154281506482e306,3.473684210526316,0.4761383551403522,0.43995329716730386,1.3273468557869208,-0.8459059403808677,0.03690448527375293,0.05508121063481396,0.11865126468934313,0.43995329716730386,-0.8735042735042735,0.0
631.3145170211792,1964.0,671.2631578947369,15.578947368421053,9.46154281506482e306,3.473684210526316,0.4761383551403522,0.43995329716730386,1.3273468557869208,-0.8459059403808677,0.03690448527375293,0.05508121063481396,0.11865126694077535,0.43995329716730386,-0.8735042735042735,0.0
636.4163291454315,1980.0,685.9473684210526,15.578947368421053,9.46154281506482e306,3.473684210526316,0.4761383551403522,0.43995329716730386,1.3273468557869208,-0.8459059403808677,0.03690448527375293,0.05508121063481396,0.11865127258428945,0.43995329716730386,-0.8735042735042735,0.0
641.5446810722351,1996.0,701.1052631578947,15.578947368421053,9.46154281506482e306,3.473684210526316,0.4761383551403522,0.43995329716730386,1.3273468557869208,-0.8459059403808677,0.03690448527375293,0.05508121063481396,0.1186512793228267,0.43995329716730386,-0.8735042735042735,0.0
646.6882681846619,2012.0,695.8421052631579,15.578947368421053,9.46154281506482e306,3.473684210526316,0.4761383551403522,0.43995329716730386,1.3273468557869208,-0.8459059403808677,0.03690448527375293,0.05508121063481396,0.11865128380569985,0.43995329716730386,-0.8735042735042735,0.0
651.7040591239929,2028.0,710.1578947368421,15.578947368421053,9.46154281506482e306,3.473684210526316,0.4761383551403522,0.43995329716730386,1.3273468557869208,-0.8459059403808677,0.03690448527375293,0.05508121063481396,0.11865129052435906,0.43995329716730386,-0.8735042735042735,0.0
656.8974380493164,2044.0,724.6315789473684,15.578947368421053,9.46154281506482e306,3.473684210526316,0.4761383551403522,0.43995329716730386,1.3273468557869208,-0.8459059403808677,0.03690448527375293,0.05508121063481396,0.11865129609656944,0.43995329716730386,-0.8735042735042735,0.0
662.0655491352081,2060.0,738.7894736842105,15.578947368421053,9.46154281506482e306,3.473684210526316,0.4761383551403522,0.43995329716730386,1.3273468557869208,-0.8459059403808677,0.03690448527375293,0.05508121063481396,0.118651303877108,0.43995329716730386,-0.8735042735042735,0.0
667.2904031276703,2076.0,740.2105263157895,15.578947368421053,9.46154281506482e306,3.473684210526316,0.4761383551403522,0.43995329716730386,1.3273468557869208,-0.8459059403808677,0.03690448527375293,0.05508121063481396,0.11865130942831965,0.43995329716730386,-0.8735042735042735,0.0
672.4433350563049,2092.0,754.5263157894736,15.578947368421053,9.46154281506482e306,3.473684210526316,0.4761383551403522,0.43995329716730386,1.3273468557869208,-0.8459059403808677,0.03690448527375293,0.05508121063481396,0.11865131052658294,0.43995329716730386,-0.8735042735042735,0.0
677.6068170070648,2108.0,768.6842105263158,15.578947368421053,9.46154281506482e306,3.473684210526316,0.4761383551403522,0.43995329716730386,1.3273468557869208,-0.8459059403808677,0.03690448527375293,0.05508121063481396,0.11865131826305732,0.43995329716730386,-0.8735042735042735,0.0
682.7715079784393,2124.0,782.8947368421053,15.578947368421053,9.46154281506482e306,3.473684210526316,0.4761383551403522,0.43995329716730386,1.3273468557869208,-0.8459059403808677,0.03690448527375293,0.05508121063481396,0.11865132046664102,0.43995329716730386,-0.8735042735042735,0.0
687.9656240940094,2140.0,797.1578947368421,15.578947368421053,9.46154281506482e306,3.473684210526316,0.4761383551403522,0.43995329716730386,1.3273468557869208,-0.8459059403808677,0.03690448527375293,0.05508121063481396,0.11865132596086826,0.43995329716730386,-0.8735042735042735,0.0
693.1514661312103,2156.0,807.6315789473684,15.578947368421053,9.46154281506482e306,3.473684210526316,0.4761383551403522,0.43995329716730386,1.3273468557869208,-0.8459059403808677,0.03690448527375293,0.05508121063481396,0.11865133363852196,0.43995329716730386,-0.8735042735042735,0.0
698.3409869670868,2172.0,821.6315789473684,15.578947368421053,9.46154281506482e306,3.473684210526316,0.4761383551403522,0.43995329716730386,1.3273468557869208,-0.8459059403808677,0.03690448527375293,0.05508121063481396,0.11865134238572264,0.43995329716730386,-0.8735042735042735,0.0
703.5163071155548,2188.0,835.9473684210526,15.578947368421053,9.46154281506482e306,3.473684210526316,0.4761383551403522,0.43995329716730386,1.3273468557869208,-0.8459059403808677,0.03690448527375293,0.05508121063481396,0.11865134456688979,0.43995329716730386,-0.8735042735042735,0.0
708.6921100616455,2204.0,850.2631578947369,15.578947368421053,9.46154281506482e306,3.473684210526316,0.4761383551403522,0.43995329716730386,1.3273468557869208,-0.8459059403808677,0.03690448527375293,0.05508121063481396,0.11865135001176595,0.43995329716730386,-0.8735042735042735,0.0
713.7479012012482,2220.0,865.1052631578947,15.578947368421053,9.46154281506482e306,3.473684210526316,0.4761383551403522,0.43995329716730386,1.3273468557869208,-0.8459059403808677,0.03690448527375293,0.05508121063481396,0.1186513576065533,0.43995329716730386,-0.8735042735042735,0.0
718.9878611564636,2236.0,879.0,15.578947368421053,9.46154281506482e306,3.473684210526316,0.4761383551403522,0.43995329716730386,1.3273468557869208,-0.8459059403808677,0.03690448527375293,0.05508121063481396,0.1186513619331555,0.43995329716730386,-0.8735042735042735,0.0
724.189581155777,2252.0,893.421052631579,15.578947368421053,9.46154281506482e306,3.473684210526316,0.4761383551403522,0.43995329716730386,1.3273468557869208,-0.8459059403808677,0.03690448527375293,0.05508121063481396,0.11865136409455258,0.43995329716730386,-0.8735042735042735,0.0
729.213052034378,2268.0,908.0526315789474,15.578947368421053,9.46154281506482e306,3.473684210526316,0.4761383551403522,0.43995329716730386,1.3273468557869208,-0.8459059403808677,0.03690448527375293,0.05508121063481396,0.11865136624948235,0.43995329716730386,-0.8735042735042735,0.0
734.3176729679108,2284.0,921.9473684210526,15.578947368421053,9.46154281506482e306,3.473684210526316,0.4761383551403522,0.43995329716730386,1.3273468557869208,-0.8459059403808677,0.03690448527375293,0.05508121063481396,0.11865137271402625,0.43995329716730386,-0.8735042735042735,0.0
739.500962972641,2300.0,936.421052631579,15.578947368421053,9.46154281506482e306,3.473684210526316,0.4761383551403522,0.43995329716730386,1.3273468557869208,-0.8459059403808677,0.03690448527375293,0.05508121063481396,0.118651377008272,0.43995329716730386,-0.8735042735042735,0.0
744.708505153656,2316.0,951.578947368421,15.578947368421053,9.46154281506482e306,3.473684210526316,0.4761383551403522,0.43995329716730386,1.3273468557869208,-0.8459059403808677,0.03690448527375293,0.05508121063481396,0.11865138022972276,0.43995329716730386,-0.8735042735042735,0.0
749.8625881671906,2332.0,965.0526315789474,15.578947368421053,9.46154281506482e306,3.473684210526316,0.4761383551403522,0.43995329716730386,1.3273468557869208,-0.8459059403808677,0.03690448527375293,0.05508121063481396,0.11865138450545272,0.43995329716730386,-0.8735042735042735,0.0
754.9852941036224,2348.0,979.2631578947369,15.578947368421053,9.46154281506482e306,3.473684210526316,0.4761383551403522,0.43995329716730386,1.3273468557869208,-0.8459059403808677,0.03690448527375293,0.05508121063481396,0.11865139518649422,0.43995329716730386,-0.8735042735042735,0.0
760.0128200054169,2364.0,993.421052631579,15.578947368421053,9.46154281506482e306,3.473684210526316,0.4761383551403522,0.43995329716730386,1.3273468557869208,-0.8459059403808677,0.03690448527375293,0.05508121063481396,0.11865139731519364,0.43995329716730386,-0.8735042735042735,0.0
765.135596036911,2380.0,1007.8947368421053,15.578947368421053,9.46154281506482e306,3.473684210526316,0.4761383551403522,0.43995329716730386,1.3273468557869208,-0.8459059403808677,0.03690448527375293,0.05508121063481396,0.11865140262022816,0.43995329716730386,-0.8735042735042735,0.0
770.2280530929565,2396.0,1022.1052631578947,15.578947368421053,9.46154281506482e306,3.473684210526316,0.4761383551403522,0.43995329716730386,1.3273468557869208,-0.8459059403808677,0.03690448527375293,0.05508121063481396,0.11865140791842918,0.43995329716730386,-0.8735042735042735,0.0
775.2504971027374,2412.0,1036.5263157894738,15.578947368421053,9.46154281506482e306,3.473684210526316,0.4761383551403522,0.43995329716730386,1.3273468557869208,-0.8459059403808677,0.03690448527375293,0.05508121063481396,0.11865141002682736,0.43995329716730386,-0.8735042735042735,0.0
780.514986038208,2429.0,1051.6842105263158,15.578947368421053,9.46154281506482e306,3.473684210526316,0.4761383551403522,0.43995329716730386,1.3273468557869208,-0.8459059403808677,0.03690448527375293,0.05508121063481396,0.11865141636290817,0.43995329716730386,-0.8735042735042735,0.0
785.5572741031647,2445.0,1066.0526315789473,15.578947368421053,9.46154281506482e306,3.473684210526316,0.4761383551403522,0.43995329716730386,1.3273468557869208,-0.8459059403808677,0.03690448527375293,0.05508121063481396,0.11865142162684487,0.43995329716730386,-0.8735042735042735,0.0
790.8555431365967,2462.0,1081.2105263157894,15.578947368421053,9.46154281506482e306,3.473684210526316,0.4761383551403522,0.43995329716730386,1.3273468557869208,-0.8459059403808677,0.03690448527375293,0.05508121063481396,0.11865142478110029,0.43995329716730386,-0.8735042735042735,0.0
795.9033660888672,2478.0,1095.842105263158,15.578947368421053,9.46154281506482e306,3.473684210526316,0.4761383551403522,0.43995329716730386,1.3273468557869208,-0.8459059403808677,0.03690448527375293,0.05508121063481396,0.11865142898020631,0.43995329716730386,-0.8735042735042735,0.0
800.9456911087036,2494.0,1109.7368421052631,15.578947368421053,9.46154281506482e306,3.473684210526316,0.4761383551403522,0.43995329716730386,1.3273468557869208,-0.8459059403808677,0.03690448527375293,0.05508121063481396,0.118651435251815,0.43995329716730386,-0.8735042735042735,0.0
806.0737271308899,2510.0,1065.157894736842,15.578947368421053,9.46154281506482e306,3.473684210526316,0.4761383551403522,0.43995329716730386,1.3273468557869208,-0.8459059403808677,0.03690448527375293,0.05508121063481396,0.11865144255695036,0.43995329716730386,-0.8735042735042735,0.0
811.0772709846497,2526.0,1079.6842105263158,15.578947368421053,9.46154281506482e306,3.473684210526316,0.4761383551403522,0.43995329716730386,1.3273468557869208,-0.8459059403808677,0.03690448527375293,0.05508121063481396,0.11865144878860562,0.43995329716730386,-0.8735042735042735,0.0
816.0932550430298,2542.0,1093.7894736842106,15.578947368421053,9.46154281506482e306,3.473684210526316,0.4761383551403522,0.43995329716730386,1.3273468557869208,-0.8459059403808677,0.03690448527375293,0.05508121063481396,0.11865145397940795,0.43995329716730386,-0.8735042735042735,0.0
821.3993330001831,2559.0,1087.9473684210527,15.578947368421053,9.46154281506482e306,3.473684210526316,0.4761383551403522,0.43995329716730386,1.3273468557869208,-0.8459059403808677,0.03690448527375293,0.05508121063481396,0.11865146018335032,0.43995329716730386,-0.8735042735042735,0.0
826.4736621379852,2575.0,1030.8947368421052,15.578947368421053,9.46154281506482e306,3.473684210526316,0.4762978211341053,0.4399502710426703,1.3273468557869208,-0.8459070002838909,0.03691691266489462,0.05508245818448675,0.11865146533500401,0.4399502710426703,-0.8735042735042735,0.0
831.511705160141,2591.0,939.4736842105264,15.578947368421053,9.46154281506482e306,3.473684210526316,0.4762978211341053,0.4399502710426703,1.3273468557869208,-0.8459070002838909,0.03691691266489462,0.05508245818448675,0.1186514704843622,0.4399502710426703,-0.8735042735042735,0.0
836.7264921665192,2607.0,953.8421052631579,15.578947368421053,9.46154281506482e306,3.473684210526316,0.4762978211341053,0.4399502710426703,1.3273468557869208,-0.8459070002838909,0.03691691266489462,0.05508245818448675,0.11865151761323142,0.4399502710426703,-0.8735042735042735,0.0
841.9853661060333,2623.0,968.2105263157895,15.578947368421053,9.46154281506482e306,3.473684210526316,0.4762978211341053,0.4399502710426703,1.3273468557869208,-0.8459070002838909,0.03691691266489462,0.05508245818448675,0.11865152263491899,0.4399502710426703,-0.8735042735042735,0.0
847.1435561180115,2639.0,982.5263157894736,15.578947368421053,9.46154281506482e306,3.473684210526316,0.4762978211341053,0.4399502710426703,1.3273468557869208,-0.8459070002838909,0.03691691266489462,0.05508245818448675,0.11865152864007396,0.4399502710426703,-0.8735042735042735,0.0
852.2526299953461,2655.0,997.1578947368421,15.578947368421053,9.46154281506482e306,3.473684210526316,0.4762978211341053,0.4399502710426703,1.3273468557869208,-0.8459070002838909,0.03691691266489462,0.05508245818448675,0.11865153063971794,0.4399502710426703,-0.8735042735042735,0.0
857.3783800601959,2671.0,1011.0,15.578947368421053,9.46154281506482e306,3.473684210526316,0.4762978211341053,0.4399502710426703,1.3273468557869208,-0.8459070002838909,0.03691691266489462,0.05508245818448675,0.11865153562866107,0.4399502710426703,-0.8735042735042735,0.0
862.5067541599274,2687.0,1025.4736842105262,15.578947368421053,9.46154281506482e306,3.473684210526316,0.4762978211341053,0.4399502710426703,1.3273468557869208,-0.8459070002838909,0.03691691266489462,0.05508245818448675,0.11865153961110257,0.4399502710426703,-0.8735042735042735,0.0
867.597992181778,2703.0,1039.7894736842106,15.578947368421053,9.46154281506482e306,3.473684210526316,0.4762978211341053,0.4399502710426703,1.3273468557869208,-0.8459070002838909,0.03691691266489462,0.05508245818448675,0.1186515445724464,0.4399502710426703,-0.8735042735042735,0.0
872.6653201580048,2719.0,1053.9473684210527,15.578947368421053,9.46154281506482e306,3.473684210526316,0.4762978211341053,0.4399502710426703,1.3273468557869208,-0.8459070002838909,0.03691691266489462,0.05508245818448675,0.1186515495302316,0.4399502710426703,-0.8735042735042735,0.0
877.7787160873413,2735.0,1068.4736842105262,15.578947368421053,9.46154281506482e306,3.473684210526316,0.4762978211341053,0.4399502710426703,1.3273468557869208,-0.8459070002838909,0.03691691266489462,0.05508245818448675,0.11865155447921155,0.4399502710426703,-0.8735042735042735,0.0
882.9097599983215,2751.0,1082.5263157894738,15.578947368421053,9.46154281506482e306,3.473684210526316,0.4762978211341053,0.4399502710426703,1.3273468557869208,-0.8459070002838909,0.03691691266489462,0.05508245818448675,0.11865155842194967,0.4399502710426703,-0.8735042735042735,0.0
888.0992410182953,2767.0,1096.9473684210527,15.578947368421053,9.46154281506482e306,3.473684210526316,0.4762978211341053,0.4399502710426703,1.3273468557869208,-0.8459070002838909,0.03691691266489462,0.05508245818448675,0.11865156334065355,0.4399502710426703,-0.8735042735042735,0.0
893.3045430183411,2783.0,1017.5263157894736,15.578947368421053,9.46154281506482e306,3.473684210526316,0.4762978211341053,0.4399502710426703,1.3273468557869208,-0.8459070002838909,0.03691691266489462,0.05508245818448675,0.11865157119361268,0.4399502710426703,-0.8735042735042735,0.0
898.4020690917969,2799.0,1032.1052631578948,15.578947368421053,9.46154281506482e306,3.473684210526316,0.4762978211341053,0.4399502710426703,1.3273468557869208,-0.8459070002838909,0.03691691266489462,0.05508245818448675,0.11865157412630019,0.4399502710426703,-0.8735042735042735,0.0
903.7103490829468,2816.0,1047.6315789473683,15.578947368421053,9.46154281506482e306,3.473684210526316,0.4762978211341053,0.4399502710426703,1.3273468557869208,-0.8459070002838909,0.03691691266489462,0.05508245818448675,0.11865157510247336,0.4399502710426703,-0.8735042735042735,0.0
908.7842960357666,2832.0,1061.5263157894738,15.578947368421053,9.46154281506482e306,3.473684210526316,0.4762978211341053,0.4399502710426703,1.3273468557869208,-0.8459070002838909,0.03691691266489462,0.05508245818448675,0.11865157900876108,0.4399502710426703,-0.8735042735042735,0.0
913.7853391170502,2848.0,1075.9473684210527,15.578947368421053,9.46154281506482e306,3.473684210526316,0.4762978211341053,0.4399502710426703,1.3273468557869208,-0.8459070002838909,0.03691691266489462,0.05508245818448675,0.11865158193806603,0.4399502710426703,-0.8735042735042735,0.0
918.8928601741791,2864.0,1036.15,14.85,8.988465674311579e306,3.3,0.4762978211341053,0.4399502710426703,1.3273468557869208,-0.8459070002838909,0.03691691266489462,0.05508245818448675,0.11865158777354348,0.4399502710426703,-0.8735042735042735,0.0
923.9662251472473,2880.0,1050.65,14.85,8.988465674311579e306,3.3,0.4762978211341053,0.4399502710426703,1.3273468557869208,-0.8459070002838909,0.03691691266489462,0.05508245818448675,0.11865159262876773,0.4399502710426703,-0.8735042735042735,0.0
928.9968740940094,2896.0,1065.0,14.85,8.988465674311579e306,3.3,0.4762978211341053,0.4399502710426703,1.3273468557869208,-0.8459070002838909,0.03691691266489462,0.05508245818448675,0.11865160036183904,0.4399502710426703,-0.8735042735042735,0.0
934.036276102066,2912.0,1028.047619047619,15.380952380952381,8.560443499344361e306,3.4285714285714284,0.4762978211341053,0.4399502710426703,1.2399498681332943,-0.8459070002838909,0.03691691266489462,0.05508245818448675,0.11179360228987033,0.4399502710426703,-0.8735042735042735,0.0
939.1290640830994,2928.0,1041.8095238095239,15.380952380952381,8.560443499344361e306,3.4285714285714284,0.4762978211341053,0.4399502710426703,1.2459726547605836,-0.8459070002838909,0.03691691266489462,0.05508245818448675,0.11201442540021136,0.4399502710426703,-0.8735042735042735,0.0
944.4488179683685,2945.0,1038.3333333333333,15.380952380952381,8.560443499344361e306,3.4285714285714284,0.4762978211341053,0.4399502710426703,1.252637842027438,-0.8459070002838909,0.03691691266489462,0.05508245818448675,0.11225832799759924,0.4399502710426703,-0.8735042735042735,0.0
949.6860110759735,2962.0,959.6818181818181,16.045454545454547,8.171332431192344e306,3.5454545454545454,0.44726866001263443,0.4181961141673146,1.2554824478472462,-0.8535264143628363,0.03460517030182387,0.05508245818448675,0.11236229289816262,0.4181961141673146,-0.9042735042735043,0.0
954.7691230773926,2978.0,954.7727272727273,16.045454545454547,8.171332431192344e306,3.5454545454545454,0.44726866001263443,0.4181961141673146,1.2592374129884512,-0.8535264143628363,0.03460517030182387,0.05507898523860592,0.11249942962695939,0.4181961141673146,-0.9042735042735043,0.0
959.8670220375061,2994.0,969.0,16.045454545454547,8.171332431192344e306,3.5454545454545454,0.44726866001263443,0.4181961141673146,1.259809445599073,-0.8535264143628363,0.03460517030182387,0.05507898523860592,0.11252031213466161,0.4181961141673146,-0.9042735042735043,0.0
964.9836161136627,3010.0,983.0,16.045454545454547,8.171332431192344e306,3.5454545454545454,0.44726866001263443,0.4181961141673146,1.2629554743785292,-0.8535264143628363,0.03460517030182387,0.05507898523860592,0.11263512362875432,0.4181961141673146,-0.9042735042735043,0.0
970.1290771961212,3026.0,996.5,16.045454545454547,8.171332431192344e306,3.5454545454545454,0.44726866001263443,0.4181961141673146,1.2648060505328385,-0.8535264143628363,0.03460517030182387,0.05507898523860592,0.11270263319794273,0.4181961141673146,-0.9042735042735043,0.0
975.4385950565338,3043.0,1011.5,16.045454545454547,8.171332431192344e306,3.5454545454545454,0.44726866001263443,0.4181961141673146,1.2676363370865342,-0.8535264143628363,0.03460517030182387,0.05507898523860592,0.11280585425152595,0.4181961141673146,-0.9042735042735043,0.0
980.4791100025177,3059.0,1025.0,16.045454545454547,8.171332431192344e306,3.5454545454545454,0.44726866001263443,0.4181961141673146,1.269381415104096,-0.8535264143628363,0.03460517030182387,0.05507898523860592,0.11286948497478543,0.4181961141673146,-0.9042735042735043,0.0
985.6828022003174,3075.0,1038.6363636363637,16.045454545454547,8.171332431192344e306,3.5454545454545454,0.44726866001263443,0.4181961141673146,1.271215104991903,-0.8535264143628363,0.03460517030182387,0.05507898523860592,0.11293634113446187,0.4181961141673146,-0.9042735042735043,0.0
990.9857289791107,3092.0,1053.1818181818182,16.045454545454547,8.171332431192344e306,3.5454545454545454,0.44726866001263443,0.4181961141673146,1.2728027731994356,-0.8535264143628363,0.03460517030182387,0.05507898523860592,0.11299422685130261,0.4181961141673146,-0.9042735042735043,0.0
996.1603710651398,3108.0,1067.1363636363637,16.045454545454547,8.171332431192344e306,3.5454545454545454,0.44726866001263443,0.4181961141673146,1.2741788004164576,-0.8535264143628363,0.03460517030182387,0.05507898523860592,0.11304439968481073,0.4181961141673146,-0.9042735042735043,0.0
1001.3199970722198,3124.0,1055.9545454545455,16.045454545454547,8.171332431192344e306,3.5454545454545454,0.44726866001263443,0.4181961141673146,1.2760792929156928,-0.8535264143628363,0.03460517030182387,0.05507898523860592,0.11311370965583042,0.4181961141673146,-0.9042735042735043,0.0
1006.4072260856628,3140.0,1070.2272727272727,16.045454545454547,8.171332431192344e306,3.5454545454545454,0.44726866001263443,0.4181961141673146,1.2768743720519016,-0.8535264143628363,0.03460517030182387,0.05507898523860592,0.11314271438415188,0.4181961141673146,-0.9042735042735043,0.0
1011.5507400035858,3156.0,1074.6363636363637,16.045454545454547,8.171332431192344e306,3.5454545454545454,0.4468568842007011,0.41815854221727783,1.277446655468502,-0.8535395739739728,0.034575832767466445,0.05507898523860592,0.1131635962390204,0.41815854221727783,-0.9042735042735043,0.0
1016.633061170578,3172.0,1087.6818181818182,16.045454545454547,8.171332431192344e306,3.5454545454545454,0.4467180835497614,0.4181380045984281,1.2778420827586778,-0.8535467672944544,0.034564208106875646,0.05507898523860592,0.11317802780310832,0.4181380045984281,-0.9042735042735043,0.0
1021.6916861534119,3188.0,1100.7727272727273,16.045454545454547,8.171332431192344e306,3.5454545454545454,0.44660887415514794,0.4181199834511392,1.2786639346015232,-0.8535530792183851,0.03455503359588992,0.05507898523860592,0.11320803217571186,0.4181199834511392,-0.9042735042735043,0.0
1026.7049660682678,3204.0,1114.1363636363637,16.045454545454547,8.171332431192344e306,3.5454545454545454,0.4464591109202694,0.4180962951679168,1.278977178474932,-0.8535613760620515,0.03454245452554176,0.05507898523860592,0.11321947259477656,0.4180962951679168,-0.9042735042735043,0.0
1031.9767010211945,3221.0,1128.1818181818182,16.045454545454547,8.171332431192344e306,3.5454545454545454,0.4463336345431888,0.41807735092476467,1.2794530999585803,-0.8535680113011838,0.03453191738219575,0.05507898523860592,0.11323686041761152,0.41807735092476467,-0.9042735042735043,0.0
1037.2516031265259,3238.0,1093.608695652174,16.565217391304348,7.816057108097024e306,3.652173913043478,0.44621081078637953,0.41805959519601443,1.2801823323755954,-0.8535742302620195,0.03452160471280688,0.05507898523860592,0.11326352147783103,0.41805959519601443,-0.9042735042735043,0.0
1042.505546092987,3255.0,1108.4782608695652,16.565217391304348,7.816057108097024e306,3.652173913043478,0.4460511387945339,0.4180376650151463,1.2817808048910173,-0.8535819113286689,0.03450820060983364,0.05507898523860592,0.11331732151476077,0.4180376650151463,-0.9042735042735043,0.0
1047.6349501609802,3271.0,1123.1304347826087,16.565217391304348,7.816057108097024e306,3.652173913043478,0.4460315064580724,0.41803505780896877,1.2818563397035962,-0.8535828245051054,0.03450655270726364,0.05507898523860592,0.11332011517326701,0.41803505780896877,-0.9042735042735043,0.0
1052.7302541732788,3287.0,1089.7916666666667,16.916666666666668,7.490388061926316e306,3.7083333333333335,0.4459344260338471,0.4180224503780462,1.281963267758048,-0.853587240269744,0.034498404545125434,0.05507898523860592,0.11332407350180163,0.4180224503780462,-0.9042735042735043,0.0
1057.8177800178528,3303.0,1103.8333333333333,16.916666666666668,7.490388061926316e306,3.7083333333333335,0.4458391369856974,0.4180105341228272,1.2821257328105364,-0.8535914139494367,0.034490407679412825,0.05507898523860592,0.11333009706660103,0.4180105341228272,-0.9042735042735043,0.0
1062.9636871814728,3319.0,1036.5416666666667,16.916666666666668,7.490388061926316e306,3.7083333333333335,0.4457456238990528,0.41799927835685924,1.282214527382557,-0.8535953562921428,0.03448256074480955,0.05507898523860592,0.11333339483011269,0.41799927835685924,-0.9042735042735043,0.0
1068.0226440429688,3335.0,1034.5,16.916666666666668,7.490388061926316e306,3.7083333333333335,0.44565387042955024,0.4179886534899533,1.2823494166027203,-0.853599077661854,0.03447486230203535,0.05507898523860592,0.11333841374989857,0.4179886534899533,-0.9042735042735043,0.0
1073.1678490638733,3351.0,1047.6666666666667,16.916666666666668,7.490388061926316e306,3.7083333333333335,0.4455460646874956,0.4179766963585237,1.2825137109193818,-0.8536032656584784,0.03446581805334959,0.05507898523860592,0.11334454557569314,0.4179766963585237,-0.9042735042735043,0.0
1078.2072939872742,3367.0,1061.5416666666667,16.916666666666668,7.490388061926316e306,3.7083333333333335,0.445510681655666,0.41797289518788827,1.28259621707344,-0.8536045970220988,0.0344628498712092,0.05507898523860592,0.11334763482236103,0.41797289518788827,-0.9042735042735043,0.0
1083.3340990543365,3383.0,1074.2083333333333,16.916666666666668,7.490388061926316e306,3.7083333333333335,0.44518971739374563,0.41794115821125,1.2827063563009755,-0.8536157129282682,0.03443593000774643,0.05507898523860592,0.1133517721193729,0.41794115821125,-0.9042735042735043,0.0
1088.4298341274261,3399.0,1087.9583333333333,16.916666666666668,7.490388061926316e306,3.7083333333333335,0.4451409392380215,0.4179367749863606,1.2827716228298858,-0.8536172481569431,0.034431840048757316,0.05507898523860592,0.11335423275760062,0.4179367749863606,-0.9042735042735043,0.0
1093.5054500102997,3415.0,974.6666666666666,16.916666666666668,7.490388061926316e306,3.7083333333333335,0.4451248118361439,0.4179353476948363,1.2828450210233218,-0.8536177480671532,0.03443048774047186,0.05507898523860592,0.11335700998635391,0.4179353476948363,-0.9042735042735043,0.0
1098.7479701042175,3431.0,988.0,16.916666666666668,7.490388061926316e306,3.7083333333333335,0.44506094914100885,0.41792981597515777,1.2829342457472546,-0.8536196855572173,0.03442513296308859,0.05507898523860592,0.11336040428615035,0.41792981597515777,-0.9042735042735043,0.0
1103.8852961063385,3447.0,1001.2916666666666,16.916666666666668,7.490388061926316e306,3.7083333333333335,0.4449825632026948,0.41792328808173107,1.282978958156491,-0.8536219719580815,0.03441856090524814,0.05507898523860592,0.11336211489031404,0.41792328808173107,-0.9042735042735043,0.0
1108.992311000824,3463.0,1014.5,16.916666666666668,7.490388061926316e306,3.7083333333333335,0.4448905869179045,0.4179159944656091,1.2830291723122578,-0.8536245265540462,0.034410850048663205,0.05507898523860592,0.11336404583998491,0.4179159944656091,-0.9042735042735043,0.0
1114.091215133667,3479.0,1028.3333333333333,16.916666666666668,7.490388061926316e306,3.7083333333333335,0.44486042794976927,0.4179136885756715,1.283082000062464,-0.8536253341941838,0.034408321813238524,0.05507898523860592,0.11336609154463298,0.4179136885756715,-0.9042735042735043,0.0
1119.2109820842743,3495.0,1041.1666666666667,16.916666666666668,7.490388061926316e306,3.7083333333333335,0.44474225297104397,0.417905058853991,1.2831415205176668,-0.8536283567623876,0.03439841586850692,0.05507898523860592,0.11336842004449695,0.417905058853991,-0.9042735042735043,0.0
1124.2590970993042,3511.0,1054.625,16.916666666666668,7.490388061926316e306,3.7083333333333335,0.4446846218235164,0.41790108381924995,1.2831791309802867,-0.8536297490220759,0.03439358537088949,0.05507898523860592,0.11336990921618159,0.41790108381924995,-0.9042735042735043,0.0
1129.3008670806885,3527.0,1067.9583333333333,16.916666666666668,7.490388061926316e306,3.7083333333333335,0.44462794606746187,0.4178973232542769,1.2831959537721254,-0.8536310661635245,0.034388835201483045,0.05507898523860592,0.11337058121251993,0.4178973232542769,-0.9042735042735043,0.0
1134.3286809921265,3543.0,1081.2083333333333,16.916666666666668,7.490388061926316e306,3.7083333333333335,0.4445310271643771,0.4178912323986678,1.2832351362012506,-0.8536331994914786,0.0343807126943695,0.05507898523860592,0.11337216512003502,0.4178912323986678,-0.9042735042735043,0.0
1139.434329032898,3559.0,1094.375,16.916666666666668,7.490388061926316e306,3.7083333333333335,0.444463533842466,0.41788724307038005,1.2832437633366371,-0.8536345967574952,0.03437505667760741,0.05507898523860592,0.11337251824856666,0.41788724307038005,-0.9042735042735043,0.0
1144.5566611289978,3575.0,1075.2083333333333,16.916666666666668,7.490388061926316e306,3.7083333333333335,0.44438441321489464,0.41788282895108775,1.2832808777488598,-0.8536361428069641,0.034368426703028226,0.05507898523860592,0.11337406281353919,0.41788282895108775,-0.9042735042735043,0.0
1149.6998200416565,3591.0,1088.5,16.916666666666668,7.490388061926316e306,3.7083333333333335,0.4443072963301634,0.41787879804944406,1.2833016863637017,-0.853637554634088,0.034361965065668305,0.05507898523860592,0.11337495388812296,0.41787879804944406,-0.9029059829059829,0.0
1154.802502155304,3607.0,1101.75,16.916666666666668,7.490388061926316e306,3.7083333333333335,0.4442321432204287,0.4178751264584912,1.2833143496126667,-0.8536388406123017,0.034355668376032454,0.05507898523860592,0.1133755093470011,0.4178751264584912,-0.9029059829059829,0.0
1159.9115331172943,3623.0,1115.0833333333333,16.916666666666668,7.490388061926316e306,3.7083333333333335,0.44413492486851713,0.4178707509712967,1.2833294153138244,-0.8536403731308415,0.03434752353181283,0.05507898523860592,0.11337618875402074,0.4178707509712967,-0.9029059829059829,0.0
1164.9336910247803,3639.0,1128.625,16.916666666666668,7.490388061926316e306,3.7083333333333335,0.44406419890322457,0.4178678317986305,1.2833385070498604,-0.8536413955738367,0.034341598591311535,0.05507898523860592,0.11337661234450451,0.4178678317986305,-0.9029059829059829,0.0
1170.0639309883118,3655.0,1141.75,16.916666666666668,7.490388061926316e306,3.7083333333333335,0.4439839970698512,0.41786478932031534,1.2833463785063959,-0.8536424612047523,0.03433488022766401,0.05507898523860592,0.11337699074657424,0.41786478932031534,-0.9029059829059829,0.0
1175.0951070785522,3671.0,1155.0416666666667,16.916666666666668,7.490388061926316e306,3.7083333333333335,0.4439171892631395,0.4178624713944068,1.28335439975009,-0.8536432730605003,0.03432928417679405,0.05507898523860592,0.11337739197140709,0.4178624713944068,-0.9029059829059829,0.0
1180.3954830169678,3688.0,1169.1666666666667,16.916666666666668,7.490388061926316e306,3.7083333333333335,0.4438628518783029,0.41786073069353574,1.2833630051831602,-0.8536438827426314,0.03432473290154051,0.05507898523860592,0.11337784918242547,0.41786073069353574,-0.9029059829059829,0.0
1185.4511930942535,3704.0,1182.6666666666667,16.916666666666668,7.490388061926316e306,3.7083333333333335,0.44380970497952854,0.4178591531981064,1.2833673368446128,-0.8536444352619017,0.034320281520723375,0.05507898523860592,0.11337809586550289,0.4178591531981064,-0.9029059829059829,0.0
1190.4706501960754,3720.0,1102.1666666666667,16.916666666666668,7.490388061926316e306,3.7083333333333335,0.44363264843563405,0.41785417304997186,1.2833702945255698,-0.8536461795635094,0.034305435210065224,0.05507898523860592,0.11337827420260875,0.41785417304997186,-0.9029059829059829,0.0
1195.5054371356964,3736.0,1116.1666666666667,16.916666666666668,7.490388061926316e306,3.7083333333333335,0.44363264843563405,0.41785417304997186,1.283373422537153,-0.8536461795635094,0.034305435210065224,0.05507898523860592,0.1133784757466732,0.41785417304997186,-0.9029059829059829,0.0
1200.62358212471,3752.0,1130.2083333333333,16.916666666666668,7.490388061926316e306,3.7083333333333335,0.44363264843563405,0.41785417304997186,1.2833745112789856,-0.8536461795635094,0.034305435210065224,0.05507898523860592,0.11337855024733921,0.41785417304997186,-0.9029059829059829,0.0
1205.7567009925842,3768.0,1143.9583333333333,16.916666666666668,7.490388061926316e306,3.7083333333333335,0.44363264843563405,0.41785417304997186,1.2833759834868417,-0.8536461795635094,0.034305435210065224,0.05507898523860592,0.11337865592036456,0.41785417304997186,-0.9029059829059829,0.0
1210.858775138855,3784.0,1158.375,16.916666666666668,7.490388061926316e306,3.7083333333333335,0.44363264843563405,0.41785417304997186,1.283378040105509,-0.8536461795635094,0.034305435210065224,0.05507898523860592,0.11337881701788168,0.41785417304997186,-0.9029059829059829,0.0
1216.1195499897003,3801.0,1172.875,16.916666666666668,7.490388061926316e306,3.7083333333333335,0.44363264843563405,0.41785417304997186,1.2833799207776782,-0.8536461795635094,0.034305435210065224,0.05507898523860592,0.11337898801793721,0.41785417304997186,-0.9029059829059829,0.0
1221.1977910995483,3817.0,1186.9583333333333,16.916666666666668,7.490388061926316e306,3.7083333333333335,0.44363264843563405,0.41785417304997186,1.2833812410030436,-0.8536461795635094,0.034305435210065224,0.05507898523860592,0.1133791376037773,0.41785417304997186,-0.9029059829059829,0.0
1226.5208151340485,3834.0,1201.9166666666667,16.916666666666668,7.490388061926316e306,3.7083333333333335,0.44363264843563405,0.41785417304997186,1.2833821718264584,-0.8536461795635094,0.034305435210065224,0.05507898523860592,0.11337928866845781,0.41785417304997186,-0.9029059829059829,0.0
1231.5353500843048,3850.0,1216.0416666666667,16.916666666666668,7.490388061926316e306,3.7083333333333335,0.44363264843563405,0.41785417304997186,1.2833825207427179,-0.8536461795635094,0.034305435210065224,0.05507898523860592,0.1133794007444029,0.41785417304997186,-0.9029059829059829,0.0
1236.81108212471,3867.0,1230.625,16.916666666666668,7.490388061926316e306,3.7083333333333335,0.44363264843563405,0.41785417304997186,1.2833824819352522,-0.8536461795635094,0.034305435210065224,0.05507898523860592,0.1133795140362515,0.41785417304997186,-0.9029059829059829,0.0
1241.8769421577454,3883.0,1237.8333333333333,16.916666666666668,7.490388061926316e306,3.7083333333333335,0.44357220668679703,0.4178533529805843,1.2833821210802299,-0.8536464667935902,0.03430038373956491,0.05507898523860592,0.11337959817873168,0.4178533529805843,-0.9029059829059829,0.0
1247.1534841060638,3900.0,1253.0416666666667,16.916666666666668,7.490388061926316e306,3.7083333333333335,0.44357220668679703,0.4178533529805843,1.2903397884168903,-0.8536464667935902,0.03430038373956491,0.05507898523860592,0.11362358593975148,0.4178533529805843,-0.9029059829059829,0.0
1252.2359340190887,3916.0,1267.9166666666667,16.916666666666668,7.490388061926316e306,3.7083333333333335,0.44357220668679703,0.4178533529805843,1.2903397884168903,-0.8536464667935902,0.03430038373956491,0.05507898523860592,0.11362358593975148,0.4178533529805843,-0.9029059829059829,0.0
1257.3526020050049,3932.0,1280.875,16.916666666666668,7.490388061926316e306,3.7083333333333335,0.4435210460376296,0.41785049500487254,1.2903397884168903,-0.853647467802294,0.03429603452072991,0.05507898523860592,0.11362358593975148,0.41785049500487254,-0.9029059829059829,0.0
1262.449187040329,3948.0,1295.5,16.916666666666668,7.490388061926316e306,3.7083333333333335,0.4435210460376296,0.41785049500487254,1.2903397884168903,-0.853647467802294,0.03429603452072991,0.05507898523860592,0.11362358593975148,0.41785049500487254,-0.9029059829059829,0.0
1267.568412065506,3964.0,1310.1666666666667,16.916666666666668,7.490388061926316e306,3.7083333333333335,0.4435210460376296,0.41785049500487254,1.2903397884168903,-0.853647467802294,0.03429603452072991,0.05507898523860592,0.11362358593975148,0.41785049500487254,-0.9029059829059829,0.0
1272.8806750774384,3981.0,1325.875,16.916666666666668,7.490388061926316e306,3.7083333333333335,0.4435210460376296,0.41785049500487254,1.2903397884168903,-0.853647467802294,0.03429603452072991,0.05507898523860592,0.11362358593975148,0.41785049500487254,-0.9029059829059829,0.0
1277.986428976059,3997.0,1340.9583333333333,16.916666666666668,7.490388061926316e306,3.7083333333333335,0.4435210460376296,0.41785049500487254,1.2903397884168903,-0.853647467802294,0.03429603452072991,0.05507898523860592,0.11362358593975148,0.41785049500487254,-0.9029059829059829,0.0
1283.0142459869385,4013.0,1356.4166666666667,16.916666666666668,7.490388061926316e306,3.7083333333333335,0.4435210460376296,0.41785049500487254,1.2903397884168903,-0.853647467802294,0.03429603452072991,0.05507898523860592,0.11362358593975148,0.41785049500487254,-0.9029059829059829,0.0
1288.0661761760712,4029.0,1371.6666666666667,16.916666666666668,7.490388061926316e306,3.7083333333333335,0.4435210460376296,0.41785049500487254,1.2903397884168903,-0.853647467802294,0.03429603452072991,0.05507898523860592,0.11362358593975148,0.41785049500487254,-0.9029059829059829,0.0
1293.3804399967194,4046.0,1388.0833333333333,16.916666666666668,7.490388061926316e306,3.7083333333333335,0.4435210460376296,0.41785049500487254,1.2903397884168903,-0.853647467802294,0.03429603452072991,0.05507898523860592,0.11362358593975148,0.41785049500487254,-0.9029059829059829,0.0
1298.4828929901123,4062.0,1403.25,16.916666666666668,7.490388061926316e306,3.7083333333333335,0.4435210460376296,0.41785049500487254,1.2903397884168903,-0.853647467802294,0.03429603452072991,0.05507898523860592,0.11362358593975148,0.41785049500487254,-0.9029059829059829,0.0
1303.5704441070557,4078.0,1418.5833333333333,16.916666666666668,7.490388061926316e306,3.7083333333333335,0.4435210460376296,0.41785049500487254,1.2903397884168903,-0.853647467802294,0.03429603452072991,0.05507898523860592,0.11362358593975148,0.41785049500487254,-0.9029059829059829,0.0
1308.6663291454315,4094.0,1433.9583333333333,16.916666666666668,7.490388061926316e306,3.7083333333333335,0.4435210460376296,0.41785049500487254,1.2903397884168903,-0.853647467802294,0.03429603452072991,0.05507898523860592,0.11362358593975148,0.41785049500487254,-0.9029059829059829,0.0
1313.828910112381,4110.0,1449.3333333333333,16.916666666666668,7.490388061926316e306,3.7083333333333335,0.4435210460376296,0.41785049500487254,1.2903397884168903,-0.853647467802294,0.03429603452072991,0.05507898523860592,0.11362358593975148,0.41785049500487254,-0.9029059829059829,0.0
1318.9193251132965,4126.0,1464.7083333333333,16.916666666666668,7.490388061926316e306,3.7083333333333335,0.4435210460376296,0.41785049500487254,1.2903397884168903,-0.853647467802294,0.03429603452072991,0.05507898523860592,0.11362358593975148,0.41785049500487254,-0.9029059829059829,0.0
1323.9422199726105,4142.0,1480.0416666666667,16.916666666666668,7.490388061926316e306,3.7083333333333335,0.4435210460376296,0.41785049500487254,1.2903397884168903,-0.853647467802294,0.03429603452072991,0.05507898523860592,0.11362358593975148,0.41785049500487254,-0.9029059829059829,0.0
1329.0083119869232,4158.0,1495.375,16.916666666666668,7.490388061926316e306,3.7083333333333335,0.4435210460376296,0.41785049500487254,1.2903397884168903,-0.853647467802294,0.03429603452072991,0.05507898523860592,0.11362358593975148,0.41785049500487254,-0.9029059829059829,0.0
1334.3357830047607,4175.0,1511.625,16.916666666666668,7.490388061926316e306,3.7083333333333335,0.4435210460376296,0.41785049500487254,1.2903397884168903,-0.853647467802294,0.03429603452072991,0.05507898523860592,0.11362358593975148,0.41785049500487254,-0.9029059829059829,0.0
1339.4257760047913,4191.0,1527.1666666666667,16.916666666666668,7.490388061926316e306,3.7083333333333335,0.4435210460376296,0.41785049500487254,1.2903397884168903,-0.853647467802294,0.03429603452072991,0.05507898523860592,0.11362358593975148,0.41785049500487254,-0.9029059829059829,0.0
1344.5135371685028,4207.0,1542.2916666666667,16.916666666666668,7.490388061926316e306,3.7083333333333335,0.4435210460376296,0.41785049500487254,1.2903397884168903,-0.853647467802294,0.03429603452072991,0.05507898523860592,0.11362358593975148,0.41785049500487254,-0.9029059829059829,0.0
1349.6153609752655,4223.0,1557.6666666666667,16.916666666666668,7.490388061926316e306,3.7083333333333335,0.4435210460376296,0.41785049500487254,1.2903397884168903,-0.853647467802294,0.03429603452072991,0.05507898523860592,0.11362358593975148,0.41785049500487254,-0.9029059829059829,0.0
1354.7491121292114,4239.0,1573.0,16.916666666666668,7.490388061926316e306,3.7083333333333335,0.4435210460376296,0.41785049500487254,1.2903397884168903,-0.853647467802294,0.03429603452072991,0.05507898523860592,0.11362358593975148,0.41785049500487254,-0.9029059829059829,0.0
1359.9121761322021,4255.0,1588.2083333333333,16.916666666666668,7.490388061926316e306,3.7083333333333335,0.4435210460376296,0.41785049500487254,1.2903397884168903,-0.853647467802294,0.03429603452072991,0.05507898523860592,0.11362358593975148,0.41785049500487254,-0.9029059829059829,0.0
1365.107190132141,4271.0,1603.7083333333333,16.916666666666668,7.490388061926316e306,3.7083333333333335,0.4435210460376296,0.41785049500487254,1.2903397884168903,-0.853647467802294,0.03429603452072991,0.05507898523860592,0.11362358593975148,0.41785049500487254,-0.9029059829059829,0.0
1370.1887559890747,4287.0,1618.9166666666667,16.916666666666668,7.490388061926316e306,3.7083333333333335,0.4435210460376296,0.41785049500487254,1.2903397884168903,-0.853647467802294,0.03429603452072991,0.05507898523860592,0.11362358593975148,0.41785049500487254,-0.9029059829059829,0.0
1375.377946138382,4303.0,1589.875,16.916666666666668,7.490388061926316e306,3.7083333333333335,0.4435210460376296,0.41785049500487254,1.2903397884168903,-0.853647467802294,0.03429603452072991,0.05507898523860592,0.11362358593975148,0.41785049500487254,-0.9029059829059829,0.0
1380.5309851169586,4319.0,1605.3333333333333,16.916666666666668,7.490388061926316e306,3.7083333333333335,0.4435210460376296,0.41785049500487254,1.2903397884168903,-0.853647467802294,0.03429603452072991,0.05507898523860592,0.11362358593975148,0.41785049500487254,-0.9029059829059829,0.0
1385.6666841506958,4335.0,1620.5416666666667,16.916666666666668,7.490388061926316e306,3.7083333333333335,0.4435210460376296,0.41785049500487254,1.2903397884168903,-0.853647467802294,0.03429603452072991,0.05507898523860592,0.11362358593975148,0.41785049500487254,-0.9029059829059829,0.0
1390.76043009758,4351.0,1635.9166666666667,16.916666666666668,7.490388061926316e306,3.7083333333333335,0.4435210460376296,0.41785049500487254,1.2903397884168903,-0.853647467802294,0.03429603452072991,0.05507898523860592,0.11362358593975148,0.41785049500487254,-0.9029059829059829,0.0
1395.8164291381836,4367.0,1651.2916666666667,16.916666666666668,7.490388061926316e306,3.7083333333333335,0.4435210460376296,0.41785049500487254,1.2903397884168903,-0.853647467802294,0.03429603452072991,0.05507898523860592,0.11362358593975148,0.41785049500487254,-0.9029059829059829,0.0
1400.898101091385,4383.0,1666.5,16.916666666666668,7.490388061926316e306,3.7083333333333335,0.4435210460376296,0.41785049500487254,1.2903397884168903,-0.853647467802294,0.03429603452072991,0.05507898523860592,0.11362358593975148,0.41785049500487254,-0.9029059829059829,0.0
1406.0644099712372,4399.0,1682.0833333333333,16.916666666666668,7.490388061926316e306,3.7083333333333335,0.4435210460376296,0.41785049500487254,1.2903397884168903,-0.853647467802294,0.03429603452072991,0.05507898523860592,0.11362358593975148,0.41785049500487254,-0.9029059829059829,0.0
1411.2902791500092,4415.0,1697.2916666666667,16.916666666666668,7.490388061926316e306,3.7083333333333335,0.4435210460376296,0.41785049500487254,1.2903397884168903,-0.853647467802294,0.03429603452072991,0.05507898523860592,0.11362358593975148,0.41785049500487254,-0.9029059829059829,0.0
1416.4751591682434,4431.0,1712.5,16.916666666666668,7.490388061926316e306,3.7083333333333335,0.4435210460376296,0.41785049500487254,1.2903397884168903,-0.853647467802294,0.03429603452072991,0.05507898523860592,0.11362358593975148,0.41785049500487254,-0.9029059829059829,0.0
1421.611675977707,4447.0,1727.9166666666667,16.916666666666668,7.490388061926316e306,3.7083333333333335,0.4435210460376296,0.41785049500487254,1.2903397884168903,-0.853647467802294,0.03429603452072991,0.05507898523860592,0.11362358593975148,0.41785049500487254,-0.9029059829059829,0.0
1426.8027000427246,4463.0,1743.5833333333333,16.916666666666668,7.490388061926316e306,3.7083333333333335,0.4435210460376296,0.41785049500487254,1.2903397884168903,-0.853647467802294,0.03429603452072991,0.05507898523860592,0.11362358593975148,0.41785049500487254,-0.9029059829059829,0.0
1431.944316148758,4479.0,1758.5,16.916666666666668,7.490388061926316e306,3.7083333333333335,0.4435210460376296,0.41785049500487254,1.2903397884168903,-0.853647467802294,0.03429603452072991,0.05507898523860592,0.11362358593975148,0.41785049500487254,-0.9029059829059829,0.0
1437.0337090492249,4495.0,1773.9166666666667,16.916666666666668,7.490388061926316e306,3.7083333333333335,0.4435210460376296,0.41785049500487254,1.2903397884168903,-0.853647467802294,0.03429603452072991,0.05507898523860592,0.11362358593975148,0.41785049500487254,-0.9029059829059829,0.0
1442.195270061493,4511.0,1789.5416666666667,16.916666666666668,7.490388061926316e306,3.7083333333333335,0.4435210460376296,0.41785049500487254,1.2903397884168903,-0.853647467802294,0.03429603452072991,0.05507898523860592,0.11362358593975148,0.41785049500487254,-0.9029059829059829,0.0
1447.371558189392,4527.0,1804.5833333333333,16.916666666666668,7.490388061926316e306,3.7083333333333335,0.4435210460376296,0.41785049500487254,1.2903397884168903,-0.853647467802294,0.03429603452072991,0.05507898523860592,0.11362358593975148,0.41785049500487254,-0.9029059829059829,0.0
1452.5879580974579,4543.0,1769.25,16.916666666666668,7.490388061926316e306,3.7083333333333335,0.4435210460376296,0.41785049500487254,1.2903397884168903,-0.853647467802294,0.03429603452072991,0.05507898523860592,0.11362358593975148,0.41785049500487254,-0.9029059829059829,0.0
1457.763013124466,4559.0,1784.625,16.916666666666668,7.490388061926316e306,3.7083333333333335,0.4435210460376296,0.41785049500487254,1.2903397884168903,-0.853647467802294,0.03429603452072991,0.05507898523860592,0.11362358593975148,0.41785049500487254,-0.9029059829059829,0.0
1462.8763341903687,4575.0,1799.9166666666667,16.916666666666668,7.490388061926316e306,3.7083333333333335,0.4435210460376296,0.41785049500487254,1.2903397884168903,-0.853647467802294,0.03429603452072991,0.05507898523860592,0.11362358593975148,0.41785049500487254,-0.9029059829059829,0.0
1468.0453641414642,4591.0,1815.2916666666667,16.916666666666668,7.490388061926316e306,3.7083333333333335,0.4435210460376296,0.41785049500487254,1.2903397884168903,-0.853647467802294,0.03429603452072991,0.05507898523860592,0.11362358593975148,0.41785049500487254,-0.9029059829059829,0.0
1473.179918050766,4607.0,1830.625,16.916666666666668,7.490388061926316e306,3.7083333333333335,0.4435210460376296,0.41785049500487254,1.2903397884168903,-0.853647467802294,0.03429603452072991,0.05507898523860592,0.11362358593975148,0.41785049500487254,-0.9029059829059829,0.0
1478.2568559646606,4623.0,1845.9166666666667,16.916666666666668,7.490388061926316e306,3.7083333333333335,0.4435210460376296,0.41785049500487254,1.2903397884168903,-0.853647467802294,0.03429603452072991,0.05507898523860592,0.11362358593975148,0.41785049500487254,-0.9029059829059829,0.0
1483.3432221412659,4639.0,1861.2916666666667,16.916666666666668,7.490388061926316e306,3.7083333333333335,0.4435210460376296,0.41785049500487254,1.2903397884168903,-0.853647467802294,0.03429603452072991,0.05507898523860592,0.11362358593975148,0.41785049500487254,-0.9029059829059829,0.0
1488.4497311115265,4655.0,1876.6666666666667,16.916666666666668,7.490388061926316e306,3.7083333333333335,0.4435210460376296,0.41785049500487254,1.2903397884168903,-0.853647467802294,0.03429603452072991,0.05507898523860592,0.11362358593975148,0.41785049500487254,-0.9029059829059829,0.0
1493.5635809898376,4671.0,1892.2083333333333,16.916666666666668,7.490388061926316e306,3.7083333333333335,0.4435210460376296,0.41785049500487254,1.2903397884168903,-0.853647467802294,0.03429603452072991,0.05507898523860592,0.11362358593975148,0.41785049500487254,-0.9029059829059829,0.0
1498.709102153778,4687.0,1907.25,16.916666666666668,7.490388061926316e306,3.7083333333333335,0.4435210460376296,0.41785049500487254,1.2903397884168903,-0.853647467802294,0.03429603452072991,0.05507898523860592,0.11362358593975148,0.41785049500487254,-0.9029059829059829,0.0
1503.816200017929,4703.0,1922.875,16.916666666666668,7.490388061926316e306,3.7083333333333335,0.4435210460376296,0.41785049500487254,1.2903397884168903,-0.853647467802294,0.03429603452072991,0.05507898523860592,0.11362358593975148,0.41785049500487254,-0.9029059829059829,0.0
1508.9887611865997,4719.0,1937.9166666666667,16.916666666666668,7.490388061926316e306,3.7083333333333335,0.4435210460376296,0.41785049500487254,1.2903397884168903,-0.853647467802294,0.03429603452072991,0.05507898523860592,0.11362358593975148,0.41785049500487254,-0.9029059829059829,0.0
1514.1420760154724,4735.0,1953.25,16.916666666666668,7.490388061926316e306,3.7083333333333335,0.4435210460376296,0.41785049500487254,1.2903397884168903,-0.853647467802294,0.03429603452072991,0.05507898523860592,0.11362358593975148,0.41785049500487254,-0.9029059829059829,0.0
1519.3008930683136,4751.0,1968.625,16.916666666666668,7.490388061926316e306,3.7083333333333335,0.4435210460376296,0.41785049500487254,1.2903397884168903,-0.853647467802294,0.03429603452072991,0.05507898523860592,0.11362358593975148,0.41785049500487254,-0.9029059829059829,0.0
1524.4334959983826,4767.0,1983.9583333333333,16.916666666666668,7.490388061926316e306,3.7083333333333335,0.4435210460376296,0.41785049500487254,1.2903397884168903,-0.853647467802294,0.03429603452072991,0.05507898523860592,0.11362358593975148,0.41785049500487254,-0.9029059829059829,0.0
1529.6070611476898,4783.0,1924.125,16.916666666666668,7.490388061926316e306,3.7083333333333335,0.4435210460376296,0.41785049500487254,1.2903397884168903,-0.853647467802294,0.03429603452072991,0.05702310815004408,0.11362358593975148,0.41785049500487254,-0.9029059829059829,0.0
1534.7093930244446,4799.0,1939.5833333333333,16.916666666666668,7.490388061926316e306,3.7083333333333335,0.4435210460376296,0.41785049500487254,1.2903397884168903,-0.853647467802294,0.03429603452072991,0.05702310815004408,0.11362358593975148,0.41785049500487254,-0.9029059829059829,0.0
1539.8849000930786,4815.0,1954.6666666666667,16.916666666666668,7.490388061926316e306,3.7083333333333335,0.4435210460376296,0.41785049500487254,1.2903397884168903,-0.853647467802294,0.03429603452072991,0.05702310815004408,0.11362358593975148,0.41785049500487254,-0.9029059829059829,0.0
1545.0729341506958,4831.0,1970.0833333333333,16.916666666666668,7.490388061926316e306,3.7083333333333335,0.4435210460376296,0.41785049500487254,1.2903397884168903,-0.853647467802294,0.03429603452072991,0.05702310815004408,0.11362358593975148,0.41785049500487254,-0.9029059829059829,0.0
1550.2112650871277,4847.0,1985.5833333333333,16.916666666666668,7.490388061926316e306,3.7083333333333335,0.4435210460376296,0.41785049500487254,1.2903397884168903,-0.853647467802294,0.03429603452072991,0.05702310815004408,0.11362358593975148,0.41785049500487254,-0.9029059829059829,0.0
1555.411092042923,4863.0,2000.9166666666667,16.916666666666668,7.490388061926316e306,3.7083333333333335,0.4435210460376296,0.41785049500487254,1.2903397884168903,-0.853647467802294,0.03429603452072991,0.05702310815004408,0.11362358593975148,0.41785049500487254,-0.9029059829059829,0.0
1560.579502105713,4879.0,2016.0,16.916666666666668,7.490388061926316e306,3.7083333333333335,0.4435210460376296,0.41785049500487254,1.2903397884168903,-0.853647467802294,0.03429603452072991,0.05702310815004408,0.11362358593975148,0.41785049500487254,-0.9029059829059829,0.0
1565.7043070793152,4895.0,2031.4583333333333,16.916666666666668,7.490388061926316e306,3.7083333333333335,0.4435210460376296,0.41785049500487254,1.2903397884168903,-0.853647467802294,0.03429603452072991,0.05702310815004408,0.11362358593975148,0.41785049500487254,-0.9029059829059829,0.0
1570.769424200058,4911.0,2007.9166666666667,16.916666666666668,7.490388061926316e306,3.7083333333333335,0.4435210460376296,0.41785049500487254,1.2903397884168903,-0.853647467802294,0.03429603452072991,0.05702310815004408,0.11362358593975148,0.41785049500487254,-0.9029059829059829,0.0
1575.9143981933594,4927.0,2023.0416666666667,16.916666666666668,7.490388061926316e306,3.7083333333333335,0.4435210460376296,0.41785049500487254,1.2903397884168903,-0.853647467802294,0.03429603452072991,0.05702310815004408,0.11362358593975148,0.41785049500487254,-0.9029059829059829,0.0
1581.093602180481,4943.0,2038.375,16.916666666666668,7.490388061926316e306,3.7083333333333335,0.4435210460376296,0.41785049500487254,1.2903397884168903,-0.853647467802294,0.03429603452072991,0.05702310815004408,0.11362358593975148,0.41785049500487254,-0.9029059829059829,0.0
1586.3145151138306,4959.0,2003.375,16.916666666666668,7.490388061926316e306,3.7083333333333335,0.44346898067854823,0.41785009197321404,1.2903397884168903,-0.8536476089645146,0.03429168675676113,0.05702462502666592,0.11362358593975148,0.41785009197321404,-0.9029059829059829,0.0
1591.5177819728851,4975.0,2019.0416666666667,16.916666666666668,7.490388061926316e306,3.7083333333333335,0.44346898067854823,0.41785009197321404,1.2903397884168903,-0.8536476089645146,0.03429168675676113,0.05702462502666592,0.11362358593975148,0.41785009197321404,-0.9029059829059829,0.0
1596.641452074051,4991.0,2005.0416666666667,16.916666666666668,Inf,3.6666666666666665,0.44346898067854823,0.41785009197321404,1.2903397884168903,-0.8536476089645146,0.03429168675676113,0.05702462502666592,0.11362358593975148,0.41785009197321404,-0.9029059829059829,0.0
1601.7487909793854,5007.0,1945.625,16.916666666666668,Inf,3.6666666666666665,0.44334274299626314,0.41785006494224824,1.2903397884168903,-0.853647618432136,0.034281162079947775,0.057028599843064236,0.11362358593975148,0.41785006494224824,-0.9029059829059829,0.0
1606.9372670650482,5023.0,1960.875,16.916666666666668,Inf,3.6666666666666665,0.44334274299626314,0.41785006494224824,1.2903397884168903,-0.853647618432136,0.034281162079947775,0.057028599843064236,0.11362358593975148,0.41785006494224824,-0.9029059829059829,0.0
1612.0759680271149,5039.0,1976.2083333333333,16.916666666666668,Inf,3.6666666666666665,0.44334274299626314,0.41785006494224824,1.2903397884168903,-0.853647618432136,0.034281162079947775,0.057028599843064236,0.11362358593975148,0.41785006494224824,-0.9029059829059829,0.0
1617.2261471748352,5055.0,1991.5833333333333,16.916666666666668,Inf,3.6666666666666665,0.44334274299626314,0.41785006494224824,1.2903397884168903,-0.853647618432136,0.034281162079947775,0.057028599843064236,0.11362358593975148,0.41785006494224824,-0.9029059829059829,0.0
1622.386610031128,5071.0,1957.75,16.916666666666668,Inf,3.625,0.44334274299626314,0.41785006494224824,1.3273468557869208,-0.853647618432136,0.034281162079947775,0.057028599843064236,0.11715374790403865,0.41785006494224824,-0.9029059829059829,0.0
1627.547515153885,5087.0,1826.75,16.916666666666668,Inf,3.625,0.44334274299626314,0.41785006494224824,1.3373629115137877,-0.853647618432136,0.034281162079947775,0.057028599843064236,0.11715374790403865,0.41785006494224824,-0.9029059829059829,0.0
1632.6710259914398,5103.0,1842.1666666666667,16.916666666666668,Inf,3.625,0.44334274299626314,0.41785006494224824,1.3373629115137877,-0.853647618432136,0.034281162079947775,0.057028599843064236,0.11715374790403865,0.41785006494224824,-0.9029059829059829,0.0
1637.9098181724548,5119.0,1857.5,16.916666666666668,Inf,3.625,0.44334274299626314,0.41785006494224824,1.3373629115137877,-0.853647618432136,0.034281162079947775,0.057028599843064236,0.11715374790403865,0.41785006494224824,-0.9029059829059829,0.0
1643.055421113968,5135.0,1866.9166666666667,16.916666666666668,Inf,3.625,0.44334274299626314,0.41785006494224824,1.3373629115137877,-0.853647618432136,0.034281162079947775,0.057028599843064236,0.11715374790403865,0.41785006494224824,-0.9029059829059829,0.0
1648.2806601524353,5151.0,1882.2083333333333,16.916666666666668,Inf,3.625,0.44334274299626314,0.41785006494224824,1.3373629115137877,-0.853647618432136,0.034281162079947775,0.057028599843064236,0.11715374790403865,0.41785006494224824,-0.9029059829059829,0.0
1653.446209192276,5167.0,1660.0,16.36,Inf,3.52,0.4432176466974729,0.41784947673174877,1.3373629115137877,-0.8536478244534214,0.03427069063090788,0.057031528095253956,0.11715374790403865,0.41784947673174877,-0.9029059829059829,0.0
1658.6173660755157,5183.0,1671.08,16.36,Inf,3.56,0.4432176466974729,0.41784947673174877,1.2952090607764255,-0.8536478244534214,0.03427069063090788,0.057031528095253956,0.1137991986399503,0.41784947673174877,-0.9029059829059829,0.0
1663.8386981487274,5199.0,1686.4,16.36,Inf,3.56,0.4432176466974729,0.41784947673174877,1.2952090607764255,-0.8536478244534214,0.03427069063090788,0.057031528095253956,0.1137991986399503,0.41784947673174877,-0.9029059829059829,0.0
1669.0595970153809,5215.0,1701.84,16.36,Inf,3.56,0.4432176466974729,0.41784947673174877,1.2952090607764255,-0.8536478244534214,0.03427069063090788,0.057031528095253956,0.1137991986399503,0.41784947673174877,-0.9029059829059829,0.0
1674.1698231697083,5231.0,1717.16,16.36,Inf,3.56,0.4432176466974729,0.41784947673174877,1.2952090607764255,-0.8536478244534214,0.03427069063090788,0.057031528095253956,0.1137991986399503,0.41784947673174877,-0.9029059829059829,0.0
1679.3036160469055,5247.0,1728.92,16.36,Inf,3.56,0.4432176466974729,0.41784947673174877,1.2952090607764255,-0.8536478244534214,0.03427069063090788,0.057031528095253956,0.1137991986399503,0.41784947673174877,-0.9029059829059829,0.0
1684.5473260879517,5263.0,1744.2,16.36,Inf,3.56,0.4432176466974729,0.41784947673174877,1.2952090607764255,-0.8536478244534214,0.03427069063090788,0.057031528095253956,0.1137991986399503,0.41784947673174877,-0.9029059829059829,0.0
1689.646861076355,5279.0,1759.56,16.36,Inf,3.56,0.4432176466974729,0.41784947673174877,1.2952090607764255,-0.8536478244534214,0.03427069063090788,0.057031528095253956,0.1137991986399503,0.41784947673174877,-0.9029059829059829,0.0
1694.8773109912872,5295.0,1774.92,16.36,Inf,3.56,0.4432176466974729,0.41784947673174877,1.2952090607764255,-0.8536478244534214,0.03427069063090788,0.057031528095253956,0.1137991986399503,0.41784947673174877,-0.9029059829059829,0.0
1700.1946241855621,5311.0,1790.32,16.36,Inf,3.56,0.4432176466974729,0.41784947673174877,1.2952090607764255,-0.8536478244534214,0.03427069063090788,0.057031528095253956,0.1137991986399503,0.41784947673174877,-0.9029059829059829,0.0
1705.3666951656342,5327.0,1805.76,16.36,Inf,3.56,0.4432176466974729,0.41784947673174877,1.2952090607764255,-0.8536478244534214,0.03427069063090788,0.057031528095253956,0.1137991986399503,0.41784947673174877,-0.9029059829059829,0.0
1710.575317144394,5343.0,1810.76,16.36,Inf,3.56,0.4432176466974729,0.41784947673174877,1.2952090607764255,-0.8536478244534214,0.03427069063090788,0.057031528095253956,0.1137991986399503,0.41784947673174877,-0.9029059829059829,0.0
1715.8522291183472,5359.0,1826.12,16.36,Inf,3.56,0.4432176466974729,0.41784947673174877,1.2952090607764255,-0.8536478244534214,0.03427069063090788,0.057031528095253956,0.1137991986399503,0.41784947673174877,-0.9029059829059829,0.0
1721.012391090393,5375.0,1841.44,16.36,Inf,3.56,0.4432176466974729,0.41784947673174877,1.2952090607764255,-0.8536478244534214,0.03427069063090788,0.057031528095253956,0.1137991986399503,0.41784947673174877,-0.9029059829059829,0.0
1726.1574561595917,5391.0,1857.08,16.36,Inf,3.56,0.4432176466974729,0.41784947673174877,1.2952090607764255,-0.8536478244534214,0.03427069063090788,0.057031528095253956,0.1137991986399503,0.41784947673174877,-0.9029059829059829,0.0
1731.2943110466003,5407.0,1872.32,16.36,Inf,3.56,0.4432176466974729,0.41784947673174877,1.2952090607764255,-0.8536478244534214,0.03427069063090788,0.057031528095253956,0.1137991986399503,0.41784947673174877,-0.9029059829059829,0.0
1736.4959599971771,5423.0,1887.6,16.36,Inf,3.56,0.4432176466974729,0.41784947673174877,1.2952090607764255,-0.8536478244534214,0.03427069063090788,0.057031528095253956,0.1137991986399503,0.41784947673174877,-0.9029059829059829,0.0
1741.7069370746613,5439.0,1760.72,16.36,Inf,3.56,0.4432176466974729,0.41784947673174877,1.2952090607764255,-0.8536478244534214,0.03427069063090788,0.057031528095253956,0.1137991986399503,0.41784947673174877,-0.9029059829059829,0.0
1746.9411170482635,5455.0,1775.92,16.36,Inf,3.56,0.4432176466974729,0.41784947673174877,1.2952090607764255,-0.8536478244534214,0.03427069063090788,0.057031528095253956,0.1137991986399503,0.41784947673174877,-0.9029059829059829,0.0
1752.0853970050812,5471.0,1791.32,16.36,Inf,3.56,0.4432176466974729,0.41784947673174877,1.2952090607764255,-0.8536478244534214,0.03427069063090788,0.057031528095253956,0.1137991986399503,0.41784947673174877,-0.9029059829059829,0.0
1757.2708661556244,5487.0,1806.64,16.36,Inf,3.56,0.4432176466974729,0.41784947673174877,1.2952090607764255,-0.8536478244534214,0.03427069063090788,0.057031528095253956,0.1137991986399503,0.41784947673174877,-0.9029059829059829,0.0
1762.442190170288,5503.0,1822.0,16.36,Inf,3.56,0.4432176466974729,0.41784947673174877,1.2952090607764255,-0.8536478244534214,0.03427069063090788,0.057031528095253956,0.1137991986399503,0.41784947673174877,-0.9029059829059829,0.0
1767.5785591602325,5519.0,1823.08,16.36,Inf,3.56,0.44317593421180723,0.41784744970596666,1.2952090607764255,-0.8536485344211242,0.03426713450773569,0.05703098835197144,0.1137991986399503,0.41784744970596666,-0.9029059829059829,0.0
1772.771017074585,5535.0,1838.52,16.36,Inf,3.56,0.44317593421180723,0.41784744970596666,1.2952090607764255,-0.8536485344211242,0.03426713450773569,0.05703098835197144,0.1137991986399503,0.41784744970596666,-0.9029059829059829,0.0
1777.9303231239319,5551.0,1853.96,16.36,Inf,3.56,0.44317593421180723,0.41784744970596666,1.2952090607764255,-0.8536485344211242,0.03426713450773569,0.05703098835197144,0.1137991986399503,0.41784744970596666,-0.9029059829059829,0.0
1782.9326031208038,5567.0,1869.44,16.36,Inf,3.56,0.44317593421180723,0.41784744970596666,1.2952090607764255,-0.8536485344211242,0.03426713450773569,0.05703098835197144,0.1137991986399503,0.41784744970596666,-0.9029059829059829,0.0
1788.0318231582642,5583.0,1884.56,16.36,Inf,3.56,0.44317593421180723,0.41784744970596666,1.2952090607764255,-0.8536485344211242,0.03426713450773569,0.05703098835197144,0.1137991986399503,0.41784744970596666,-0.9029059829059829,0.0
1793.186427116394,5599.0,1900.04,16.36,Inf,3.56,0.44317593421180723,0.41784744970596666,1.2952090607764255,-0.8536485344211242,0.03426713450773569,0.05703098835197144,0.1137991986399503,0.41784744970596666,-0.9029059829059829,0.0
1798.3151969909668,5615.0,1915.24,16.36,Inf,3.56,0.44317593421180723,0.41784744970596666,1.2952090607764255,-0.8536485344211242,0.03426713450773569,0.05703098835197144,0.1137991986399503,0.41784744970596666,-0.9029059829059829,0.0
