time,generation,mean age hall_of_fame,mean compl,mean recursive_compl,mean n_params,min mae,min mse,min max_ae,min minus_r2,min mare,min q75_are,min max_are,min ms_processed_e,min minus_spearman,max penalty
10.784610033035278,1.0,0.0,8.0,160.0,1.5,3351.9111778540714,5.9440946877662405e7,28430.470544465803,-0.6395584278445685,0.9973566788733333,0.747688896535795,10.064614457015711,5.9440946877662405e7,-0.774860956618465,0.0
15.78609299659729,4.0,1.125,8.125,301.875,1.625,166.97063575332535,92116.58139751508,1200.6985960383645,-0.9994414179590907,0.053378574524406065,0.058378096186045544,0.301003172298578,92116.58139751508,-0.9973303670745273,0.0
21.011035919189453,18.0,7.75,10.625,70.625,2.0,140.42489010461497,41440.321050965926,596.2280719179325,-0.999748711700354,0.04145244204791643,0.057574238098334084,0.10690438818474124,41440.321050965926,-0.9986651835372636,0.0
26.150931119918823,36.0,6.090909090909091,12.909090909090908,217.54545454545453,1.9090909090909092,93.46209969432766,17947.594527577672,422.8200464317115,-0.9998911683018569,0.029356176297989985,0.03693117886919471,0.08357574148748231,17947.594527577672,-0.9977753058954394,0.0
31.446367979049683,53.0,11.545454545454545,12.181818181818182,409.54545454545456,1.8181818181818181,91.22718773775567,17662.66844194759,402.29185270346716,-0.9998928960537123,0.029338633283523693,0.036933108768076456,0.08477367180189592,17662.66844194759,-0.9977753058954394,0.0
36.66349697113037,69.0,20.727272727272727,12.909090909090908,43.54545454545455,2.0,87.90024694133325,16471.236952061237,423.5683034246913,-0.9999001207273066,0.02940678058615937,0.036652445381048115,0.08372364396641925,16471.236952061237,-0.9973303670745273,0.0
41.90089011192322,81.0,25.23076923076923,13.615384615384615,40.30769230769231,2.230769230769231,87.87532330458379,16468.260151534076,427.49287554401326,-0.9999001387782079,0.030179400210286682,0.03665244533354061,0.08465573856840133,16468.260151534076,-0.9973303670745273,0.0
47.09214901924133,96.0,32.25,13.333333333333334,46.416666666666664,2.0833333333333335,87.750018292807,16468.260151534076,427.49287554401326,-0.9999001387782079,0.030179395804050577,0.03665243128143712,0.08465573870095312,16468.260151534076,-0.9973303670745273,0.0
52.3467071056366,111.0,35.53846153846154,13.846153846153847,46.92307692307692,2.1538461538461537,87.750018292807,16468.260151534076,427.49287554401326,-0.9999001387782079,0.030179395804050577,0.03665243128143712,0.08465573870095312,16468.260151534076,-0.9973303670745273,0.0
57.44020104408264,126.0,24.75,15.9375,55.6875,2.5,83.93319516865752,16213.065562651873,427.7214916964649,-0.9999016862424334,0.030179395637227643,0.03665243074941719,0.08465573870095312,16213.065562651873,-0.9973303670745273,0.0
62.56898903846741,141.0,29.714285714285715,14.714285714285714,2.454267073571429e9,2.2857142857142856,80.57356927960001,15401.398260681932,427.0187828017415,-0.9999066080792102,0.030179395637227643,0.03665243074941719,0.08465573870095312,15401.398260681932,-0.9973303670745273,0.0
67.7508339881897,156.0,28.833333333333332,13.583333333333334,2.8633115864166665e9,2.3333333333333335,78.98614387706311,15401.398260406002,428.2839542364527,-0.9999066080792118,0.02706369124542269,0.036652431281015196,0.08465575212097587,15401.398260406002,-0.9973303670745273,0.0
73.00143909454346,171.0,34.5,13.5,10978.416666666666,2.4166666666666665,78.41781853096593,12589.225441481422,286.27675418991566,-0.9999236607011042,0.02686451910587553,0.03665243070097659,0.06869856049539648,12589.225441481422,-0.9973303670745273,0.0
78.33730101585388,186.0,43.75,13.5,10985.416666666666,2.4166666666666665,78.41781853096593,12559.640796873371,280.3476119128518,-0.9999238400982432,0.026741910823895206,0.03665243068872394,0.0690099901872672,12559.640796873371,-0.9973303670745273,0.0
83.56430792808533,201.0,51.38461538461539,14.23076923076923,68.23076923076923,2.5384615384615383,78.41781853096593,12504.612842610923,276.4330610324396,-0.9999241737800466,0.02547055124134162,0.03150754244737233,0.06863719955775754,12504.612842610923,-0.9973303670745273,0.0
88.7852349281311,216.0,50.23076923076923,14.076923076923077,59.76923076923077,2.6153846153846154,78.41781853096593,12504.540862785674,276.4537482954802,-0.9999241742165221,0.025480113840663666,0.03150810208804368,0.06862935577631747,12504.540862785674,-0.9982202447163515,0.0
93.98018503189087,231.0,56.42857142857143,14.785714285714286,2.3967840714285714e6,2.7142857142857144,78.41781853096593,12482.398492008426,276.4537482954802,-0.9999243084847557,0.025480113840663666,0.03150810208804368,0.06862935577631747,12482.398492008426,-0.9973303670745273,0.0
99.24261713027954,246.0,67.46153846153847,13.76923076923077,2.5811506153846155e6,2.5384615384615383,75.65217316134054,12482.398492008426,280.7292969508835,-0.9999243084847557,0.02580118207204424,0.032278005016858166,0.07090666317285754,12482.398492008426,-0.9973303670745273,0.0
104.40723609924316,261.0,74.84615384615384,13.76923076923077,2.5811605384615385e6,2.4615384615384617,78.77102282918763,12482.398492008426,280.7292969508835,-0.9999243084847557,0.025684986392635504,0.03223015696262553,0.06840180120914112,12482.398492008426,-0.9973303670745273,0.0
109.68971109390259,276.0,81.92307692307692,13.538461538461538,87.76923076923077,2.5384615384615383,67.52739788872836,10558.205757954103,280.7292969508835,-0.9999359765198497,0.022814422346037793,0.03223015696262553,0.06840180120914112,10558.205757954103,-0.9995550611790879,0.0
114.93072009086609,291.0,94.0,13.538461538461538,87.76923076923077,2.5384615384615383,67.52739788872836,10558.205757954103,280.7292969508835,-0.9999359765198497,0.022814422346037793,0.03223015696262553,0.06840180120914112,10558.205757954103,-0.9995550611790879,0.0
120.24563598632812,306.0,100.0,14.142857142857142,87.57142857142857,2.642857142857143,67.52739788872836,10558.205757954103,280.7292969508835,-0.9999359765198497,0.022814422346037793,0.03223015696262553,0.06840180120914112,10558.205757954103,-0.9995550611790879,0.0
125.52786898612976,321.0,106.0,15.133333333333333,117.66666666666667,2.8666666666666667,64.2982313509086,9245.403506674218,253.784268281428,-0.999943937168733,0.022424521365684336,0.03219350377022621,0.06609298469152691,9245.403506674218,-0.9995550611790879,0.0
130.7663869857788,336.0,116.0,14.428571428571429,142.14285714285714,2.7857142857142856,64.29823795221367,9245.401842122139,253.78429126547417,-0.9999439371788266,0.022424521918667808,0.03151900069876616,0.06609300535663155,9245.401842122139,-0.9995550611790879,0.0
136.02844214439392,351.0,126.28571428571429,14.428571428571429,142.14285714285714,2.7857142857142856,64.29823795221367,9245.401842122139,253.78429126547417,-0.9999439371788266,0.022424521918667808,0.03151900069876616,0.06609300535663155,9245.401842122139,-0.9995550611790879,0.0
141.25023293495178,366.0,119.15384615384616,13.23076923076923,111.15384615384616,2.5384615384615383,58.82153811029489,6581.762120320072,249.93431609051913,-0.9999600891168324,0.024174043928932687,0.026375824829523067,0.06850427091903584,6581.762120320072,-0.9995550611790879,0.0
146.4484601020813,381.0,130.15384615384616,13.23076923076923,115.3076923076923,2.5384615384615383,58.82153811029489,6581.762120320072,249.93431609051913,-0.9999600891168324,0.022810924615652994,0.026375824829523067,0.06850427091903584,6581.762120320072,-0.9995550611790879,0.0
151.6329641342163,396.0,135.07692307692307,13.23076923076923,115.3076923076923,2.5384615384615383,58.82153811029489,6581.762120320072,249.93431609051913,-0.9999600891168324,0.02281092458963689,0.026375824829523067,0.06850427091903584,6581.762120320072,-0.9995550611790879,0.0
156.82480597496033,411.0,136.75,13.0,121.08333333333333,2.5,58.82153811029489,6581.762120320072,249.93431609051913,-0.9999600891168324,0.02281092458963689,0.026375824829523067,0.06850427091903584,6581.762120320072,-0.9995550611790879,0.0
161.97502493858337,426.0,129.42857142857142,14.214285714285714,132.0,2.7142857142857144,58.82153811029489,6581.762120320072,249.93431609051913,-0.9999600891168324,0.02281092458963689,0.026375824829523067,0.06550616922775715,6581.762120320072,-0.9995550611790879,0.0
167.15875697135925,441.0,146.5,13.0,83.66666666666667,2.5,58.82153811029489,6581.762120320072,249.93431609051913,-0.9999600891168324,0.022504255210511505,0.026375824829523067,0.06870204683968452,6581.762120320072,-0.9995550611790879,0.0
172.27988696098328,456.0,161.16666666666666,13.0,83.66666666666667,2.5,58.82153811029489,6581.762120320072,249.93431609051913,-0.9999600891168324,0.022504255210511505,0.026375824829523067,0.06870207823192408,6581.762120320072,-0.9995550611790879,0.0
177.45693707466125,471.0,162.69230769230768,13.23076923076923,80.6923076923077,2.5384615384615383,58.82153811029489,6581.762120320072,249.93431609051913,-0.9999600891168324,0.022504255210511505,0.026375824829523067,0.06870207823192408,6581.762120320072,-0.9995550611790879,0.0
182.5437569618225,486.0,154.21428571428572,14.285714285714286,113.14285714285714,2.7857142857142856,54.58176658285031,5835.506964534366,245.05064701814308,-0.9999646143035212,0.022476195493895422,0.026627587516134463,0.06870207823192408,5835.506964534366,-0.9995550611790879,0.0
187.69191098213196,501.0,141.5,14.285714285714286,113.14285714285714,2.7857142857142856,54.58176658285031,5835.506964534366,245.05064701814308,-0.9999646143035212,0.022476195493895422,0.026627587516134463,0.06870207823192408,5835.506964534366,-0.9995550611790879,0.0
192.7383999824524,516.0,148.5,14.285714285714286,113.07142857142857,2.7857142857142856,54.58176658285031,5835.506964534366,245.05064701814308,-0.9999646143035212,0.022476195493895422,0.026627587516134463,0.06870207823192408,5835.506964534366,-0.9995550611790879,0.0
197.86910009384155,531.0,163.5,14.285714285714286,113.07142857142857,2.7857142857142856,54.58176658285031,5835.506964534366,245.05064701814308,-0.9999646143035212,0.022476195493895422,0.026627587516134463,0.06870207823192408,5835.506964534366,-0.9995550611790879,0.0
203.06555795669556,546.0,178.5,14.285714285714286,113.07142857142857,2.7857142857142856,54.58176658285031,5835.506964534366,245.05064701814308,-0.9999646143035212,0.022476195493895422,0.026627587516134463,0.06870207823192408,5835.506964534366,-0.9995550611790879,0.0
208.30099201202393,561.0,190.5,14.285714285714286,113.07142857142857,2.7857142857142856,54.58176658285031,5835.506964534366,245.05064701814308,-0.9999646143035212,0.022476195493895422,0.026627587516134463,0.06870207823192408,5835.506964534366,-0.9995550611790879,0.0
213.40642499923706,576.0,193.85714285714286,14.285714285714286,113.07142857142857,2.7857142857142856,54.58176658285031,5835.506964534366,245.05064701814308,-0.9999646143035212,0.022476195493895422,0.026627587516134463,0.06870207823192408,5835.506964534366,-0.9995550611790879,0.0
218.59941911697388,591.0,192.92857142857142,14.285714285714286,113.07142857142857,2.7857142857142856,54.58176658285031,5835.506964534366,245.05064701814308,-0.9999646143035212,0.022476195493895422,0.026627587516134463,0.06870207823192408,5835.506964534366,-0.9995550611790879,0.0
223.681823015213,606.0,186.4,14.933333333333334,111.6,2.933333333333333,54.58176658285031,5835.506964534366,235.29653350930494,-0.9999646143035212,0.022476195493895422,0.02602988851222613,0.06870207823192408,5835.506964534366,-0.9995550611790879,0.0
228.78348803520203,621.0,188.9375,15.25,111.5625,3.0,54.58176658285031,5835.506964534366,235.29653350930494,-0.9999646143035212,0.022476195493895422,0.02602988851222613,0.06870207823192408,5835.506964534366,-0.9995550611790879,0.0
233.90487003326416,636.0,203.9375,15.25,111.5625,3.0,54.58176658285031,5835.506964534366,235.29653350930494,-0.9999646143035212,0.022476195493895422,0.02602988851222613,0.06870207823192408,5835.506964534366,-0.9995550611790879,0.0
238.96681809425354,651.0,216.4375,15.25,111.5625,3.0,54.58176658285031,5835.506964534366,234.55802834079986,-0.9999646143035212,0.022476195493895422,0.02602988851222613,0.06870207823192408,5835.506964534366,-0.9995550611790879,0.0
243.98114705085754,666.0,228.6875,15.25,111.5625,3.0,54.58176658285031,5835.506964534366,234.55802834079986,-0.9999646143035212,0.022476195493895422,0.02602988851222613,0.06870207823192408,5835.506964534366,-0.9995550611790879,0.0
249.03545212745667,681.0,236.5625,15.25,111.5625,3.0,54.58176658285031,5835.506964534366,234.55802834079986,-0.9999646143035212,0.022476195493895422,0.02602988851222613,0.06870207823192408,5835.506964534366,-0.9995550611790879,0.0
254.04063296318054,696.0,251.5625,15.25,111.5625,3.0,54.58176658285031,5835.506964534366,234.55802834079986,-0.9999646143035212,0.022476195493895422,0.02602988851222613,0.06870207823192408,5835.506964534366,-0.9995550611790879,0.0
259.08808994293213,711.0,234.125,15.25,111.5,3.0,54.58176658285031,5835.506964534366,234.55802834079986,-0.9999646143035212,0.022331415718588665,0.02602988851222613,0.06890767578790404,5835.506964534366,-0.9995550611790879,0.0
264.14825201034546,726.0,233.6875,15.25,111.5,3.0,54.58176658285031,5835.506964534366,234.55802834079986,-0.9999646143035212,0.022331415718588665,0.02602988851222613,0.06890767578790404,5835.506964534366,-0.9995550611790879,0.0
269.20144605636597,741.0,247.375,15.25,111.5,3.0,54.58176658285031,5835.506964534366,234.55802834079986,-0.9999646143035212,0.022331415718588665,0.02602988851222613,0.06890767578790404,5835.506964534366,-0.9995550611790879,0.0
274.25569200515747,756.0,262.375,15.25,111.5,3.0,54.58176658285031,5835.506964534366,234.55802834079986,-0.9999646143035212,0.022331415718588665,0.02602988851222613,0.06890767578790404,5835.506964534366,-0.9995550611790879,0.0
279.3473310470581,771.0,273.875,15.25,111.5,3.0,54.58176658285031,5835.506964534366,234.55802834079986,-0.9999646143035212,0.022331415718588665,0.02602988851222613,0.0686554549298188,5835.506964534366,-0.9995550611790879,0.0
284.37388801574707,786.0,288.875,15.25,111.5,3.0,54.58176658285031,5835.506964534366,234.55802834079986,-0.9999646143035212,0.022331415718588665,0.02602988851222613,0.0686554549298188,5835.506964534366,-0.9995550611790879,0.0
289.5222339630127,801.0,286.11764705882354,15.941176470588236,348.4117647058824,3.1176470588235294,54.58176658285031,5835.506964534366,192.4576137654658,-0.9999646143035212,0.022331415718588665,0.02602988851222613,0.0686554549298188,5835.506964534366,-0.9995550611790879,0.0
294.56530499458313,816.0,296.0,15.941176470588236,348.4117647058824,3.1176470588235294,51.91279652373496,5835.506964534366,194.18697576106388,-0.9999646143035212,0.022331415718588665,0.02602988851222613,0.0686554549298188,5835.506964534366,-0.9995550611790879,0.0
299.71149611473083,831.0,311.0,15.941176470588236,348.4117647058824,3.1176470588235294,51.91279652373496,5835.506964534366,194.18697576106388,-0.9999646143035212,0.022331415718588665,0.02602988851222613,0.0686554549298188,5835.506964534366,-0.9995550611790879,0.0
304.9514880180359,846.0,326.0,15.941176470588236,348.4117647058824,3.1176470588235294,51.91279652373496,5835.506964534366,194.18697576106388,-0.9999646143035212,0.022331415718588665,0.02602988851222613,0.0686554549298188,5835.506964534366,-0.9995550611790879,0.0
310.14990997314453,861.0,335.4117647058824,15.941176470588236,348.4117647058824,3.1176470588235294,51.91279652373496,5835.506964534366,194.18697576106388,-0.9999646143035212,0.022331415718588665,0.02602988851222613,0.06951803891097183,5835.506964534366,-0.9995550611790879,0.0
315.417279958725,876.0,331.55555555555554,16.72222222222222,559.1111111111111,3.2777777777777777,51.91279652373496,5831.706204271191,194.18697576106388,-0.9999646373507989,0.022331415718588665,0.02602988851222613,0.06951803891097183,5831.706204271191,-0.9995550611790879,0.0
320.5857889652252,891.0,346.55555555555554,16.72222222222222,559.1111111111111,3.2777777777777777,51.91279652373496,5831.706204271191,194.18697576106388,-0.9999646373507989,0.022331415718588665,0.02602988851222613,0.06951803891097183,5831.706204271191,-0.9995550611790879,0.0
325.6581230163574,906.0,356.8333333333333,16.72222222222222,559.1111111111111,3.2777777777777777,51.91279652373496,5831.706204271191,194.18697576106388,-0.9999646373507989,0.022331415718588665,0.02602988851222613,0.06951803891097183,5831.706204271191,-0.9995550611790879,0.0
330.75738501548767,921.0,368.27777777777777,16.72222222222222,559.1111111111111,3.2777777777777777,51.91279652373496,5831.706204271191,194.18697576106388,-0.9999646373507989,0.022331415718588665,0.02602988851222613,0.07018561395829218,5831.706204271191,-0.9995550611790879,0.0
335.8972580432892,936.0,383.27777777777777,16.72222222222222,559.1111111111111,3.2777777777777777,51.91279652373496,5831.706204271191,194.18697576106388,-0.9999646373507989,0.022331415718588665,0.02602988851222613,0.07018561395829218,5831.706204271191,-0.9995550611790879,0.0
341.01002502441406,951.0,398.27777777777777,16.72222222222222,559.1111111111111,3.2777777777777777,51.91279652373496,5831.706204271191,194.18697576106388,-0.9999646373507989,0.022331415718588665,0.02602988851222613,0.07018561395829218,5831.706204271191,-0.9995550611790879,0.0
346.1784119606018,966.0,413.27777777777777,16.72222222222222,559.1111111111111,3.2777777777777777,51.91279652373496,5831.706204271191,194.18697576106388,-0.9999646373507989,0.022331415718588665,0.02602988851222613,0.07018561395829218,5831.706204271191,-0.9995550611790879,0.0
351.44042706489563,981.0,428.27777777777777,16.72222222222222,559.1111111111111,3.2777777777777777,51.91279652373496,5831.706204271191,194.18697576106388,-0.9999646373507989,0.022331415718588665,0.02602988851222613,0.07018561395829218,5831.706204271191,-0.9995550611790879,0.0
356.60952711105347,996.0,443.27777777777777,16.72222222222222,559.1111111111111,3.2777777777777777,51.91279652373496,5831.706204271191,194.18697576106388,-0.9999646373507989,0.022331415718588665,0.02602988851222613,0.07018561395829218,5831.706204271191,-0.9995550611790879,0.0
361.6927149295807,1011.0,441.6666666666667,16.72222222222222,558.8888888888889,3.2777777777777777,51.91279652373496,5831.706204271191,194.18697576106388,-0.9999646373507989,0.022476195493895422,0.02602988851222613,0.07018561395829218,5831.706204271191,-0.9995550611790879,0.0
367.01978302001953,1023.0,437.6111111111111,16.72222222222222,559.1111111111111,3.2777777777777777,51.91279652373496,5831.706204271191,194.18697576106388,-0.9999646373507989,0.022476195493895422,0.02602988851222613,0.07018561395829218,5831.706204271191,-0.9995550611790879,0.0
372.17658710479736,1038.0,411.1666666666667,16.72222222222222,461.44444444444446,3.2777777777777777,48.634419407152414,5115.702174575781,161.64875636480292,-0.9999689790988983,0.023549288281288258,0.02602988851222613,0.07139254061043213,5115.702174575781,-0.9995550611790879,0.0
377.3497951030731,1053.0,425.3333333333333,16.72222222222222,461.44444444444446,3.2777777777777777,48.634419407152414,5114.4810349896425,161.64470530777044,-0.9999689865037177,0.023549288281288258,0.02602988851222613,0.07139254061043213,5114.4810349896425,-0.9995550611790879,0.0
382.5145080089569,1068.0,440.0,16.72222222222222,461.44444444444446,3.2777777777777777,48.634419407152414,5112.087215407059,161.6380215253921,-0.9999690010195041,0.023549288281288258,0.02602988851222613,0.07139254061043213,5112.087215407059,-0.9995550611790879,0.0
387.69102811813354,1083.0,424.8888888888889,16.72222222222222,575.7777777777778,3.2777777777777777,48.62609893232106,5112.087215407059,161.6380215253921,-0.9999690010195041,0.023549288281288258,0.03173004977695114,0.07139254061043213,5112.087215407059,-0.9977753058954394,0.0
392.7222011089325,1098.0,439.77777777777777,16.72222222222222,575.7777777777778,3.2777777777777777,48.62590492247348,5112.087215407059,161.6380215253921,-0.9999690010195041,0.023549288281288258,0.03173004977695114,0.07139254061043213,5112.087215407059,-0.9977753058954394,0.0
397.8743040561676,1113.0,450.94444444444446,16.72222222222222,575.7777777777778,3.2777777777777777,48.62590492247348,5112.087215407059,161.6380215253921,-0.9999690010195041,0.023549288281288258,0.03173004977695114,0.07139254061043213,5112.087215407059,-0.9977753058954394,0.0
403.0584831237793,1128.0,465.94444444444446,16.72222222222222,575.7777777777778,3.2777777777777777,48.62590492247348,5112.087215407059,161.6380215253921,-0.9999690010195041,0.023549288281288258,0.03173004977695114,0.07139254061043213,5112.087215407059,-0.9977753058954394,0.0
408.1927399635315,1143.0,462.3888888888889,16.72222222222222,352.55555555555554,3.3333333333333335,48.62590492247348,5112.087215407059,161.6380215253921,-0.9999690010195041,0.023549288281288258,0.029955276291947736,0.07139254061043213,5112.087215407059,-0.9977753058954394,0.0
413.35963702201843,1158.0,477.3888888888889,16.72222222222222,352.55555555555554,3.3333333333333335,48.62590492247348,5112.087215407059,161.6380215253921,-0.9999690010195041,0.023549288281288258,0.029955276291947736,0.07139254061043213,5112.087215407059,-0.9977753058954394,0.0
418.56811714172363,1173.0,434.3333333333333,16.72222222222222,352.5,3.3333333333333335,48.62590492247348,5112.087215407059,161.6380215253921,-0.9999690010195041,0.023549288281288258,0.029955276291947736,0.07139254061043213,5112.087215407059,-0.9977753058954394,0.0
423.77430510520935,1188.0,449.3333333333333,16.72222222222222,352.5,3.3333333333333335,48.62590492247348,5112.087215407059,161.6380215253921,-0.9999690010195041,0.023549288281288258,0.029955276291947736,0.07139254061043213,5112.087215407059,-0.9977753058954394,0.0
428.97215008735657,1203.0,453.55555555555554,16.72222222222222,73154.72222222222,3.3333333333333335,47.9006079409894,5007.717002817433,165.70633026875112,-0.9999696339058475,0.023549288281288258,0.030015943731185647,0.07139254061043213,5007.717002817433,-0.9977753058954394,0.0
434.1838481426239,1218.0,467.6666666666667,16.72222222222222,73154.72222222222,3.3333333333333335,47.90058811574777,5007.713539284621,165.70633026875112,-0.9999696339268498,0.023549288281288258,0.030015943731185647,0.07139254061043213,5007.713539284621,-0.9977753058954394,0.0
439.42980098724365,1233.0,451.6666666666667,16.72222222222222,73154.72222222222,3.3333333333333335,47.90058811574777,5007.713539284621,165.70633026875112,-0.9999696339268498,0.023549288281288258,0.030015943731185647,0.07139254061043213,5007.713539284621,-0.9977753058954394,0.0
444.5998260974884,1248.0,466.6666666666667,16.72222222222222,73154.72222222222,3.3333333333333335,47.90058811574777,5007.713539284621,165.70633026875112,-0.9999696339268498,0.023549288281288258,0.030015943731185647,0.07139254061043213,5007.713539284621,-0.9977753058954394,0.0
449.7190971374512,1263.0,440.55555555555554,16.72222222222222,73111.94444444444,3.3333333333333335,47.90058811574777,5007.713539284621,165.70633026875112,-0.9999696339268498,0.023549288281288258,0.030015943731185647,0.07139254061043213,5007.713539284621,-0.9977753058954394,0.0
454.7862460613251,1278.0,455.55555555555554,16.72222222222222,73111.94444444444,3.3333333333333335,47.90058811574777,5007.713539284621,165.70633026875112,-0.9999696339268498,0.023549288281288258,0.030015943731185647,0.07139254061043213,5007.713539284621,-0.9977753058954394,0.0
460.00178813934326,1293.0,470.55555555555554,16.72222222222222,73111.94444444444,3.3333333333333335,47.90058811574777,5007.713539284621,165.70633026875112,-0.9999696339268498,0.023549288281288258,0.030015943731185647,0.07139254061043213,5007.713539284621,-0.9977753058954394,0.0
465.0915081501007,1308.0,485.55555555555554,16.72222222222222,73111.94444444444,3.3333333333333335,47.90058811574777,5007.713539284621,165.70633026875112,-0.9999696339268498,0.023549288281288258,0.030015943731185647,0.07139254061043213,5007.713539284621,-0.9977753058954394,0.0
470.15674901008606,1323.0,500.55555555555554,16.72222222222222,73111.94444444444,3.3333333333333335,47.90058811574777,5007.713539284621,165.70633026875112,-0.9999696339268498,0.023549288281288258,0.030015943731185647,0.07139254061043213,5007.713539284621,-0.9977753058954394,0.0
475.31085205078125,1338.0,515.5555555555555,16.72222222222222,73111.94444444444,3.3333333333333335,47.90058811574777,5007.713539284621,165.70633026875112,-0.9999696339268498,0.023549288281288258,0.030015943731185647,0.07139254061043213,5007.713539284621,-0.9977753058954394,0.0
480.4813060760498,1353.0,530.5555555555555,16.72222222222222,73111.94444444444,3.3333333333333335,47.90058811574777,5007.713539284621,165.70633026875112,-0.9999696339268498,0.023549288281288258,0.030015943731185647,0.07139254061043213,5007.713539284621,-0.9977753058954394,0.0
485.6213569641113,1368.0,545.5555555555555,16.72222222222222,73111.94444444444,3.3333333333333335,47.90058811574777,5007.713539284621,165.70633026875112,-0.9999696339268498,0.023549288281288258,0.030015943731185647,0.07139254061043213,5007.713539284621,-0.9977753058954394,0.0
490.8037009239197,1383.0,543.0555555555555,16.72222222222222,366.94444444444446,3.3333333333333335,46.76594442707405,4079.5085846458137,153.26214707305962,-0.9999752624316215,0.023549288281288258,0.030015943731185647,0.07139254061043213,4079.5085846458137,-0.9977753058954394,0.0
495.96268010139465,1398.0,544.2222222222222,16.72222222222222,366.94444444444446,3.3333333333333335,43.0285130280578,3544.9271440756193,140.62023321290485,-0.9999785040585639,0.023549288281288258,0.030015943731185647,0.07139254061043213,3544.9271440756193,-0.9977753058954394,0.0
501.0655879974365,1413.0,559.1111111111111,16.72222222222222,366.94444444444446,3.3333333333333335,43.02890012959342,3544.9233369516055,140.62585075553466,-0.9999785040816498,0.023549288281288258,0.030015943731185647,0.07139254061043213,3544.9233369516055,-0.9977753058954394,0.0
506.20667815208435,1428.0,574.1111111111111,16.72222222222222,366.94444444444446,3.3333333333333335,43.02890012959342,3544.9233369516055,140.62585075553466,-0.9999785040816498,0.023549288281288258,0.030015943731185647,0.07139254061043213,3544.9233369516055,-0.9977753058954394,0.0
511.2935371398926,1443.0,589.1111111111111,16.72222222222222,366.94444444444446,3.3333333333333335,43.02890012959342,3544.9233369516055,140.62585075553466,-0.9999785040816498,0.023549288281288258,0.030015943731185647,0.07139254061043213,3544.9233369516055,-0.9977753058954394,0.0
516.5353810787201,1458.0,591.5,16.72222222222222,366.94444444444446,3.3333333333333335,43.02890012959342,3544.9233369516055,140.62585075553466,-0.9999785040816498,0.023549288281288258,0.030015943731185647,0.07139254061043213,3544.9233369516055,-0.9977753058954394,0.0
521.6185340881348,1473.0,606.5,16.72222222222222,366.94444444444446,3.3333333333333335,43.02890012959342,3544.9233369516055,140.62585075553466,-0.9999785040816498,0.023549288281288258,0.030015943731185647,0.07139254061043213,3544.9233369516055,-0.9977753058954394,0.0
526.7531840801239,1488.0,621.5,16.72222222222222,366.94444444444446,3.3333333333333335,43.02890012959342,3544.9233369516055,140.62585075553466,-0.9999785040816498,0.023549288281288258,0.030015943731185647,0.07139254061043213,3544.9233369516055,-0.9977753058954394,0.0
531.8854839801788,1503.0,636.5,16.72222222222222,366.94444444444446,3.3333333333333335,43.02890012959342,3544.9233369516055,140.62585075553466,-0.9999785040816498,0.023549288281288258,0.030015943731185647,0.07139254061043213,3544.9233369516055,-0.9977753058954394,0.0
537.0167660713196,1518.0,633.9444444444445,16.72222222222222,366.94444444444446,3.3333333333333335,43.02890012959342,3544.9233369516055,140.62585075553466,-0.9999785040816498,0.023549288281288258,0.030439767310525622,0.07139254061043213,3544.9233369516055,-0.9977753058954394,0.0
542.0524251461029,1533.0,648.9444444444445,16.72222222222222,366.94444444444446,3.3333333333333335,43.02890012959342,3544.9233369516055,140.62585075553466,-0.9999785040816498,0.023549288281288258,0.030439767310525622,0.07139254061043213,3544.9233369516055,-0.9977753058954394,0.0
547.1063039302826,1548.0,663.9444444444445,16.72222222222222,366.94444444444446,3.3333333333333335,43.02890012959342,3544.9233369516055,140.62585075553466,-0.9999785040816498,0.023549288281288258,0.030439767310525622,0.07139254061043213,3544.9233369516055,-0.9977753058954394,0.0
552.2132329940796,1563.0,678.9444444444445,16.72222222222222,366.94444444444446,3.3333333333333335,43.02890012959342,3544.9233369516055,140.62585075553466,-0.9999785040816498,0.023549288281288258,0.030439767310525622,0.07139254061043213,3544.9233369516055,-0.9977753058954394,0.0
557.5026500225067,1579.0,685.5555555555555,16.72222222222222,366.94444444444446,3.3333333333333335,43.23365260873003,3537.975955500487,141.65837167291852,-0.9999785462095974,0.023549288281288258,0.030439767310525622,0.07139254061043213,3537.975955500487,-0.9977753058954394,0.0
562.8254060745239,1595.0,701.5555555555555,16.72222222222222,366.94444444444446,3.3333333333333335,43.23365260873003,3537.975955500487,141.65837167291852,-0.9999785462095974,0.023549288281288258,0.030439767310525622,0.07139254061043213,3537.975955500487,-0.9977753058954394,0.0
567.8985941410065,1610.0,688.1111111111111,16.72222222222222,366.94444444444446,3.3333333333333335,43.23365260873003,3537.975955500487,141.65837167291852,-0.9999785462095974,0.023549288281288258,0.030439767310525622,0.07139254061043213,3537.975955500487,-0.9977753058954394,0.0
572.973776102066,1625.0,703.1111111111111,16.72222222222222,366.94444444444446,3.3333333333333335,43.23365260873003,3537.975955500487,141.65837167291852,-0.9999785462095974,0.023549288281288258,0.030439767310525622,0.07139254061043213,3537.975955500487,-0.9977753058954394,0.0
578.0279171466827,1640.0,718.1111111111111,16.72222222222222,366.94444444444446,3.3333333333333335,43.23365260873003,3537.975955500487,141.65837167291852,-0.9999785462095974,0.023549288281288258,0.030439767310525622,0.07139254061043213,3537.975955500487,-0.9977753058954394,0.0
583.1709311008453,1655.0,733.1111111111111,16.72222222222222,366.94444444444446,3.3333333333333335,43.23365260873003,3537.975955500487,141.65837167291852,-0.9999785462095974,0.023549288281288258,0.030439767310525622,0.07139254061043213,3537.975955500487,-0.9977753058954394,0.0
588.2297930717468,1670.0,748.1111111111111,16.72222222222222,366.94444444444446,3.3333333333333335,43.23365260873003,3537.975955500487,141.65837167291852,-0.9999785462095974,0.023549288281288258,0.030439767310525622,0.07139254061043213,3537.975955500487,-0.9977753058954394,0.0
593.3010001182556,1685.0,763.1111111111111,16.72222222222222,366.94444444444446,3.3333333333333335,43.23365260873003,3537.975955500487,141.65837167291852,-0.9999785462095974,0.023549288281288258,0.030439767310525622,0.07139254061043213,3537.975955500487,-0.9977753058954394,0.0
598.6305630207062,1701.0,779.1111111111111,16.72222222222222,366.94444444444446,3.3333333333333335,43.23365260873003,3537.975955500487,141.65837167291852,-0.9999785462095974,0.023549288281288258,0.030439767310525622,0.07139254061043213,3537.975955500487,-0.9977753058954394,0.0
603.6542630195618,1716.0,794.1111111111111,16.72222222222222,366.94444444444446,3.3333333333333335,43.23365260873003,3537.975955500487,141.65837167291852,-0.9999785462095974,0.023549288281288258,0.030439767310525622,0.07139254061043213,3537.975955500487,-0.9977753058954394,0.0
608.959587097168,1732.0,810.1111111111111,16.72222222222222,366.94444444444446,3.3333333333333335,43.23365260873003,3537.975955500487,141.65837167291852,-0.9999785462095974,0.023549288281288258,0.030439767310525622,0.07139254061043213,3537.975955500487,-0.9977753058954394,0.0
614.2670121192932,1748.0,763.578947368421,17.36842105263158,69336.21052631579,3.4210526315789473,43.23365260873003,3537.975955500487,141.65837167291852,-0.9999785462095974,0.021913887689516177,0.030439767310525622,0.06959498619468252,3537.975955500487,-0.9995550611790879,0.0
619.3269739151001,1763.0,778.1052631578947,17.36842105263158,69336.21052631579,3.4210526315789473,43.23365260873003,3537.975955500487,141.65837167291852,-0.9999785462095974,0.02191388779017075,0.030439767310525622,0.06959498589438964,3537.975955500487,-0.9995550611790879,0.0
624.4083070755005,1778.0,793.1052631578947,17.36842105263158,69336.21052631579,3.4210526315789473,43.23365260873003,3537.975955500487,141.65837167291852,-0.9999785462095974,0.02191388779017075,0.030439767310525622,0.06959498589438964,3537.975955500487,-0.9995550611790879,0.0
629.4230101108551,1793.0,808.1052631578947,17.36842105263158,69336.21052631579,3.4210526315789473,43.23365260873003,3537.975955500487,141.65837167291852,-0.9999785462095974,0.02191388779017075,0.030439767310525622,0.06959498589438964,3537.975955500487,-0.9995550611790879,0.0
634.7635381221771,1809.0,821.7368421052631,17.36842105263158,69336.21052631579,3.4210526315789473,43.23365260873003,3537.975955500487,141.65837167291852,-0.9999785462095974,0.02191388783605218,0.030439767310525622,0.0695949856030755,3537.975955500487,-0.9995550611790879,0.0
639.8299729824066,1824.0,836.7368421052631,17.36842105263158,69336.21052631579,3.4210526315789473,43.23365260873003,3537.975955500487,141.65837167291852,-0.9999785462095974,0.02191388783605218,0.030439767310525622,0.0695949856030755,3537.975955500487,-0.9995550611790879,0.0
644.9455180168152,1839.0,916.2941176470588,16.058823529411764,412.47058823529414,3.1176470588235294,43.23365260873003,3537.975955500487,141.65837167291852,-0.9999785462095974,0.02244161994614199,0.03173004977695114,0.06914643349692737,3537.975955500487,-0.9982202447163515,0.0
650.2557389736176,1855.0,932.2941176470588,16.058823529411764,412.47058823529414,3.1176470588235294,43.23365260873003,3537.975955500487,141.65837167291852,-0.9999785462095974,0.02244161994614199,0.03173004977695114,0.06914643349692737,3537.975955500487,-0.9982202447163515,0.0
655.2937579154968,1870.0,911.5882352941177,16.058823529411764,412.47058823529414,3.1176470588235294,43.23365260873003,3537.975955500487,141.65837167291852,-0.9999785462095974,0.02244161994614199,0.03173004977695114,0.06914643349692737,3537.975955500487,-0.9982202447163515,0.0
660.4464910030365,1885.0,925.7058823529412,16.058823529411764,412.47058823529414,3.1176470588235294,43.23365260873003,3537.975955500487,141.65837167291852,-0.9999785462095974,0.02244161994614199,0.03173004977695114,0.06914643349692737,3537.975955500487,-0.9982202447163515,0.0
665.558347940445,1900.0,888.2777777777778,16.61111111111111,2.6466406316072992e38,3.2222222222222223,43.23365260873003,3537.975955500487,141.65837167291852,-0.9999785462095974,0.02244161994614199,0.03173004977695114,0.06404275792580355,3537.975955500487,-0.9995550611790879,0.0
670.6319241523743,1915.0,903.2777777777778,16.61111111111111,2.6466406316072992e38,3.2222222222222223,43.23365260873003,3537.975955500487,141.65837167291852,-0.9999785462095974,0.02244161994614199,0.03173004977695114,0.06404275792580355,3537.975955500487,-0.9995550611790879,0.0
675.7667720317841,1930.0,918.2777777777778,16.61111111111111,2.6466406316072992e38,3.2222222222222223,43.23365260873003,3537.975955500487,141.65837167291852,-0.9999785462095974,0.02244161994614199,0.03173004977695114,0.06404275792580355,3537.975955500487,-0.9995550611790879,0.0
680.8586900234222,1945.0,930.6111111111111,16.61111111111111,2.6466406316072992e38,3.2222222222222223,43.23365260873003,3537.975955500487,141.65837167291852,-0.9999785462095974,0.02244161994614199,0.03173004977695114,0.06404157702095241,3537.975955500487,-0.9995550611790879,0.0
685.8615620136261,1960.0,944.8888888888889,16.61111111111111,2.6466406316072992e38,3.2222222222222223,43.23365260873003,3537.975955500487,141.65837167291852,-0.9999785462095974,0.02244161994614199,0.03173004977695114,0.06404142804354435,3537.975955500487,-0.9995550611790879,0.0
690.8674471378326,1975.0,959.0,16.61111111111111,2.6466406316072992e38,3.2222222222222223,43.23365260873003,3537.975955500487,141.65837167291852,-0.9999785462095974,0.02244161994614199,0.025605383455359905,0.06914643349692737,3537.975955500487,-0.9995550611790879,0.0
695.9677460193634,1990.0,973.5,16.61111111111111,2.6466406316072992e38,3.2222222222222223,43.23365260873003,3537.975955500487,141.65837167291852,-0.9999785462095974,0.02244161994614199,0.0256053834470108,0.06914643349692737,3537.975955500487,-0.9995550611790879,0.0
700.9756510257721,2005.0,887.9444444444445,16.61111111111111,2.6466406316072992e38,3.2222222222222223,43.23365260873003,3537.975955500487,141.65837167291852,-0.9999785462095974,0.02244161994614199,0.025605383350723324,0.06914643349692737,3537.975955500487,-0.9995550611790879,0.0
706.2455339431763,2021.0,903.8333333333334,16.61111111111111,2.6466406316072992e38,3.2222222222222223,43.23365260873003,3537.975955500487,141.65837167291852,-0.9999785462095974,0.02244161994614199,0.025605383361293827,0.06914643349692737,3537.975955500487,-0.9995550611790879,0.0
711.248279094696,2036.0,918.8333333333334,16.61111111111111,2.6466406316072992e38,3.2222222222222223,43.23365260873003,3537.975955500487,141.65837167291852,-0.9999785462095974,0.02244161994614199,0.025605383361293827,0.06914643349692737,3537.975955500487,-0.9995550611790879,0.0
716.2638781070709,2051.0,933.8333333333334,16.61111111111111,2.6466406316072992e38,3.2222222222222223,43.23365260873003,3537.975955500487,141.65837167291852,-0.9999785462095974,0.02244161994614199,0.025605383361293827,0.06914643349692737,3537.975955500487,-0.9995550611790879,0.0
721.5509750843048,2067.0,922.3333333333334,16.61111111111111,2.6466406316072992e38,3.2222222222222223,43.60224931384712,3537.549645900982,141.53024595334318,-0.9999785487946791,0.02244161994614199,0.025605383361293827,0.06914643349692737,3537.549645900982,-0.9995550611790879,0.0
726.6016571521759,2082.0,937.3333333333334,16.61111111111111,2.6466406316072992e38,3.2222222222222223,43.60224931384712,3537.549645900982,141.53024595334318,-0.9999785487946791,0.02244161994614199,0.025605383361293827,0.06914643349692737,3537.549645900982,-0.9995550611790879,0.0
731.6561141014099,2097.0,952.3333333333334,16.61111111111111,2.6466406316072992e38,3.2222222222222223,43.60224931384712,3537.549645900982,141.53024595334318,-0.9999785487946791,0.02244161994614199,0.025605383361293827,0.06914643349692737,3537.549645900982,-0.9995550611790879,0.0
736.7421720027924,2112.0,967.3333333333334,16.61111111111111,2.6466406316072992e38,3.2222222222222223,43.60224931384712,3537.549645900982,141.53024595334318,-0.9999785487946791,0.02244161994614199,0.025605383361293827,0.06914643349692737,3537.549645900982,-0.9995550611790879,0.0
741.7569079399109,2127.0,982.3333333333334,16.61111111111111,2.6466406316072992e38,3.2222222222222223,43.60224931384712,3537.549645900982,141.53024595334318,-0.9999785487946791,0.02244161994614199,0.025605383361293827,0.06914643349692737,3537.549645900982,-0.9995550611790879,0.0
746.8226020336151,2142.0,997.3333333333334,16.61111111111111,2.6466406316072992e38,3.2222222222222223,43.60224931384712,3537.549645900982,141.53024595334318,-0.9999785487946791,0.02244161994614199,0.025605383361293827,0.06914643349692737,3537.549645900982,-0.9995550611790879,0.0
751.8609700202942,2157.0,973.9444444444445,16.61111111111111,2.6466406316072992e38,3.2222222222222223,43.60224931384712,3537.549645900982,141.53024595334318,-0.9999785487946791,0.02244161994614199,0.025605383361293827,0.06914643349692737,3537.549645900982,-0.9995550611790879,0.0
757.1716351509094,2173.0,989.9444444444445,16.61111111111111,2.6466406316072992e38,3.2222222222222223,43.60224931384712,3537.549645900982,141.53024595334318,-0.9999785487946791,0.02244161994614199,0.025605383361293827,0.06914643349692737,3537.549645900982,-0.9995550611790879,0.0
762.5031290054321,2189.0,1005.9444444444445,16.61111111111111,2.6466406316072992e38,3.2222222222222223,43.60224931384712,3537.549645900982,141.53024595334318,-0.9999785487946791,0.02244161994614199,0.025605383361293827,0.06914643349692737,3537.549645900982,-0.9995550611790879,0.0
767.5128610134125,2204.0,1020.9444444444445,16.61111111111111,2.6466406316072992e38,3.2222222222222223,43.60224931384712,3537.549645900982,141.53024595334318,-0.9999785487946791,0.02244161994614199,0.025605383361293827,0.06914643349692737,3537.549645900982,-0.9995550611790879,0.0
772.5686919689178,2219.0,1035.9444444444443,16.61111111111111,2.6466406316072992e38,3.2222222222222223,43.60224931384712,3537.549645900982,141.53024595334318,-0.9999785487946791,0.02244161994614199,0.025605383361293827,0.06914643349692737,3537.549645900982,-0.9995550611790879,0.0
777.5938289165497,2234.0,1050.9444444444443,16.61111111111111,2.6466406316072992e38,3.2222222222222223,43.60224931384712,3537.549645900982,141.53024595334318,-0.9999785487946791,0.02244161994614199,0.025605383361293827,0.06914643349692737,3537.549645900982,-0.9995550611790879,0.0
782.6728501319885,2249.0,1065.9444444444443,16.61111111111111,2.6466406316072992e38,3.2222222222222223,43.60224931384712,3537.549645900982,141.53024595334318,-0.9999785487946791,0.02244161994614199,0.025605383361293827,0.06914643349692737,3537.549645900982,-0.9995550611790879,0.0
787.6934349536896,2264.0,1080.9444444444443,16.61111111111111,2.6466406316072992e38,3.2222222222222223,43.60224931384712,3537.549645900982,141.53024595334318,-0.9999785487946791,0.02244161994614199,0.025605383361293827,0.06914643349692737,3537.549645900982,-0.9995550611790879,0.0
792.7864720821381,2279.0,998.7222222222222,16.61111111111111,2.6466406316072992e38,3.2222222222222223,43.60224931384712,3537.549645900982,141.53024595334318,-0.9999785487946791,0.02244161994614199,0.025605383361293827,0.06914643349692737,3537.549645900982,-0.9995550611790879,0.0
797.9206230640411,2294.0,1013.7222222222222,16.61111111111111,2.6466406316072992e38,3.2222222222222223,43.60224931384712,3537.549645900982,141.53024595334318,-0.9999785487946791,0.02244161994614199,0.025605383361293827,0.06914643349692737,3537.549645900982,-0.9995550611790879,0.0
802.995316028595,2309.0,1028.7222222222222,16.61111111111111,2.6466406316072992e38,3.2222222222222223,43.60224931384712,3537.549645900982,141.53024595334318,-0.9999785487946791,0.02244161994614199,0.025605383361293827,0.06914643349692737,3537.549645900982,-0.9995550611790879,0.0
808.0676200389862,2324.0,1043.7222222222222,16.61111111111111,2.6466406316072992e38,3.2222222222222223,43.60224931384712,3537.549645900982,141.53024595334318,-0.9999785487946791,0.02244161994614199,0.025605383361293827,0.06914643349692737,3537.549645900982,-0.9995550611790879,0.0
813.1046879291534,2339.0,1058.7222222222222,16.61111111111111,2.6466406316072992e38,3.2222222222222223,43.60224931384712,3537.549645900982,141.53024595334318,-0.9999785487946791,0.02244161994614199,0.025605383361293827,0.06914643349692737,3537.549645900982,-0.9995550611790879,0.0
818.1694490909576,2354.0,1073.7222222222222,16.61111111111111,2.6466406316072992e38,3.2222222222222223,43.60224931384712,3537.549645900982,141.53024595334318,-0.9999785487946791,0.02244161994614199,0.025605383361293827,0.06914643349692737,3537.549645900982,-0.9995550611790879,0.0
823.2305691242218,2369.0,1088.7222222222222,16.61111111111111,2.6466406316072992e38,3.2222222222222223,43.60224931384712,3537.549645900982,141.53024595334318,-0.9999785487946791,0.02244161994614199,0.025605383361293827,0.06914643349692737,3537.549645900982,-0.9995550611790879,0.0
828.3438320159912,2384.0,1068.5,16.61111111111111,2.6466406316072992e38,3.2222222222222223,43.60224931384712,3537.549645900982,141.53024595334318,-0.9999785487946791,0.02244161994614199,0.025605383361293827,0.06914643349692737,3537.549645900982,-0.9995550611790879,0.0
833.409008026123,2399.0,1082.611111111111,16.61111111111111,2.6466406316072992e38,3.2222222222222223,43.60224931384712,3537.549645900982,141.53024595334318,-0.9999785487946791,0.02244161994614199,0.025605383361293827,0.06914643349692737,3537.549645900982,-0.9995550611790879,0.0
838.5373361110687,2414.0,1097.611111111111,16.61111111111111,2.6466406316072992e38,3.2222222222222223,43.60224931384712,3537.549645900982,141.53024595334318,-0.9999785487946791,0.02244161994614199,0.025605383361293827,0.06914643349692737,3537.549645900982,-0.9995550611790879,0.0
843.611330986023,2429.0,1080.611111111111,16.61111111111111,2.2685491128062563e38,3.2222222222222223,43.60224931384712,3537.549645900982,141.53024595334318,-0.9999785487946791,0.02244161994614199,0.025603330590830142,0.06914643349692737,3537.549645900982,-0.9995550611790879,0.0
848.9469709396362,2445.0,1038.9473684210527,17.263157894736842,2.1491517910796112e38,3.3157894736842106,43.60224931384712,3537.549645900982,141.53024595334318,-0.9999785487946791,0.022394038861538155,0.025603330590830142,0.06914643349692737,3537.549645900982,-0.9995550611790879,0.0
854.0400381088257,2460.0,1053.842105263158,17.263157894736842,2.1491517910796112e38,3.3157894736842106,43.60224931384712,3537.549645900982,141.53024595334318,-0.9999785487946791,0.022394038861536094,0.025603330590830142,0.06914643349692737,3537.549645900982,-0.9995550611790879,0.0
859.1292281150818,2475.0,1068.842105263158,17.263157894736842,2.1491517910796112e38,3.3157894736842106,43.60224931384712,3537.549645900982,141.53024595334318,-0.9999785487946791,0.022394038861536094,0.025603330590830142,0.06914643349692737,3537.549645900982,-0.9995550611790879,0.0
864.2960951328278,2490.0,1044.578947368421,17.263157894736842,2.1491517910796112e38,3.3157894736842106,43.60224931384712,3537.549645900982,141.53024595334318,-0.9999785487946791,0.022394038855288186,0.025603330590830142,0.0691525120059856,3537.549645900982,-0.9995550611790879,0.0
869.3065841197968,2505.0,1055.4736842105262,17.263157894736842,2.1491517910796112e38,3.3157894736842106,43.60224931384712,3537.549645900982,141.53024595334318,-0.9999785487946791,0.022394038855286125,0.025603330590830142,0.06915251200598412,3537.549645900982,-0.9995550611790879,0.0
874.6427490711212,2521.0,1070.5263157894738,17.263157894736842,2.1491517910796112e38,3.3157894736842106,43.60224931384712,3537.549645900982,141.53024595334318,-0.9999785487946791,0.022394038857333622,0.025603330590830142,0.06915251222399954,3537.549645900982,-0.9995550611790879,0.0
879.663106918335,2536.0,1085.5263157894738,17.263157894736842,2.1491517910796112e38,3.3157894736842106,43.60224931384712,3537.549645900982,141.53024595334318,-0.9999785487946791,0.022394038857333622,0.025603330590830142,0.06915251222399954,3537.549645900982,-0.9995550611790879,0.0
884.7463231086731,2551.0,1100.5263157894738,17.263157894736842,2.1491517910796112e38,3.3157894736842106,43.60224931384712,3537.549645900982,141.53024595334318,-0.9999785487946791,0.022394038857333622,0.025603330590830142,0.06915251222399954,3537.549645900982,-0.9995550611790879,0.0
889.8991410732269,2566.0,1108.0,17.263157894736842,2.5073437562595464e38,3.3157894736842106,43.60224931384712,3537.549645900982,141.53024595334318,-0.9999785487946791,0.022394038857333622,0.02558459305933925,0.06915251222399954,3537.549645900982,-0.9995550611790879,0.0
894.9487371444702,2581.0,1123.0,17.263157894736842,2.5073437562595464e38,3.3157894736842106,43.60224931384712,3537.549645900982,141.53024595334318,-0.9999785487946791,0.022394038857333622,0.02558459305933925,0.06915251222399954,3537.549645900982,-0.9995550611790879,0.0
900.0838921070099,2596.0,1138.0,17.263157894736842,2.5073437562595464e38,3.3157894736842106,43.60224931384712,3537.549645900982,141.53024595334318,-0.9999785487946791,0.022394038857333622,0.02558459305933925,0.06915251222399954,3537.549645900982,-0.9995550611790879,0.0
905.1115889549255,2611.0,1153.0,17.263157894736842,2.5073437562595464e38,3.3157894736842106,43.60224931384712,3537.549645900982,141.53024595334318,-0.9999785487946791,0.022394038857333622,0.02558459305933925,0.06915251222399954,3537.549645900982,-0.9995550611790879,0.0
910.1984460353851,2626.0,1168.0,17.263157894736842,2.5073437562595464e38,3.3157894736842106,43.60224931384712,3537.549645900982,141.53024595334318,-0.9999785487946791,0.022394038857333622,0.02558459305933925,0.06915251222399954,3537.549645900982,-0.9995550611790879,0.0
915.2514131069183,2641.0,1176.157894736842,17.263157894736842,2.5073437562595464e38,3.3157894736842106,43.60224931384712,3537.549645900982,141.53024595334318,-0.9999785487946791,0.022394038857333622,0.02558459305933925,0.06915251222399954,3537.549645900982,-0.9995550611790879,0.0
920.2665350437164,2656.0,1191.157894736842,17.263157894736842,2.5073437562595464e38,3.3157894736842106,43.60224931384712,3537.549645900982,141.53024595334318,-0.9999785487946791,0.022394038857333622,0.02558459305933925,0.06915251222399954,3537.549645900982,-0.9995550611790879,0.0
925.2709510326385,2671.0,1206.157894736842,17.263157894736842,2.5073437562595464e38,3.3157894736842106,43.60224931384712,3537.549645900982,141.53024595334318,-0.9999785487946791,0.022394038857333622,0.02558459305933925,0.06915251222399954,3537.549645900982,-0.9995550611790879,0.0
930.543436050415,2687.0,1222.157894736842,17.263157894736842,2.5073437562595464e38,3.3157894736842106,43.60224931384712,3537.549645900982,141.53024595334318,-0.9999785487946791,0.022394038857333622,0.02558459305933925,0.06915251222399954,3537.549645900982,-0.9995550611790879,0.0
935.5741119384766,2702.0,1227.1052631578948,17.263157894736842,2.1491517910796112e38,3.3157894736842106,43.60224931384712,3537.549645900982,141.53024595334318,-0.9999785487946791,0.022394038857333622,0.02555053947360859,0.06915251222399954,3537.549645900982,-0.9995550611790879,0.0
940.5807819366455,2717.0,1242.1052631578948,17.263157894736842,2.1491517910796112e38,3.3157894736842106,43.60224931384712,3537.549645900982,141.53024595334318,-0.9999785487946791,0.022394038857333622,0.02555053947360859,0.06915251222399954,3537.549645900982,-0.9995550611790879,0.0
945.6294980049133,2732.0,1257.1052631578948,17.263157894736842,2.1491517910796112e38,3.3157894736842106,43.60224931384712,3537.549645900982,141.53024595334318,-0.9999785487946791,0.022394038857333622,0.02555053947360859,0.06915251222399954,3537.549645900982,-0.9995550611790879,0.0
950.6339359283447,2747.0,1272.1052631578948,17.263157894736842,2.1491517910796112e38,3.3157894736842106,43.60224931384712,3537.549645900982,141.53024595334318,-0.9999785487946791,0.022394038857333622,0.02555053947360859,0.06915251222399954,3537.549645900982,-0.9995550611790879,0.0
955.9468190670013,2763.0,1288.1052631578948,17.263157894736842,2.1491517910796112e38,3.3157894736842106,43.60224931384712,3537.549645900982,141.53024595334318,-0.9999785487946791,0.022394038857333622,0.02555053947360859,0.06915251222399954,3537.549645900982,-0.9995550611790879,0.0
960.955157995224,2778.0,1303.1052631578948,17.263157894736842,2.1491517910796112e38,3.3157894736842106,43.60224931384712,3537.549645900982,141.53024595334318,-0.9999785487946791,0.022394038857333622,0.02555053947360859,0.06915251222399954,3537.549645900982,-0.9995550611790879,0.0
966.0538079738617,2793.0,1318.1052631578948,17.263157894736842,2.1491517910796112e38,3.3157894736842106,43.60224931384712,3537.549645900982,141.53024595334318,-0.9999785487946791,0.022394038857333622,0.02555053947360859,0.06915251222399954,3537.549645900982,-0.9995550611790879,0.0
971.1314570903778,2808.0,1333.1052631578948,17.263157894736842,2.1491517910796112e38,3.3157894736842106,43.60224931384712,3537.549645900982,141.53024595334318,-0.9999785487946791,0.022394038857333622,0.02555053947360859,0.06915251222399954,3537.549645900982,-0.9995550611790879,0.0
976.1506569385529,2823.0,1348.1052631578948,17.263157894736842,2.1491517910796112e38,3.3157894736842106,43.60224931384712,3537.549645900982,141.53024595334318,-0.9999785487946791,0.022394038857333622,0.02555053947360859,0.06915251222399954,3537.549645900982,-0.9995550611790879,0.0
981.470358133316,2839.0,1364.1052631578948,17.263157894736842,2.1491517910796112e38,3.3157894736842106,43.60224931384712,3537.549645900982,141.53024595334318,-0.9999785487946791,0.022394038857333622,0.02555053947360859,0.06915251222399954,3537.549645900982,-0.9995550611790879,0.0
986.5344979763031,2854.0,1379.1052631578948,17.263157894736842,2.1491517910796112e38,3.3157894736842106,43.60224931384712,3537.549645900982,141.53024595334318,-0.9999785487946791,0.022394038857333622,0.02555053947360859,0.06915251222399954,3537.549645900982,-0.9995550611790879,0.0
991.8396129608154,2870.0,1395.1052631578948,17.263157894736842,2.1491517910796112e38,3.3157894736842106,43.60224931384712,3537.549645900982,141.53024595334318,-0.9999785487946791,0.022394038857333622,0.02555053947360859,0.06915251222399954,3537.549645900982,-0.9995550611790879,0.0
997.123053073883,2886.0,1411.1052631578948,17.263157894736842,2.1491517910796112e38,3.3157894736842106,43.60224931384712,3537.549645900982,141.53024595334318,-0.9999785487946791,0.022394038857333622,0.02555053947360859,0.06915251222399954,3537.549645900982,-0.9995550611790879,0.0
1002.1751940250397,2901.0,1458.2777777777778,16.61111111111111,2.2685491128062563e38,3.2222222222222223,43.60224931384712,3537.549645900982,141.53024595334318,-0.9999785487946791,0.022394091279536923,0.02555053947360859,0.06917845588116825,3537.549645900982,-0.9995550611790879,0.0
1007.2507081031799,2916.0,1473.1666666666667,16.61111111111111,2.2685491128062563e38,3.2222222222222223,43.60224931384712,3537.549645900982,141.53024595334318,-0.9999785487946791,0.02239412851262952,0.02555053947360859,0.06917709926017179,3537.549645900982,-0.9995550611790879,0.0
1012.3441770076752,2931.0,1488.1666666666667,16.61111111111111,2.2685491128062563e38,3.2222222222222223,43.60224931384712,3537.549645900982,141.53024595334318,-0.9999785487946791,0.02239412851262952,0.02555053947360859,0.06917709926017179,3537.549645900982,-0.9995550611790879,0.0
1017.3698780536652,2946.0,1489.2222222222222,16.61111111111111,2.2685491128062563e38,3.2222222222222223,43.60224931384712,3537.549645900982,141.53024595334318,-0.9999785487946791,0.02239412851262952,0.02555053947360859,0.06917709926017179,3537.549645900982,-0.9995550611790879,0.0
1022.4269270896912,2961.0,1504.0555555555557,16.61111111111111,2.2685491128062563e38,3.2222222222222223,43.60224931384712,3537.549645900982,141.53024595334318,-0.9999785487946791,0.02239412851262952,0.02555053947360859,0.06917709926017179,3537.549645900982,-0.9995550611790879,0.0
1027.480495929718,2976.0,1517.611111111111,16.61111111111111,2.2685491128062563e38,3.2222222222222223,43.60224931384712,3537.549645900982,141.53024595334318,-0.9999785487946791,0.02239412851262952,0.02555053947360859,0.06917709926017179,3537.549645900982,-0.9995550611790879,0.0
1032.5244369506836,2991.0,1437.111111111111,16.61111111111111,2.2685491128062563e38,3.2222222222222223,43.60224931384712,3537.549645900982,141.53024595334318,-0.9999785487946791,0.02239412851262952,0.02555053947360859,0.06917709926017179,3537.549645900982,-0.9995550611790879,0.0
1037.5378279685974,3006.0,1452.111111111111,16.61111111111111,2.2685491128062563e38,3.2222222222222223,43.60224931384712,3537.549645900982,141.53024595334318,-0.9999785487946791,0.02239412851262952,0.02555053947360859,0.06917709926017179,3537.549645900982,-0.9995550611790879,0.0
1042.5753719806671,3021.0,1467.111111111111,16.61111111111111,2.2685491128062563e38,3.2222222222222223,43.60224931384712,3537.549645900982,141.53024595334318,-0.9999785487946791,0.02239412851262952,0.02555053947360859,0.06917709926017179,3537.549645900982,-0.9995550611790879,0.0
1047.634390115738,3036.0,1463.0555555555557,16.61111111111111,2.6466406316072992e38,3.2222222222222223,43.60224931384712,3537.549645900982,141.53024595334318,-0.9999785487946791,0.02239412851262952,0.025532145100049045,0.06917709926017179,3537.549645900982,-0.9995550611790879,0.0
1052.731388092041,3051.0,1478.0555555555557,16.61111111111111,2.6466406316072992e38,3.2222222222222223,43.60224931384712,3537.549645900982,141.53024595334318,-0.9999785487946791,0.02239412851262952,0.025532145100049045,0.06917709926017179,3537.549645900982,-0.9995550611790879,0.0
1057.9985010623932,3067.0,1489.2222222222222,16.61111111111111,2.6466406316072992e38,3.2222222222222223,43.60224931384712,3537.549645900982,141.53024595334318,-0.9999785487946791,0.02239412851262952,0.025532145100049045,0.06917709926017179,3537.549645900982,-0.9995550611790879,0.0
1063.003340959549,3082.0,1504.2222222222222,16.61111111111111,2.6466406316072992e38,3.2222222222222223,43.60224931384712,3537.549645900982,141.53024595334318,-0.9999785487946791,0.02239412851262952,0.025532145100049045,0.06917709926017179,3537.549645900982,-0.9995550611790879,0.0
1068.019779920578,3097.0,1519.2222222222222,16.61111111111111,2.6466406316072992e38,3.2222222222222223,43.60224931384712,3537.549645900982,141.53024595334318,-0.9999785487946791,0.02239412851262952,0.025532145100049045,0.06917709926017179,3537.549645900982,-0.9995550611790879,0.0
1073.1080050468445,3112.0,1526.888888888889,16.61111111111111,2.6466406316072992e38,3.2222222222222223,43.60224931384712,3537.549645900982,141.53024595334318,-0.9999785487946791,0.02239412851262952,0.025532145100049045,0.06917709926017179,3537.549645900982,-0.9995550611790879,0.0
1078.1509249210358,3127.0,1541.888888888889,16.61111111111111,2.6466406316072992e38,3.2222222222222223,43.60224931384712,3537.549645900982,141.53024595334318,-0.9999785487946791,0.02239412851262952,0.025532145100049045,0.06917709926017179,3537.549645900982,-0.9995550611790879,0.0
1083.4330470561981,3143.0,1557.888888888889,16.61111111111111,2.6466406316072992e38,3.2222222222222223,43.60224931384712,3537.549645900982,141.53024595334318,-0.9999785487946791,0.02239412851262952,0.025532145100049045,0.06917709926017179,3537.549645900982,-0.9995550611790879,0.0
1088.4955999851227,3158.0,1572.888888888889,16.61111111111111,2.6466406316072992e38,3.2222222222222223,43.60224931384712,3537.549645900982,141.53024595334318,-0.9999785487946791,0.02239412851262952,0.025532145100049045,0.06917709926017179,3537.549645900982,-0.9995550611790879,0.0
1093.521553993225,3173.0,1587.888888888889,16.61111111111111,2.6466406316072992e38,3.2222222222222223,43.60224931384712,3537.549645900982,141.53024595334318,-0.9999785487946791,0.02239412851262952,0.025532145100049045,0.06917709926017179,3537.549645900982,-0.9995550611790879,0.0
1098.7291939258575,3189.0,1603.888888888889,16.61111111111111,2.6466406316072992e38,3.2222222222222223,43.60224931384712,3537.549645900982,141.53024595334318,-0.9999785487946791,0.02239412851262952,0.025532145100049045,0.06917709926017179,3537.549645900982,-0.9995550611790879,0.0
1104.0564060211182,3205.0,1619.888888888889,16.61111111111111,2.6466406316072992e38,3.2222222222222223,43.60224931384712,3537.549645900982,141.53024595334318,-0.9999785487946791,0.02239412851262952,0.025532145100049045,0.06917709926017179,3537.549645900982,-0.9995550611790879,0.0
1109.1350090503693,3220.0,1634.888888888889,16.61111111111111,2.6466406316072992e38,3.2222222222222223,43.60224931384712,3537.549645900982,141.53024595334318,-0.9999785487946791,0.02239412851262952,0.025532145100049045,0.06917709926017179,3537.549645900982,-0.9995550611790879,0.0
1114.474739074707,3236.0,1650.888888888889,16.61111111111111,2.6466406316072992e38,3.2222222222222223,43.60224931384712,3537.549645900982,141.53024595334318,-0.9999785487946791,0.02239412851262952,0.025532145100049045,0.06917709926017179,3537.549645900982,-0.9995550611790879,0.0
1119.5285439491272,3251.0,1665.888888888889,16.61111111111111,2.6466406316072992e38,3.2222222222222223,43.60224931384712,3537.549645900982,141.53024595334318,-0.9999785487946791,0.02239412851262952,0.025532145100049045,0.06917709926017179,3537.549645900982,-0.9995550611790879,0.0
1124.8833000659943,3267.0,1681.888888888889,16.61111111111111,2.6466406316072992e38,3.2222222222222223,43.60224931384712,3537.549645900982,141.53024595334318,-0.9999785487946791,0.02239412851262952,0.025532145100049045,0.06917709926017179,3537.549645900982,-0.9995550611790879,0.0
1130.1961340904236,3283.0,1697.888888888889,16.61111111111111,2.6466406316072992e38,3.2222222222222223,43.60224931384712,3537.549645900982,141.53024595334318,-0.9999785487946791,0.02239412851262952,0.025532145100049045,0.06917709926017179,3537.549645900982,-0.9995550611790879,0.0
1135.5420570373535,3299.0,1713.888888888889,16.61111111111111,2.6466406316072992e38,3.2222222222222223,43.60224931384712,3537.549645900982,141.53024595334318,-0.9999785487946791,0.02239412851262952,0.025532145100049045,0.06917709926017179,3537.549645900982,-0.9995550611790879,0.0
1140.8319709300995,3315.0,1707.611111111111,16.61111111111111,2.6466406316072992e38,3.2222222222222223,43.60224931384712,3537.549645900982,141.53024595334318,-0.9999785487946791,0.022394023775069587,0.025532145100049045,0.0691615328972588,3537.549645900982,-0.9995550611790879,0.0
1145.8753590583801,3330.0,1565.111111111111,16.61111111111111,2.6466406316072992e38,3.2222222222222223,43.60224931384712,3537.549645900982,141.53024595334318,-0.9999785487946791,0.022394023775069587,0.025532145100049045,0.0691615328972588,3537.549645900982,-0.9995550611790879,0.0
1150.9091589450836,3345.0,1580.111111111111,16.61111111111111,2.6466406316072992e38,3.2222222222222223,43.60224931384712,3537.549645900982,141.53024595334318,-0.9999785487946791,0.022394023775069587,0.025532145100049045,0.0691615328972588,3537.549645900982,-0.9995550611790879,0.0
1155.9898390769958,3360.0,1595.111111111111,16.61111111111111,2.6466406316072992e38,3.2222222222222223,43.60224931384712,3537.549645900982,141.53024595334318,-0.9999785487946791,0.022394023775069587,0.025532145100049045,0.0691615328972588,3537.549645900982,-0.9995550611790879,0.0
1161.3289639949799,3376.0,1611.111111111111,16.61111111111111,2.6466406316072992e38,3.2222222222222223,43.60224931384712,3537.549645900982,141.53024595334318,-0.9999785487946791,0.022394023775069587,0.025532145100049045,0.0691615328972588,3537.549645900982,-0.9995550611790879,0.0
1166.3443450927734,3391.0,1626.111111111111,16.61111111111111,2.6466406316072992e38,3.2222222222222223,43.60224931384712,3537.549645900982,141.53024595334318,-0.9999785487946791,0.022394023775069587,0.025532145100049045,0.0691615328972588,3537.549645900982,-0.9995550611790879,0.0
1171.4282839298248,3406.0,1557.0555555555557,16.61111111111111,2.6466406316072992e38,3.2222222222222223,43.60224931384712,3537.549645900982,141.53024595334318,-0.9999785487946791,0.022394023775069587,0.025532145100049045,0.0691615328972588,3537.549645900982,-0.9995550611790879,0.0
1176.7471780776978,3422.0,1572.1666666666667,16.61111111111111,2.6466406316072992e38,3.2222222222222223,43.60224931384712,3537.549645900982,141.53024595334318,-0.9999785487946791,0.022394023775069587,0.025532145100049045,0.0691615328972588,3537.549645900982,-0.9995550611790879,0.0
1182.0926859378815,3438.0,1587.5555555555557,16.61111111111111,2.6466406316072992e38,3.2222222222222223,43.60224931384712,3537.549645900982,141.53024595334318,-0.9999785487946791,0.022394023775069587,0.025532145100049045,0.0691615328972588,3537.549645900982,-0.9995550611790879,0.0
1187.4060599803925,3454.0,1584.2222222222222,16.61111111111111,2.6466406316072992e38,3.2222222222222223,43.60224931384712,3537.549645900982,141.53024595334318,-0.9999785487946791,0.022394023775069587,0.025532145100049045,0.0691615328972588,3537.549645900982,-0.9995550611790879,0.0
1192.4803230762482,3469.0,1599.2222222222222,16.61111111111111,2.6466406316072992e38,3.2222222222222223,43.60224931384712,3537.549645900982,141.53024595334318,-0.9999785487946791,0.022394023775069587,0.025532145100049045,0.0691615328972588,3537.549645900982,-0.9995550611790879,0.0
1197.5474801063538,3484.0,1614.2222222222222,16.61111111111111,2.6466406316072992e38,3.2222222222222223,43.60224931384712,3537.549645900982,141.53024595334318,-0.9999785487946791,0.022394023775069587,0.025532145100049045,0.0691615328972588,3537.549645900982,-0.9995550611790879,0.0
1202.8729979991913,3500.0,1630.2222222222222,16.61111111111111,2.6466406316072992e38,3.2222222222222223,43.60224931384712,3537.549645900982,141.53024595334318,-0.9999785487946791,0.022394023775069587,0.025532145100049045,0.0691615328972588,3537.549645900982,-0.9995550611790879,0.0
1208.01505112648,3515.0,1645.2222222222222,16.61111111111111,2.6466406316072992e38,3.2222222222222223,43.60224931384712,3537.549645900982,141.53024595334318,-0.9999785487946791,0.022394023775069587,0.025532145100049045,0.0691615328972588,3537.549645900982,-0.9995550611790879,0.0
1213.067279100418,3530.0,1656.1666666666667,16.61111111111111,2.6466406316072992e38,3.2222222222222223,43.60224931384712,3537.549645900982,141.53024595334318,-0.9999785487946791,0.022394023775069587,0.025532145100049045,0.0691615328972588,3537.549645900982,-0.9995550611790879,0.0
1218.3542439937592,3546.0,1672.1666666666667,16.61111111111111,2.6466406316072992e38,3.2222222222222223,43.60224931384712,3537.549645900982,141.53024595334318,-0.9999785487946791,0.022394023775069587,0.025532145100049045,0.0691615328972588,3537.549645900982,-0.9995550611790879,0.0
1223.6770150661469,3562.0,1688.1666666666667,16.61111111111111,2.6466406316072992e38,3.2222222222222223,43.60224931384712,3537.549645900982,141.53024595334318,-0.9999785487946791,0.022394023775069587,0.025532145100049045,0.0691615328972588,3537.549645900982,-0.9995550611790879,0.0
1228.6939070224762,3577.0,1703.1666666666667,16.61111111111111,2.6466406316072992e38,3.2222222222222223,43.60224931384712,3537.549645900982,141.53024595334318,-0.9999785487946791,0.022394023775069587,0.025532145100049045,0.0691615328972588,3537.549645900982,-0.9995550611790879,0.0
1233.9380750656128,3593.0,1719.1666666666667,16.61111111111111,2.6466406316072992e38,3.2222222222222223,43.60224931384712,3537.549645900982,141.53024595334318,-0.9999785487946791,0.022394023775069587,0.025532145100049045,0.0691615328972588,3537.549645900982,-0.9995550611790879,0.0
1239.295704126358,3609.0,1585.8947368421052,17.210526315789473,2.5073437562595464e38,3.3684210526315788,43.60224931384712,3537.549645900982,141.53024595334318,-0.9999785487946791,0.022394023775069587,0.025532145100049045,0.0691615328972588,3537.549645900982,-0.9995550611790879,0.0
1244.618262052536,3625.0,1586.578947368421,17.210526315789473,2.5073437562595464e38,3.3684210526315788,43.60224931384712,3537.549645900982,141.53024595334318,-0.9999785487946791,0.022394023775069587,0.025532145100049045,0.0691615328972588,3537.549645900982,-0.9995550611790879,0.0
1249.680834054947,3640.0,1571.578947368421,17.210526315789473,2.5073437562595464e38,3.3684210526315788,43.60224931384712,3537.549645900982,141.53024595334318,-0.9999785487946791,0.022394023775069587,0.025532145100049045,0.0691615328972588,3537.549645900982,-0.9995550611790879,0.0
1254.758152961731,3655.0,1586.578947368421,17.210526315789473,2.5073437562595464e38,3.3684210526315788,43.60224931384712,3537.549645900982,141.53024595334318,-0.9999785487946791,0.022394023775069587,0.025532145100049045,0.0691615328972588,3537.549645900982,-0.9995550611790879,0.0
1259.7819850444794,3670.0,1601.578947368421,17.210526315789473,2.5073437562595464e38,3.3684210526315788,43.60224931384712,3537.549645900982,141.53024595334318,-0.9999785487946791,0.022394023775069587,0.025532145100049045,0.0691615328972588,3537.549645900982,-0.9995550611790879,0.0
1264.8466019630432,3685.0,1616.578947368421,17.210526315789473,2.5073437562595464e38,3.3684210526315788,43.60224931384712,3537.549645900982,141.53024595334318,-0.9999785487946791,0.022394023775069587,0.025532145100049045,0.0691615328972588,3537.549645900982,-0.9995550611790879,0.0
1270.1962749958038,3701.0,1632.578947368421,17.210526315789473,2.5073437562595464e38,3.3684210526315788,43.60224931384712,3537.549645900982,141.53024595334318,-0.9999785487946791,0.022394023775069587,0.025532145100049045,0.0691615328972588,3537.549645900982,-0.9995550611790879,0.0
1275.2529561519623,3716.0,1647.578947368421,17.210526315789473,2.5073437562595464e38,3.3684210526315788,43.60224931384712,3537.549645900982,141.53024595334318,-0.9999785487946791,0.022394023775069587,0.025532145100049045,0.0691615328972588,3537.549645900982,-0.9995550611790879,0.0
1280.557783126831,3732.0,1587.5263157894738,17.210526315789473,2.5073437562595464e38,3.3684210526315788,43.60224931384712,3537.549645900982,141.53024595334318,-0.9999785487946791,0.022394023775069587,0.025532145100049045,0.0691615328972588,3537.549645900982,-0.9995550611790879,0.0
1285.5919630527496,3747.0,1602.5263157894738,17.210526315789473,2.5073437562595464e38,3.3684210526315788,43.60224931384712,3537.549645900982,141.53024595334318,-0.9999785487946791,0.022394023775069587,0.025532145100049045,0.0691615328972588,3537.549645900982,-0.9995550611790879,0.0
1290.9073040485382,3763.0,1538.0,17.8,6.80564733841877e38,3.5,43.60224931384712,3537.549645900982,141.53024595334318,-0.9999785487946791,0.022394023775069587,0.025532145100049045,0.0691615328972588,3537.549645900982,-0.9995550611790879,0.0
1296.2575640678406,3779.0,1541.55,17.8,6.80564733841877e38,3.5,43.60224931384712,3537.549645900982,141.53024595334318,-0.9999785487946791,0.022394023775069587,0.025532145100049045,0.0691615328972588,3537.549645900982,-0.9995550611790879,0.0
1301.5815961360931,3795.0,1557.55,17.8,6.80564733841877e38,3.5,43.60224931384712,3537.549645900982,141.53024595334318,-0.9999785487946791,0.022394023775069587,0.025532145100049045,0.0691615328972588,3537.549645900982,-0.9995550611790879,0.0
1306.9098510742188,3811.0,1573.55,17.8,6.80564733841877e38,3.5,43.60224931384712,3537.549645900982,141.53024595334318,-0.9999785487946791,0.022394023775069587,0.025532145100049045,0.0691615328972588,3537.549645900982,-0.9995550611790879,0.0
1312.0568399429321,3826.0,1546.25,17.8,6.4653649714978305e38,3.5,43.60224931384712,3537.549645900982,141.53024595334318,-0.9999785487946791,0.022394023775069587,0.025494104539684946,0.0691615328972588,3537.549645900982,-0.9995550611790879,0.0
1317.3349471092224,3842.0,1562.25,17.8,6.4653649714978305e38,3.5,43.60224931384712,3537.549645900982,141.53024595334318,-0.9999785487946791,0.022394023775069587,0.025494104539684946,0.0691615328972588,3537.549645900982,-0.9995550611790879,0.0
1322.6210269927979,3858.0,1578.25,17.8,6.4653649714978305e38,3.5,43.60224931384712,3537.549645900982,141.53024595334318,-0.9999785487946791,0.022394023775069587,0.025494104539684946,0.0691615328972588,3537.549645900982,-0.9995550611790879,0.0
1327.621290922165,3873.0,1593.25,17.8,6.4653649714978305e38,3.5,43.60224931384712,3537.549645900982,141.53024595334318,-0.9999785487946791,0.022394023775069587,0.025494104539684946,0.0691615328972588,3537.549645900982,-0.9995550611790879,0.0
1332.8976800441742,3889.0,1609.25,17.8,6.4653649714978305e38,3.5,43.60224931384712,3537.549645900982,141.53024595334318,-0.9999785487946791,0.022394023775069587,0.025494104539684946,0.0691615328972588,3537.549645900982,-0.9995550611790879,0.0
1338.2185089588165,3905.0,1625.25,17.8,6.4653649714978305e38,3.5,43.60224931384712,3537.549645900982,141.53024595334318,-0.9999785487946791,0.022394023775069587,0.025494104539684946,0.0691615328972588,3537.549645900982,-0.9995550611790879,0.0
1343.5696160793304,3921.0,1636.5,17.8,6.4653649714978305e38,3.5,43.60224931384712,3537.549645900982,141.53024595334318,-0.9999785487946791,0.022394023775069587,0.025494104539684946,0.0691615328972588,3537.549645900982,-0.9995550611790879,0.0
1348.6353840827942,3936.0,1651.5,17.8,6.4653649714978305e38,3.5,43.60224931384712,3537.549645900982,141.53024595334318,-0.9999785487946791,0.022394023775069587,0.025494104539684946,0.0691615328972588,3537.549645900982,-0.9995550611790879,0.0
1353.6976680755615,3951.0,1666.5,17.8,6.4653649714978305e38,3.5,43.60224931384712,3537.549645900982,141.53024595334318,-0.9999785487946791,0.022394023775069587,0.025494104539684946,0.0691615328972588,3537.549645900982,-0.9995550611790879,0.0
1358.7113029956818,3966.0,1681.5,17.8,6.4653649714978305e38,3.5,43.60224931384712,3537.549645900982,141.53024595334318,-0.9999785487946791,0.022394023775069587,0.025494104539684946,0.0691615328972588,3537.549645900982,-0.9995550611790879,0.0
1363.9909400939941,3982.0,1697.5,17.8,6.4653649714978305e38,3.5,43.60224931384712,3537.549645900982,141.53024595334318,-0.9999785487946791,0.022394023775069587,0.025494104539684946,0.0691615328972588,3537.549645900982,-0.9995550611790879,0.0
1369.112683057785,3997.0,1712.5,17.8,6.4653649714978305e38,3.5,43.60224931384712,3537.549645900982,141.53024595334318,-0.9999785487946791,0.022394023775069587,0.025494104539684946,0.0691615328972588,3537.549645900982,-0.9995550611790879,0.0
1374.202523946762,4012.0,1727.5,17.8,6.4653649714978305e38,3.5,43.60224931384712,3537.549645900982,141.53024595334318,-0.9999785487946791,0.022394023775069587,0.025494104539684946,0.0691615328972588,3537.549645900982,-0.9995550611790879,0.0
1379.2523210048676,4027.0,1731.9,17.8,5.104235503814077e38,3.5,43.60224931384712,3537.549645900982,141.53024595334318,-0.9999785487946791,0.021422756264830926,0.025029428781846448,0.0691615328972588,3537.549645900982,-0.9995550611790879,0.0
1384.3258259296417,4042.0,1746.7,17.8,5.104235503814077e38,3.5,43.60224931384712,3537.549645900982,141.53024595334318,-0.9999785487946791,0.021425090271231705,0.02503106059200271,0.0691615328972588,3537.549645900982,-0.9995550611790879,0.0
1389.438971042633,4057.0,1761.7,17.8,5.104235503814077e38,3.5,43.60224931384712,3537.549645900982,141.53024595334318,-0.9999785487946791,0.021425090271231705,0.02503106059200271,0.0691615328972588,3537.549645900982,-0.9995550611790879,0.0
1394.6078879833221,4072.0,1776.7,17.8,5.104235503814077e38,3.5,43.60224931384712,3537.549645900982,141.53024595334318,-0.9999785487946791,0.021425090271231705,0.02503106059200271,0.0691615328972588,3537.549645900982,-0.9995550611790879,0.0
1399.6209659576416,4087.0,1791.7,17.8,5.104235503814077e38,3.5,43.60224931384712,3537.549645900982,141.53024595334318,-0.9999785487946791,0.021425090271231705,0.02503106059200271,0.0691615328972588,3537.549645900982,-0.9995550611790879,0.0
1404.666209936142,4102.0,1787.85,17.8,5.104235503814077e38,3.5,43.60224931384712,3537.549645900982,141.53024595334318,-0.9999785487946791,0.021425090271231705,0.02503106059200271,0.0691615328972588,3537.549645900982,-0.9995550611790879,0.0
1409.8277521133423,4117.0,1802.85,17.8,5.104235503814077e38,3.5,43.60224931384712,3537.549645900982,141.53024595334318,-0.9999785487946791,0.021425090271231705,0.02503106059200271,0.0691615328972588,3537.549645900982,-0.9995550611790879,0.0
1414.919429063797,4132.0,1817.85,17.8,5.104235503814077e38,3.5,43.60224931384712,3537.549645900982,141.53024595334318,-0.9999785487946791,0.021425090271231705,0.02503106059200271,0.0691615328972588,3537.549645900982,-0.9995550611790879,0.0
1420.0360851287842,4147.0,1832.85,17.8,5.104235503814077e38,3.5,43.60224931384712,3537.549645900982,141.53024595334318,-0.9999785487946791,0.021425090271231705,0.02503106059200271,0.0691615328972588,3537.549645900982,-0.9995550611790879,0.0
1425.184623003006,4162.0,1847.85,17.8,5.104235503814077e38,3.5,43.60224931384712,3537.549645900982,141.53024595334318,-0.9999785487946791,0.021425090271231705,0.02503106059200271,0.0691615328972588,3537.549645900982,-0.9995550611790879,0.0
1430.3135650157928,4177.0,1862.85,17.8,5.104235503814077e38,3.5,43.60224931384712,3537.549645900982,141.53024595334318,-0.9999785487946791,0.021425090271231705,0.02503106059200271,0.0691615328972588,3537.549645900982,-0.9995550611790879,0.0
1435.3399860858917,4192.0,1877.85,17.8,5.104235503814077e38,3.5,43.60224931384712,3537.549645900982,141.53024595334318,-0.9999785487946791,0.021425090271231705,0.02503106059200271,0.0691615328972588,3537.549645900982,-0.9995550611790879,0.0
1440.4804890155792,4207.0,1863.05,17.8,5.104235503814077e38,3.5,43.60224931384712,3537.549645900982,141.53024595334318,-0.9999785487946791,0.021425090271231705,0.02503106059200271,0.0691615328972588,3537.549645900982,-0.9995550611790879,0.0
1445.5653450489044,4222.0,1713.6,17.8,5.104235503814077e38,3.5,43.60224931384712,3537.549645900982,141.53024595334318,-0.9999785487946791,0.021425090271231705,0.02503106059200271,0.0691615328972588,3537.549645900982,-0.9995550611790879,0.0
1450.6703770160675,4237.0,1728.6,17.8,5.104235503814077e38,3.5,43.60224931384712,3537.549645900982,141.53024595334318,-0.9999785487946791,0.021425090271231705,0.02503106059200271,0.0691615328972588,3537.549645900982,-0.9995550611790879,0.0
1456.0129771232605,4253.0,1744.6,17.8,5.104235503814077e38,3.5,43.60224931384712,3537.549645900982,141.53024595334318,-0.9999785487946791,0.021425090271231705,0.02503106059200271,0.0691615328972588,3537.549645900982,-0.9995550611790879,0.0
1461.155324935913,4268.0,1759.6,17.8,5.104235503814077e38,3.5,43.60224931384712,3537.549645900982,141.53024595334318,-0.9999785487946791,0.021425090271231705,0.02503106059200271,0.0691615328972588,3537.549645900982,-0.9995550611790879,0.0
1466.170742034912,4283.0,1780.8947368421052,17.263157894736842,5.3728794776990285e38,3.3684210526315788,43.60224931384712,3537.549645900982,140.4775671132693,-0.9999785487946791,0.021425090271231705,0.02503106059200271,0.05964151781478353,3537.549645900982,-0.9995550611790879,0.0
1471.230152130127,4298.0,1795.8947368421052,17.263157894736842,5.3728794776990285e38,3.3684210526315788,43.60224931384712,3537.549645900982,140.4775671132693,-0.9999785487946791,0.021425090271231705,0.02503106059200271,0.05964151781478353,3537.549645900982,-0.9995550611790879,0.0
1476.3751320838928,4313.0,1810.8947368421052,17.263157894736842,5.3728794776990285e38,3.3684210526315788,43.60224931384712,3537.549645900982,140.4775671132693,-0.9999785487946791,0.021425090271231705,0.02503106059200271,0.05964151781478353,3537.549645900982,-0.9995550611790879,0.0
1481.5091230869293,4328.0,1703.8947368421052,17.263157894736842,5.3728794776990285e38,3.3684210526315788,43.60224931384712,3537.549645900982,140.4775671132693,-0.9999785487946791,0.021425090271231705,0.02503106059200271,0.05964151781478353,3537.549645900982,-0.9995550611790879,0.0
1486.6412501335144,4343.0,1786.888888888889,16.61111111111111,7.561830376020854e37,3.2222222222222223,43.60224931384712,3537.549645900982,141.53024595334318,-0.9999785487946791,0.021425090271231705,0.02503106059200271,0.05661967638927163,3537.549645900982,-0.9995550611790879,0.0
1491.7464470863342,4358.0,1801.888888888889,16.61111111111111,7.561830376020854e37,3.2222222222222223,43.60224931384712,3537.549645900982,141.53024595334318,-0.9999785487946791,0.021425090271231705,0.02503106059200271,0.05661967638927163,3537.549645900982,-0.9995550611790879,0.0
1496.8593499660492,4373.0,1815.6666666666667,16.61111111111111,7.561830376020854e37,3.2222222222222223,43.60224931384712,3537.549645900982,141.53024595334318,-0.9999785487946791,0.021425090271231705,0.02503106059200271,0.05661967644970996,3537.549645900982,-0.9995550611790879,0.0
1501.9391269683838,4388.0,1830.6666666666667,16.61111111111111,7.561830376020854e37,3.2222222222222223,43.60224931384712,3537.549645900982,141.53024595334318,-0.9999785487946791,0.021425090271231705,0.02503106059200271,0.05661967644970996,3537.549645900982,-0.9995550611790879,0.0
1507.054463148117,4403.0,1845.6666666666667,16.61111111111111,7.561830376020854e37,3.2222222222222223,43.60224931384712,3537.549645900982,141.53024595334318,-0.9999785487946791,0.021425090271231705,0.02503106059200271,0.05661967644970996,3537.549645900982,-0.9995550611790879,0.0
1512.205512046814,4418.0,1860.6666666666667,16.61111111111111,7.561830376020854e37,3.2222222222222223,43.60224931384712,3537.549645900982,141.53024595334318,-0.9999785487946791,0.021425090271231705,0.02503106059200271,0.05661967644970996,3537.549645900982,-0.9995550611790879,0.0
1517.3162620067596,4433.0,1875.6666666666667,16.61111111111111,7.561830376020854e37,3.2222222222222223,43.60224931384712,3537.549645900982,141.53024595334318,-0.9999785487946791,0.021425090271231705,0.02503106059200271,0.05661967644970996,3537.549645900982,-0.9995550611790879,0.0
1522.4269769191742,4448.0,1890.6666666666667,16.61111111111111,7.561830376020854e37,3.2222222222222223,43.60224931384712,3537.549645900982,141.53024595334318,-0.9999785487946791,0.021425090271231705,0.02503106059200271,0.05661967644970996,3537.549645900982,-0.9995550611790879,0.0
1527.5406320095062,4463.0,1899.9444444444443,16.61111111111111,7.561830376020854e37,3.2222222222222223,43.60224931384712,3537.549645900982,141.53024595334318,-0.9999785487946791,0.021425090271231705,0.02503106059200271,0.05661967655569486,3537.549645900982,-0.9995550611790879,0.0
1532.650864124298,4478.0,1914.5,16.61111111111111,7.561830376020854e37,3.2222222222222223,43.60224931384712,3537.549645900982,141.53024595334318,-0.9999785487946791,0.021425090271231705,0.02503106059200271,0.05661967850701143,3537.549645900982,-0.9995550611790879,0.0
1537.8060450553894,4493.0,1929.5,16.61111111111111,7.561830376020854e37,3.2222222222222223,43.60224931384712,3537.549645900982,141.53024595334318,-0.9999785487946791,0.021425090271231705,0.02503106059200271,0.05661967850701143,3537.549645900982,-0.9995550611790879,0.0
1542.9979259967804,4508.0,1944.5,16.61111111111111,7.561830376020854e37,3.2222222222222223,43.60224931384712,3537.549645900982,141.53024595334318,-0.9999785487946791,0.021425090271231705,0.02503106059200271,0.05661967850701143,3537.549645900982,-0.9995550611790879,0.0
1548.100219964981,4523.0,1957.2222222222222,16.61111111111111,7.561830376020854e37,3.2222222222222223,43.60224931384712,3537.549645900982,141.53024595334318,-0.9999785487946791,0.021425090271231705,0.02503106059200271,0.056619716306532744,3537.549645900982,-0.9995550611790879,0.0
1553.2430760860443,4538.0,1972.2222222222222,16.61111111111111,7.561830376020854e37,3.2222222222222223,43.60224931384712,3537.549645900982,141.53024595334318,-0.9999785487946791,0.021425090271231705,0.02503106059200271,0.056619716306532744,3537.549645900982,-0.9995550611790879,0.0
1558.4391450881958,4553.0,1882.6315789473683,17.263157894736842,7.163839303598704e37,3.3157894736842106,43.60224931384712,3537.549645900982,141.53024595334318,-0.9999785487946791,0.02136466920200862,0.02503106059200271,0.056619716306532744,3537.549645900982,-0.9995550611790879,0.0
1563.5815260410309,4568.0,1895.3684210526317,17.263157894736842,7.163839303598704e37,3.3157894736842106,43.60224931384712,3537.549645900982,141.53024595334318,-0.9999785487946791,0.021364669202104374,0.02503106059200271,0.05661973564680663,3537.549645900982,-0.9995550611790879,0.0
1568.7973001003265,4583.0,1910.3684210526317,17.263157894736842,7.163839303598704e37,3.3157894736842106,43.60224931384712,3537.549645900982,141.53024595334318,-0.9999785487946791,0.021364669202104374,0.02503106059200271,0.05661973564680663,3537.549645900982,-0.9995550611790879,0.0
1573.9849541187286,4598.0,1925.3684210526317,17.263157894736842,7.163839303598704e37,3.3157894736842106,43.60224931384712,3537.549645900982,141.53024595334318,-0.9999785487946791,0.021364669202104374,0.02503106059200271,0.05661973564680663,3537.549645900982,-0.9995550611790879,0.0
1579.1702411174774,4613.0,1940.3684210526317,17.263157894736842,7.163839303598704e37,3.3157894736842106,43.60224931384712,3537.549645900982,141.53024595334318,-0.9999785487946791,0.021364669202104374,0.02503106059200271,0.05661973564680663,3537.549645900982,-0.9995550611790879,0.0
1584.34921002388,4628.0,1955.3684210526317,17.263157894736842,7.163839303598704e37,3.3157894736842106,43.60224931384712,3537.549645900982,141.53024595334318,-0.9999785487946791,0.021364669202104374,0.02503106059200271,0.05661973564680663,3537.549645900982,-0.9995550611790879,0.0
1589.5217349529266,4643.0,1970.3684210526317,17.263157894736842,7.163839303598704e37,3.3157894736842106,43.60224931384712,3537.549645900982,141.53024595334318,-0.9999785487946791,0.021364669202104374,0.02503106059200271,0.05661973564680663,3537.549645900982,-0.9995550611790879,0.0
1594.69371509552,4658.0,1985.3684210526317,17.263157894736842,7.163839303598704e37,3.3157894736842106,43.60224931384712,3537.549645900982,141.53024595334318,-0.9999785487946791,0.021364669202104374,0.02503106059200271,0.05661973564680663,3537.549645900982,-0.9995550611790879,0.0
1599.8623340129852,4673.0,1994.5263157894738,17.263157894736842,7.163839303598704e37,3.3157894736842106,43.60224931384712,3537.549645900982,141.53024595334318,-0.9999785487946791,0.021364669183978804,0.02503106059200271,0.05661973564680663,3537.549645900982,-0.9995550611790879,0.0
1604.9562420845032,4688.0,1785.842105263158,17.263157894736842,7.163839303598704e37,3.3157894736842106,43.60224931384712,3537.549645900982,141.53024595334318,-0.9999785487946791,0.021364669183978804,0.02503106059200271,0.05661973564680663,3537.549645900982,-0.9995550611790879,0.0
1610.1776320934296,4703.0,1800.842105263158,17.263157894736842,7.163839303598704e37,3.3157894736842106,43.60224931384712,3537.549645900982,141.53024595334318,-0.9999785487946791,0.021364669183978804,0.02503106059200271,0.05661973564680663,3537.549645900982,-0.9995550611790879,0.0
1615.3113720417023,4718.0,1815.842105263158,17.263157894736842,7.163839303598704e37,3.3157894736842106,43.60224931384712,3537.549645900982,141.53024595334318,-0.9999785487946791,0.021364669183978804,0.02503106059200271,0.05661973564680663,3537.549645900982,-0.9995550611790879,0.0
1620.390594959259,4733.0,1821.7368421052631,17.263157894736842,7.163839303598704e37,3.3157894736842106,43.60224931384712,3537.549645900982,141.53024595334318,-0.9999785487946791,0.021364669183978804,0.02503106059200271,0.056619769638454984,3537.549645900982,-0.9995550611790879,0.0
1625.431606054306,4748.0,1835.6315789473683,17.263157894736842,7.163839303598704e37,3.3157894736842106,43.60224931384712,3537.549645900982,141.53024595334318,-0.9999785487946791,0.021364669183978804,0.02503106059200271,0.05661977039796481,3537.549645900982,-0.9995550611790879,0.0
1630.5504851341248,4763.0,1850.6315789473683,17.263157894736842,7.163839303598704e37,3.3157894736842106,43.60224931384712,3537.549645900982,141.53024595334318,-0.9999785487946791,0.021364669183978804,0.02503106059200271,0.05661977039796481,3537.549645900982,-0.9995550611790879,0.0
1635.6889610290527,4778.0,1865.6315789473683,17.263157894736842,7.163839303598704e37,3.3157894736842106,43.60224931384712,3537.549645900982,141.53024595334318,-0.9999785487946791,0.021364669183978804,0.02503106059200271,0.05661977039796481,3537.549645900982,-0.9995550611790879,0.0
1640.8124430179596,4793.0,1880.6315789473683,17.263157894736842,7.163839303598704e37,3.3157894736842106,43.60224931384712,3537.549645900982,141.53024595334318,-0.9999785487946791,0.021364669183978804,0.02503106059200271,0.05661977039796481,3537.549645900982,-0.9995550611790879,0.0
1645.9472019672394,4808.0,1895.6315789473683,17.263157894736842,7.163839303598704e37,3.3157894736842106,43.60224931384712,3537.549645900982,141.53024595334318,-0.9999785487946791,0.021364669183978804,0.02503106059200271,0.05661977039796481,3537.549645900982,-0.9995550611790879,0.0
1651.1640219688416,4823.0,1910.6315789473683,17.263157894736842,7.163839303598704e37,3.3157894736842106,43.60224931384712,3537.549645900982,141.53024595334318,-0.9999785487946791,0.021364669183978804,0.02503106059200271,0.05661977039796481,3537.549645900982,-0.9995550611790879,0.0
1656.3139879703522,4838.0,1925.6315789473683,17.263157894736842,7.163839303598704e37,3.3157894736842106,43.60224931384712,3537.549645900982,141.53024595334318,-0.9999785487946791,0.021364669183978804,0.02503106059200271,0.05661977039796481,3537.549645900982,-0.9995550611790879,0.0
1661.6481020450592,4854.0,1932.1052631578948,17.263157894736842,7.163839303598704e37,3.3157894736842106,43.60224931384712,3537.549645900982,141.53024595334318,-0.9999785487946791,0.021364663667251114,0.02503106059200271,0.05661977039796481,3537.549645900982,-0.9995550611790879,0.0
1666.7605810165405,4869.0,1881.3684210526317,17.263157894736842,7.163839303598704e37,3.3157894736842106,43.60224931384712,3537.549645900982,141.53024595334318,-0.9999785487946791,0.021364663667251114,0.02503106059200271,0.05661977039796481,3537.549645900982,-0.9995550611790879,0.0
1671.784441947937,4884.0,1896.3684210526317,17.263157894736842,7.163839303598704e37,3.3157894736842106,43.60224931384712,3537.549645900982,141.53024595334318,-0.9999785487946791,0.021364663667251114,0.02503106059200271,0.05661977039796481,3537.549645900982,-0.9995550611790879,0.0
1676.8703169822693,4899.0,1909.1052631578948,17.263157894736842,7.163839303598704e37,3.3157894736842106,43.60224931384712,3537.549645900982,141.53024595334318,-0.9999785487946791,0.021364663637879887,0.02503106059200271,0.05661977039796481,3537.549645900982,-0.9995550611790879,0.0
1681.895003080368,4914.0,1924.1052631578948,17.263157894736842,7.163839303598704e37,3.3157894736842106,43.60224931384712,3537.549645900982,141.53024595334318,-0.9999785487946791,0.021364663637879887,0.02503106059200271,0.05661977039796481,3537.549645900982,-0.9995550611790879,0.0
1686.989128112793,4929.0,1939.1052631578948,17.263157894736842,7.163839303598704e37,3.3157894736842106,43.60224931384712,3537.549645900982,141.53024595334318,-0.9999785487946791,0.021364663637879887,0.02503106059200271,0.05661977039796481,3537.549645900982,-0.9995550611790879,0.0
1692.1760840415955,4944.0,1954.1052631578948,17.263157894736842,7.163839303598704e37,3.3157894736842106,43.60224931384712,3537.549645900982,141.53024595334318,-0.9999785487946791,0.021364663637879887,0.02503106059200271,0.05661977039796481,3537.549645900982,-0.9995550611790879,0.0
1697.2237179279327,4959.0,1969.1052631578948,17.263157894736842,7.163839303598704e37,3.3157894736842106,43.60224931384712,3537.549645900982,141.53024595334318,-0.9999785487946791,0.021364663637879887,0.02503106059200271,0.05661977039796481,3537.549645900982,-0.9995550611790879,0.0
1702.5312240123749,4975.0,1970.0,17.263157894736842,7.163839303598704e37,3.3157894736842106,43.60224931384712,3537.549645900982,141.53024595334318,-0.9999785487946791,0.02137059522180943,0.02503106059200271,0.05661982492430963,3537.549645900982,-0.9995550611790879,0.0
1707.565747976303,4990.0,1985.0,17.263157894736842,7.163839303598704e37,3.3157894736842106,43.60224931384712,3537.549645900982,141.53024595334318,-0.9999785487946791,0.02137059522180943,0.02503106059200271,0.05661982492430963,3537.549645900982,-0.9995550611790879,0.0
1712.6329140663147,5005.0,2000.0,17.263157894736842,7.163839303598704e37,3.3157894736842106,43.60224931384712,3537.549645900982,141.53024595334318,-0.9999785487946791,0.02137059522180943,0.02503106059200271,0.05661982492430963,3537.549645900982,-0.9995550611790879,0.0
1717.7073271274567,5020.0,1809.4736842105262,17.263157894736842,7.163839303598704e37,3.3157894736842106,43.60224931384712,3537.549645900982,141.53024595334318,-0.9999785487946791,0.02137059522180943,0.02503106059200271,0.05661982492430963,3537.549645900982,-0.9995550611790879,0.0
1722.891849040985,5035.0,1824.4736842105262,17.263157894736842,7.163839303598704e37,3.3157894736842106,43.60224931384712,3537.549645900982,141.53024595334318,-0.9999785487946791,0.02137059522180943,0.02503106059200271,0.05661982492430963,3537.549645900982,-0.9995550611790879,0.0
1728.095754146576,5050.0,1839.4736842105262,17.263157894736842,7.163839303598704e37,3.3157894736842106,43.60224931384712,3537.549645900982,141.53024595334318,-0.9999785487946791,0.02137059522180943,0.02503106059200271,0.05661982492430963,3537.549645900982,-0.9995550611790879,0.0
1733.169497013092,5065.0,1854.4736842105262,17.263157894736842,7.163839303598704e37,3.3157894736842106,43.60224931384712,3537.549645900982,141.53024595334318,-0.9999785487946791,0.02137059522180943,0.02503106059200271,0.05661982492430963,3537.549645900982,-0.9995550611790879,0.0
1738.2215161323547,5080.0,1869.4736842105262,17.263157894736842,7.163839303598704e37,3.3157894736842106,43.60224931384712,3537.549645900982,141.53024595334318,-0.9999785487946791,0.02137059522180943,0.02503106059200271,0.05661982492430963,3537.549645900982,-0.9995550611790879,0.0
1743.3221690654755,5095.0,1884.4736842105262,17.263157894736842,7.163839303598704e37,3.3157894736842106,43.60224931384712,3537.549645900982,141.53024595334318,-0.9999785487946791,0.02137059522180943,0.02503106059200271,0.05661982492430963,3537.549645900982,-0.9995550611790879,0.0
1748.420035123825,5110.0,1899.4736842105262,17.263157894736842,7.163839303598704e37,3.3157894736842106,43.60224931384712,3537.549645900982,141.53024595334318,-0.9999785487946791,0.02137059522180943,0.02503106059200271,0.05661982492430963,3537.549645900982,-0.9995550611790879,0.0
1753.5479991436005,5125.0,1914.4736842105262,17.263157894736842,7.163839303598704e37,3.3157894736842106,43.60224931384712,3537.549645900982,141.53024595334318,-0.9999785487946791,0.02137059522180943,0.02503106059200271,0.05661982492430963,3537.549645900982,-0.9995550611790879,0.0
1758.6880280971527,5140.0,1929.4736842105262,17.263157894736842,7.163839303598704e37,3.3157894736842106,43.60224931384712,3537.549645900982,141.53024595334318,-0.9999785487946791,0.02137059522180943,0.02503106059200271,0.05661982492430963,3537.549645900982,-0.9995550611790879,0.0
1763.807727098465,5155.0,1944.4736842105262,17.263157894736842,7.163839303598704e37,3.3157894736842106,43.60224931384712,3537.549645900982,141.53024595334318,-0.9999785487946791,0.02137059522180943,0.02503106059200271,0.05661982492430963,3537.549645900982,-0.9995550611790879,0.0
1768.930715084076,5170.0,1959.4736842105262,17.263157894736842,7.163839303598704e37,3.3157894736842106,43.60224931384712,3537.549645900982,141.53024595334318,-0.9999785487946791,0.02137059522180943,0.02503106059200271,0.05661982492430963,3537.549645900982,-0.9995550611790879,0.0
1774.0294799804688,5185.0,1917.5263157894738,17.263157894736842,7.163839303598704e37,3.3157894736842106,43.60224931384712,3537.549645900982,141.53024595334318,-0.9999785487946791,0.02137059522180943,0.02503106059200271,0.05661982492430963,3537.549645900982,-0.9995550611790879,0.0
1779.1391739845276,5200.0,1932.5263157894738,17.263157894736842,7.163839303598704e37,3.3157894736842106,43.60224931384712,3537.549645900982,141.53024595334318,-0.9999785487946791,0.02137059522180943,0.02503106059200271,0.05661982492430963,3537.549645900982,-0.9995550611790879,0.0
1784.2465300559998,5215.0,1947.5263157894738,17.263157894736842,7.163839303598704e37,3.3157894736842106,43.60224931384712,3537.549645900982,141.53024595334318,-0.9999785487946791,0.02137059522180943,0.02503106059200271,0.05661982492430963,3537.549645900982,-0.9995550611790879,0.0
1789.4558069705963,5230.0,1962.5263157894738,17.263157894736842,7.163839303598704e37,3.3157894736842106,43.60224931384712,3537.549645900982,141.53024595334318,-0.9999785487946791,0.02137059522180943,0.02503106059200271,0.05661982492430963,3537.549645900982,-0.9995550611790879,0.0
1794.5138490200043,5245.0,1977.5263157894738,17.263157894736842,7.163839303598704e37,3.3157894736842106,43.60224931384712,3537.549645900982,141.53024595334318,-0.9999785487946791,0.02137059522180943,0.02503106059200271,0.05661982492430963,3537.549645900982,-0.9995550611790879,0.0
1799.6904129981995,5260.0,1992.5263157894738,17.263157894736842,7.163839303598704e37,3.3157894736842106,43.60224931384712,3537.549645900982,141.53024595334318,-0.9999785487946791,0.02137059522180943,0.02503106059200271,0.05661982492430963,3537.549645900982,-0.9995550611790879,0.0
