time,generation,mean age hall_of_fame,mean compl,mean recursive_compl,mean n_params,min mae,min mse,min max_ae,min minus_r2,min mare,min q75_are,min max_are,min ms_processed_e,min minus_spearman,max penalty
10.918883085250854,1.0,0.0,9.0,1.0737421475e9,1.5,2.73372538619889,15.638153959403612,15.925423372549737,-0.9007085439736453,0.08869385902924842,0.12280754704567315,0.409350329732572,15.638153959403612,-0.8994477791116446,0.0
16.28736400604248,5.0,0.75,8.75,2.147491852375e9,1.75,1.2102422738970617,2.433535109119521,4.405502419727483,-0.9845487360654591,0.03833781718770048,0.05989697753721381,0.11323993252584763,2.433535109119521,-0.9733013205282113,0.0
21.44218897819519,18.0,8.142857142857142,7.571428571428571,24.285714285714285,1.7142857142857142,0.6550295482517976,0.6024819770300788,1.5768853225310586,-0.9961746563639002,0.02214946233846414,0.032857679122561816,0.06472071617631436,0.6024819770300788,-0.9868427370948379,0.0
26.561830043792725,29.0,10.555555555555555,9.444444444444445,49.55555555555556,1.8888888888888888,0.27849086452746674,0.12375039451951142,0.9245396931198755,-0.9992142706301795,0.008996792796676272,0.011887890880384232,0.03021260495806314,0.12375039451951142,-0.9978871548619448,0.0
31.589498043060303,43.0,21.0,9.0,36.55555555555556,1.8888888888888888,0.26067088433516183,0.11141968201090513,0.8126313640811809,-0.9992925621217456,0.008428909660299282,0.011672165184188567,0.03301431828986752,0.11141968201090513,-0.9979831932773109,0.0
36.8450129032135,58.0,21.09090909090909,11.727272727272727,13.454545454545455,2.4545454545454546,0.2450611843464214,0.09678130543009811,0.7382099646447386,-0.9993855056832647,0.00789880601416132,0.010792453759453329,0.023584901102821413,0.09678130543009811,-0.9979831932773109,0.0
41.94882607460022,72.0,23.133333333333333,15.0,19.4,3.066666666666667,0.23736949224377768,0.09045247996730427,0.7382099649503147,-0.9994256893454008,0.007759645558801063,0.01002250700652491,0.02399781733882111,0.09045247996730427,-0.9979831932773109,0.0
47.107096910476685,86.0,29.75,14.3125,15.1875,3.0,0.2393655684261764,0.0888102814479383,0.7391520312526154,-0.999436116169596,0.007781793883258131,0.010004046826796419,0.024382336338427985,0.0888102814479383,-0.9980792316926771,0.0
52.290684938430786,100.0,42.07692307692308,12.23076923076923,23.53846153846154,2.6153846153846154,0.23005848430087597,0.0836526964690629,0.7202066229856356,-0.9994688632651586,0.007131281460123119,0.00938582326044868,0.027851531872611055,0.0836526964690629,-0.9979831932773109,0.0
57.621582984924316,114.0,47.857142857142854,13.428571428571429,24.214285714285715,2.857142857142857,0.2278120476584769,0.0801270865600322,0.7202859172172822,-0.9994912484483559,0.007013832265621697,0.009543305795197039,0.027421031772760646,0.0801270865600322,-0.9979831932773109,0.0
62.99794602394104,128.0,58.714285714285715,13.428571428571429,24.214285714285715,2.857142857142857,0.22809442154354684,0.0801270865600322,0.6638948708776766,-0.9994912484483559,0.007018260629240558,0.009492595663983996,0.027421031772760646,0.0801270865600322,-0.9979831932773109,0.0
69.05908513069153,140.0,55.13333333333333,14.066666666666666,28.6,3.0,0.21470632845404056,0.07184564771557148,0.6639894128607295,-0.9995438298542555,0.007004265534473472,0.008283261762303713,0.028114303031744243,0.07184564771557148,-0.9979831932773109,0.0
74.3930311203003,153.0,59.875,14.875,34.8125,3.1875,0.21470770603503467,0.07184398039019849,0.6640752490276824,-0.9995438404406178,0.007004248893406091,0.00828329857050256,0.02488104567554223,0.07184398039019849,-0.9979831932773109,0.0
79.4017550945282,165.0,67.125,14.875,34.8125,3.1875,0.21470786478049206,0.07184371973097078,0.6640752490276824,-0.9995438420956235,0.007004247781673032,0.008283319432474116,0.02488104567554223,0.07184371973097078,-0.9979831932773109,0.0
84.75251293182373,178.0,57.72222222222222,15.722222222222221,38.77777777777778,3.388888888888889,0.2139747491089497,0.07109992865657168,0.6640752490276824,-0.9995485646542419,0.0070042476901490715,0.008283354140788702,0.023632532577219936,0.07109992865657168,-0.9979831932773109,0.0
89.77351903915405,190.0,71.52941176470588,14.941176470588236,37.705882352941174,3.235294117647059,0.2139747491089497,0.07109992865657168,0.6640752490276824,-0.9995485646542419,0.0070331056612176444,0.00855699428474693,0.025303437771774212,0.07109992865657168,-0.9979831932773109,0.0
95.17158603668213,203.0,69.5,15.5,37.5,3.3333333333333335,0.2139747491089497,0.07109992865657168,0.6640752490276824,-0.9995485646542419,0.007033087464701339,0.00855699428474693,0.025303437771774212,0.07109992865657168,-0.9979831932773109,0.0
100.22814798355103,215.0,76.36842105263158,16.210526315789473,38.526315789473685,3.473684210526316,0.2139747491089497,0.07109992865657168,0.6640752490276824,-0.9995485646542419,0.007033081772831909,0.00855699428474693,0.025303437771774212,0.07109992865657168,-0.9979831932773109,0.0
105.40238094329834,227.0,84.66666666666667,15.444444444444445,33.94444444444444,3.2777777777777777,0.21427689008414247,0.07045154168023517,0.6640752490276824,-0.9995526814628574,0.007033081550034605,0.008618128296384907,0.025303437771774212,0.07045154168023517,-0.9979831932773109,0.0
110.60738801956177,239.0,91.94444444444444,15.444444444444445,33.94444444444444,3.2777777777777777,0.21427120697342603,0.07045020726999646,0.6640752490276824,-0.999552689935439,0.007033082693190771,0.008618104918982242,0.025303437771774212,0.07045020726999646,-0.9979831932773109,0.0
115.76789999008179,251.0,93.15789473684211,16.210526315789473,35.36842105263158,3.4210526315789473,0.21426827483638833,0.07017664375868103,0.6640752490276824,-0.9995544268744296,0.00703308449904471,0.008197789639523771,0.025303437771774212,0.07017664375868103,-0.9979831932773109,0.0
120.88554692268372,263.0,93.42105263157895,16.210526315789473,35.36842105263158,3.4210526315789473,0.21426569226377226,0.06883481898447695,0.6609594346211765,-0.9995629465332019,0.007033086564897471,0.007822468612185513,0.025303437771774212,0.06883481898447695,-0.9979831932773109,0.0
126.14981412887573,275.0,94.21052631578948,16.210526315789473,40.89473684210526,3.473684210526316,0.21426550420245136,0.06793256953967926,0.6609594346211765,-0.999568675192819,0.007033087639850226,0.008618016867165195,0.023374532940068124,0.06793256953967926,-0.9983673469387755,0.0
131.20511198043823,287.0,96.11111111111111,15.166666666666666,22.944444444444443,3.1666666666666665,0.21426549855638213,0.06793256953967926,0.6377800190051772,-0.999568675192819,0.007055603942053929,0.008718233320715377,0.022519029579337796,0.06793256953967926,-0.9981752701080432,0.0
136.55415892601013,299.0,97.22222222222223,15.166666666666666,23.27777777777778,3.2222222222222223,0.21426557460833393,0.06793256953967926,0.6377800190051772,-0.999568675192819,0.0070556129580025655,0.008718298489300192,0.022939278564198536,0.06793256953967926,-0.9981752701080432,0.0
141.81057000160217,311.0,108.11111111111111,15.166666666666666,23.27777777777778,3.2222222222222223,0.21426565047151272,0.06793256953967926,0.6377800190051772,-0.999568675192819,0.007055619821306067,0.008718340113561074,0.022939278564198536,0.06793256953967926,-0.9981752701080432,0.0
147.15801811218262,323.0,99.66666666666667,15.166666666666666,23.27777777777778,3.2222222222222223,0.21426569120218616,0.06793256953967926,0.6377800190051772,-0.999568675192819,0.007055623345763718,0.008718360685152079,0.022939278564198536,0.06793256953967926,-0.9981752701080432,0.0
152.56215596199036,335.0,105.77777777777777,15.166666666666666,23.27777777777778,3.2222222222222223,0.2142657539396673,0.0679129551512261,0.6377800190051772,-0.9995687997306125,0.007055628684731981,0.008718391361807118,0.022939278564198536,0.0679129551512261,-0.9981752701080432,0.0
157.90083193778992,347.0,106.44444444444444,15.166666666666666,23.27777777777778,3.2222222222222223,0.21426583895012144,0.06789800990988637,0.6377800190051772,-0.9995688946225529,0.007055635842526828,0.008718432037171143,0.022939278564198536,0.06789800990988637,-0.9981752701080432,0.0
163.24124193191528,359.0,112.16666666666667,15.166666666666666,23.27777777777778,3.2222222222222223,0.21426594563644116,0.0678734531101352,0.6377800190051772,-0.999569050541238,0.007000965249616107,0.00871848263230248,0.022939278564198536,0.0678734531101352,-0.9981752701080432,0.0
168.58292198181152,371.0,111.88888888888889,15.166666666666666,23.27777777777778,3.2222222222222223,0.2142660730184103,0.0678734531101352,0.637181052343827,-0.999569050541238,0.007000965249616107,0.008718543066192916,0.022917735300555984,0.0678734531101352,-0.9981752701080432,0.0
173.80111694335938,383.0,101.83333333333333,15.055555555555555,21.944444444444443,3.2222222222222223,0.2165111492445709,0.06769649261916658,0.637181052343827,-0.9995701741178988,0.007000965249616107,0.008201666030488124,0.02218445528799276,0.06769649261916658,-0.9981752701080432,0.0
179.10208296775818,395.0,111.77777777777777,14.944444444444445,23.77777777777778,3.1666666666666665,0.20431639084722916,0.06552408998790178,0.637181052343827,-0.999583967371303,0.00669570401417734,0.008201666030488124,0.02218445528799276,0.06552408998790178,-0.9981752701080432,0.0
184.45937991142273,407.0,123.77777777777777,14.944444444444445,23.77777777777778,3.1666666666666665,0.20431639084722916,0.06552408998790178,0.637181052343827,-0.999583967371303,0.00669570401417734,0.008201666030488124,0.02218445528799276,0.06552408998790178,-0.9981752701080432,0.0
189.8698890209198,419.0,112.88888888888889,14.944444444444445,23.77777777777778,3.1666666666666665,0.20431639084722916,0.06552408998790178,0.637181052343827,-0.999583967371303,0.00669570401417734,0.008201666030488124,0.02218445528799276,0.06552408998790178,-0.9981752701080432,0.0
195.27941298484802,431.0,116.77777777777777,14.944444444444445,24.944444444444443,3.111111111111111,0.20512752766932174,0.06497986910348612,0.6356784624978431,-0.9995874227973176,0.006719218874866562,0.008194721115867864,0.022863691075246877,0.06497986910348612,-0.9981752701080432,0.0
200.53438210487366,443.0,122.88888888888889,14.944444444444445,24.944444444444443,3.111111111111111,0.20512752766932174,0.06497986910348612,0.6356784626092988,-0.9995874227973176,0.006719218874866562,0.008194721115867864,0.02286369107925565,0.06497986910348612,-0.9981752701080432,0.0
205.93247199058533,455.0,123.88888888888889,14.944444444444445,24.944444444444443,3.111111111111111,0.20512752766932174,0.06497986910348612,0.6356785648711991,-0.9995874227973176,0.006719218874866562,0.008194721115867864,0.02286369475734864,0.06497986910348612,-0.9981752701080432,0.0
211.3285620212555,467.0,135.44444444444446,14.944444444444445,24.944444444444443,3.111111111111111,0.20512752766932174,0.06497986910348612,0.6356785648711991,-0.9995874227973176,0.006719218874866562,0.008194721115867864,0.02286369475734864,0.06497986910348612,-0.9981752701080432,0.0
216.3781440258026,478.0,145.0,14.944444444444445,24.944444444444443,3.111111111111111,0.20512752766932174,0.06497986910348612,0.6444146989561901,-0.9995874227973176,0.006719218874866562,0.008194721115867864,0.023177910642729286,0.06497986910348612,-0.9981752701080432,0.0
221.59305906295776,489.0,156.0,14.944444444444445,24.944444444444443,3.111111111111111,0.20512752766932174,0.06497986910348612,0.6444146989561901,-0.9995874227973176,0.006719218874866562,0.008194721115867864,0.023177910642729286,0.06497986910348612,-0.9981752701080432,0.0
226.715744972229,500.0,164.88888888888889,14.944444444444445,24.944444444444443,3.111111111111111,0.20512752766932174,0.06497986910348612,0.6444146989561901,-0.9995874227973176,0.006719218874866562,0.008194721115867864,0.023177910642729286,0.06497986910348612,-0.9981752701080432,0.0
231.80891108512878,511.0,164.57894736842104,15.68421052631579,29.42105263157895,3.210526315789474,0.2036538984581096,0.06407123467621105,0.6295821368809804,-0.999593191997155,0.006695187229247115,0.008194721115867864,0.022644422193538405,0.06407123467621105,-0.9980792316926771,0.0
237.01811695098877,522.0,150.47368421052633,15.68421052631579,25.526315789473685,3.263157894736842,0.20512752766932174,0.06306672256361662,0.6245585152846758,-0.9995995699539467,0.0066920637192122755,0.008194721115867864,0.021166977560147918,0.06306672256361662,-0.9982713085234094,0.0
242.1748650074005,533.0,152.31578947368422,15.68421052631579,25.526315789473685,3.263157894736842,0.20512752766932174,0.06306672256361662,0.6245585152846758,-0.9995995699539467,0.0066920637192122755,0.008194721115867864,0.021166977560147918,0.06306672256361662,-0.9982713085234094,0.0
247.30110597610474,544.0,153.1578947368421,15.68421052631579,25.526315789473685,3.263157894736842,0.20512752766932174,0.06306672256360238,0.6245585152846971,-0.9995995699539468,0.006692063719210333,0.008194721115867864,0.021166977560147793,0.06306672256360238,-0.9982713085234094,0.0
252.40600109100342,555.0,155.95,16.1,229.5,3.35,0.20512752766932174,0.06306672256360238,0.6245585152846971,-0.9995995699539468,0.006692063719210333,0.008194721115867864,0.021166977560147793,0.06306672256360238,-0.9982713085234094,0.0
257.58635807037354,566.0,141.2,16.1,229.5,3.35,0.20512752766932174,0.06306672256360238,0.6245585152846971,-0.9995995699539468,0.006692063719210333,0.008194721115867864,0.021166977560147793,0.06306672256360238,-0.9982713085234094,0.0
262.8063180446625,577.0,149.0,16.1,229.5,3.35,0.20512752766932174,0.06306672256360238,0.6245585152846971,-0.9995995699539468,0.006692063719210333,0.008194721115867864,0.021166977560147793,0.06306672256360238,-0.9982713085234094,0.0
268.0001530647278,588.0,160.0,16.1,229.5,3.35,0.20512752766932174,0.06306672256360238,0.6245585152846971,-0.9995995699539468,0.006692063719210333,0.008194721115867864,0.021166977560147793,0.06306672256360238,-0.9982713085234094,0.0
273.1867139339447,599.0,168.15,16.1,229.5,3.35,0.20512752766932174,0.06306672169520715,0.6245585123126673,-0.9995995699594605,0.0066920636150691925,0.008194721115867864,0.021166977712412986,0.06306672169520715,-0.9982713085234094,0.0
278.30653405189514,610.0,179.15,16.1,229.5,3.35,0.20512752766932174,0.06306672169520715,0.6245585123126673,-0.9995995699594605,0.0066920636150691925,0.008194721115867864,0.021166977712412986,0.06306672169520715,-0.9982713085234094,0.0
283.5236530303955,621.0,180.2,16.1,234.95,3.35,0.20512752766932174,0.06306672169520715,0.6245585123126673,-0.9995995699594605,0.0066920636150691925,0.007958625769205805,0.021166977712412986,0.06306672169520715,-0.9982713085234094,0.0
288.72637701034546,632.0,163.95238095238096,16.714285714285715,248.38095238095238,3.4761904761904763,0.20488499513150615,0.06306672169520715,0.6245585123126673,-0.9995995699594605,0.0066920636150691925,0.007958625769205805,0.021166977712412986,0.06306672169520715,-0.9982713085234094,0.0
293.9374659061432,643.0,165.38095238095238,16.714285714285715,248.38095238095238,3.4761904761904763,0.20488499513150615,0.06306672169520715,0.6245585123126673,-0.9995995699594605,0.0066920636150691925,0.007958625769205805,0.021166977712412986,0.06306672169520715,-0.9982713085234094,0.0
299.1444571018219,654.0,161.85714285714286,16.714285714285715,248.23809523809524,3.4761904761904763,0.20488499513150615,0.06306672169520715,0.6245585123126673,-0.9995995699594605,0.0066920636150691925,0.007959331287800053,0.021166977712412986,0.06306672169520715,-0.9982713085234094,0.0
304.3667869567871,665.0,168.57142857142858,16.714285714285715,249.23809523809524,3.4761904761904763,0.20488499513150615,0.0625496189403832,0.6295824938444383,-0.9996028532041181,0.006709871177046353,0.007959331287800053,0.0219839873382679,0.0625496189403832,-0.9980792316926771,0.0
309.6707170009613,676.0,179.28571428571428,16.714285714285715,249.23809523809524,3.4761904761904763,0.20488499513150615,0.0625496189403832,0.6295824938444383,-0.9996028532041181,0.006709871177046353,0.007959331287800053,0.0219839873382679,0.0625496189403832,-0.9980792316926771,0.0
314.878937959671,687.0,186.52380952380952,16.714285714285715,249.23809523809524,3.4761904761904763,0.20471401676685771,0.0625496189403832,0.6295824938444383,-0.9996028532041181,0.0067187527761441235,0.007869490069374256,0.0219839873382679,0.0625496189403832,-0.9980792316926771,0.0
320.1792109012604,698.0,164.04761904761904,16.666666666666668,248.23809523809524,3.4761904761904763,0.20471401676685771,0.0625496189403832,0.6349971781665644,-0.9996028532041181,0.0067187527761441235,0.007869490069374256,0.0219839873382679,0.0625496189403832,-0.9980792316926771,0.0
325.3171730041504,709.0,166.71428571428572,16.666666666666668,248.23809523809524,3.4761904761904763,0.20471401676685771,0.0625496189403832,0.6349602305926467,-0.9996028532041181,0.0067187527761441235,0.007869490069374256,0.0219839873382679,0.0625496189403832,-0.9980792316926771,0.0
330.47670912742615,720.0,173.95238095238096,16.666666666666668,248.23809523809524,3.4761904761904763,0.20471401676685771,0.0625496189403832,0.6349602305926467,-0.9996028532041181,0.0067187527761441235,0.007869490069374256,0.0219839873382679,0.0625496189403832,-0.9980792316926771,0.0
335.5868389606476,731.0,184.57142857142858,16.666666666666668,248.23809523809524,3.4761904761904763,0.20471401676685771,0.0625496189403832,0.6349602305926467,-0.9996028532041181,0.0067187527761441235,0.007869490069374256,0.0219839873382679,0.0625496189403832,-0.9980792316926771,0.0
340.82217597961426,742.0,194.9047619047619,16.666666666666668,248.23809523809524,3.4761904761904763,0.20471401676685771,0.0625496189403832,0.6349602305926467,-0.9996028532041181,0.0067187527761441235,0.007869490069374256,0.0219839873382679,0.0625496189403832,-0.9980792316926771,0.0
346.04521799087524,753.0,196.3181818181818,17.136363636363637,239.27272727272728,3.5454545454545454,0.20471401676685771,0.0625496189403832,0.6197765408672709,-0.9996028532041181,0.0067187527761441235,0.007869490069374256,0.020253390882883214,0.0625496189403832,-0.9981752701080432,0.0
351.3654730319977,764.0,199.9090909090909,17.136363636363637,239.27272727272728,3.5454545454545454,0.20471401676685771,0.0625002881345576,0.6197765408672709,-0.9996031664205982,0.0067187527761441235,0.007869490069374256,0.020253390882883214,0.0625002881345576,-0.9981752701080432,0.0
356.7561309337616,775.0,210.72727272727272,17.136363636363637,219.1818181818182,3.5,0.20471401676685771,0.0625002881345576,0.6197765408672709,-0.9996031664205982,0.0067187527761441235,0.007869490069374256,0.020253390882883214,0.0625002881345576,-0.9981752701080432,0.0
362.08826994895935,786.0,221.72727272727272,17.136363636363637,219.1818181818182,3.5,0.20471401676685771,0.0625002881345576,0.6197765408672709,-0.9996031664205982,0.0067187527761441235,0.007869490069374256,0.020253390882883214,0.0625002881345576,-0.9981752701080432,0.0
367.3706901073456,797.0,230.45454545454547,17.136363636363637,229.0,3.5,0.20127598739073554,0.06103814039950142,0.6197765408672709,-0.9996124500469084,0.00649209879701452,0.007869490069374256,0.020253390882883214,0.06103814039950142,-0.9981752701080432,0.0
372.60290908813477,808.0,235.86363636363637,17.136363636363637,226.6818181818182,3.5454545454545454,0.1984551413146851,0.06043205650017541,0.6197765408672709,-0.9996162982602584,0.00643729112669802,0.007869490069374256,0.020253390882883214,0.06043205650017541,-0.9981752701080432,0.0
377.99682998657227,819.0,248.8095238095238,16.61904761904762,239.0,3.4761904761904763,0.1984551413146851,0.06043205650017541,0.6236469618353624,-0.9996162982602584,0.00643729112669802,0.00793957418944504,0.020379870579320856,0.06043205650017541,-0.9981752701080432,0.0
383.24992394447327,830.0,259.95,16.2,254.95,3.45,0.20102703349723314,0.06037022681559511,0.6143640018893421,-0.9996166908359694,0.006492098797303137,0.008287953544338394,0.020076517025354765,0.06037022681559511,-0.9981752701080432,0.0
388.6194369792938,841.0,261.8,16.2,259.95,3.45,0.20102703349723314,0.06037022681559511,0.6143640018893421,-0.9996166908359694,0.006492098797303137,0.008287953544338394,0.020076517025354765,0.06037022681559511,-0.9981752701080432,0.0
394.0508089065552,852.0,258.95238095238096,16.714285714285715,233.52380952380952,3.5238095238095237,0.20022880373767152,0.05925886928025742,0.6068246291375985,-0.9996237471872583,0.006492098797303137,0.008287953544338394,0.019830141350762196,0.05925886928025742,-0.9981752701080432,0.0
399.48225593566895,863.0,279.6,16.2,237.55,3.45,0.20022880373767152,0.05925886928025742,0.6068246291375985,-0.9996237471872583,0.0064920987880191265,0.008287953544338394,0.019830141350762196,0.05925886928025742,-0.9981752701080432,0.0
404.95110392570496,874.0,304.2105263157895,15.578947368421053,245.3684210526316,3.3157894736842106,0.20022880373767152,0.05925886928025742,0.6068246291375985,-0.9996237471872583,0.006492079277939089,0.008287953544338394,0.019830141350762196,0.05925886928025742,-0.9981752701080432,0.0
409.96455693244934,884.0,302.2105263157895,15.578947368421053,245.3684210526316,3.3157894736842106,0.20022880373767152,0.05925886928025742,0.6068246291375985,-0.9996237471872583,0.006492079277939089,0.008287953544338394,0.019830141350762196,0.05925886928025742,-0.9981752701080432,0.0
415.4532210826874,895.0,309.2105263157895,15.578947368421053,245.3684210526316,3.3157894736842106,0.20022880373767152,0.05925886928025742,0.6068246291375985,-0.9996237471872583,0.006478992172183729,0.008287953544338394,0.019830141350762196,0.05925886928025742,-0.9981752701080432,0.0
420.45895195007324,905.0,318.7894736842105,15.578947368421053,245.3684210526316,3.3157894736842106,0.20022880373767152,0.05925886928025742,0.6068246291375985,-0.9996237471872583,0.006478992172183729,0.008287953544338394,0.019830141350762196,0.05925886928025742,-0.9981752701080432,0.0
425.6511490345001,915.0,344.8333333333333,15.11111111111111,30.944444444444443,3.2222222222222223,0.20022880373767152,0.05925886928025742,0.6068246291375985,-0.9996237471872583,0.006478992172183729,0.008287953544338394,0.019830141350762196,0.05925886928025742,-0.9981752701080432,0.0
430.7843849658966,925.0,354.8333333333333,15.11111111111111,30.944444444444443,3.2222222222222223,0.20022880373767152,0.05925886928025742,0.6068246291375985,-0.9996237471872583,0.006478992172183729,0.008287953544338394,0.019830141350762196,0.05925886928025742,-0.9981752701080432,0.0
435.9737069606781,935.0,351.3888888888889,15.11111111111111,30.944444444444443,3.2222222222222223,0.20022880373767152,0.05925886928025742,0.6068246291375985,-0.9996237471872583,0.006478992172183729,0.008287953544338394,0.019830141350762196,0.05925886928025742,-0.9981752701080432,0.0
441.0153639316559,945.0,361.3888888888889,15.11111111111111,30.944444444444443,3.2222222222222223,0.20022880373767152,0.05925886928025742,0.6068246291375985,-0.9996237471872583,0.006478992172183729,0.008287953544338394,0.019830141350762196,0.05925886928025742,-0.9981752701080432,0.0
446.0717890262604,955.0,371.3888888888889,15.11111111111111,30.944444444444443,3.2222222222222223,0.20022880373767152,0.05925886928025742,0.6068246291375985,-0.9996237471872583,0.006478992172183729,0.008287953544338394,0.019830141350762196,0.05925886928025742,-0.9981752701080432,0.0
451.1722729206085,965.0,381.3888888888889,15.11111111111111,30.944444444444443,3.2222222222222223,0.20022880373767152,0.05925886928025742,0.6068246291375985,-0.9996237471872583,0.006478992172183729,0.008287953544338394,0.019830141350762196,0.05925886928025742,-0.9981752701080432,0.0
456.3449161052704,975.0,382.8888888888889,15.11111111111111,30.944444444444443,3.2222222222222223,0.20022880373767152,0.05925886928025742,0.6068246291375985,-0.9996237471872583,0.006478992172183729,0.008278646905510088,0.019830141350762196,0.05925886928025742,-0.9981752701080432,0.0
461.482852935791,985.0,392.8888888888889,15.11111111111111,30.944444444444443,3.2222222222222223,0.20022880373767152,0.05925886928025742,0.6068246291375985,-0.9996237471872583,0.006478992172183729,0.008278646905510088,0.019830141350762196,0.05925886928025742,-0.9981752701080432,0.0
466.5708439350128,995.0,402.8888888888889,15.11111111111111,30.944444444444443,3.2222222222222223,0.20022880373767152,0.05925886928025742,0.6068246291375985,-0.9996237471872583,0.006478992172183729,0.008278646905510088,0.019830141350762196,0.05925886928025742,-0.9981752701080432,0.0
471.7481689453125,1005.0,412.8888888888889,15.11111111111111,30.944444444444443,3.2222222222222223,0.20022880373767152,0.05925886928025742,0.6068246291375985,-0.9996237471872583,0.006478992172183729,0.008278646905510088,0.019830141350762196,0.05925886928025742,-0.9981752701080432,0.0
476.87254095077515,1015.0,422.8888888888889,15.11111111111111,30.944444444444443,3.2222222222222223,0.20022880373767152,0.05925886928025742,0.6068246291375985,-0.9996237471872583,0.006478992172183729,0.008278646905510088,0.019830141350762196,0.05925886928025742,-0.9981752701080432,0.0
482.0394320487976,1025.0,432.8888888888889,15.11111111111111,30.944444444444443,3.2222222222222223,0.20022880373767152,0.05925886928025742,0.6068246291375985,-0.9996237471872583,0.006478992172183729,0.008278646905510088,0.019830141350762196,0.05925886928025742,-0.9981752701080432,0.0
487.2430410385132,1035.0,436.27777777777777,15.11111111111111,30.944444444444443,3.2222222222222223,0.20022880373767152,0.05925886928025742,0.6068246291375985,-0.9996237471872583,0.006478992172183729,0.008278646905510088,0.019830141350762196,0.05925886928025742,-0.9981752701080432,0.0
492.34518098831177,1045.0,442.55555555555554,15.0,31.944444444444443,3.1666666666666665,0.20022880373767152,0.05925886928025742,0.6068246291375985,-0.9996237471872583,0.006478992172183729,0.00853829438434691,0.019830141350762196,0.05925886928025742,-0.9980792316926771,0.0
497.5538830757141,1055.0,452.55555555555554,15.0,31.944444444444443,3.1666666666666665,0.20022880373767152,0.05925886928025742,0.6068246291375985,-0.9996237471872583,0.006478992172183729,0.00853829438434691,0.019830141350762196,0.05925886928025742,-0.9980792316926771,0.0
502.6330420970917,1065.0,462.55555555555554,15.0,31.944444444444443,3.1666666666666665,0.20022880373767152,0.05925886928025742,0.6068246291375985,-0.9996237471872583,0.006478992172183729,0.00853829438434691,0.019830141350762196,0.05925886928025742,-0.9980792316926771,0.0
507.6876471042633,1075.0,470.94444444444446,15.0,31.944444444444443,3.1666666666666665,0.20022880373767152,0.05925886928025742,0.6068246291375985,-0.9996237471872583,0.006478992172183729,0.00853829438434691,0.019830141350762196,0.05925886928025742,-0.9980792316926771,0.0
512.7549641132355,1085.0,480.94444444444446,15.0,31.944444444444443,3.1666666666666665,0.20022880373767152,0.05925886928025742,0.6068246291375985,-0.9996237471872583,0.006478992172183729,0.00853829438434691,0.019830141350762196,0.05925886928025742,-0.9980792316926771,0.0
517.7936270236969,1095.0,490.94444444444446,15.0,31.944444444444443,3.1666666666666665,0.20022880373767152,0.05925886928025742,0.6068246291375985,-0.9996237471872583,0.006478992172183729,0.00853829438434691,0.019830141350762196,0.05925886928025742,-0.9980792316926771,0.0
522.90673995018,1105.0,500.94444444444446,15.0,31.944444444444443,3.1666666666666665,0.20022880373767152,0.05925886928025742,0.6068246291375985,-0.9996237471872583,0.006478992172183729,0.00853829438434691,0.019830141350762196,0.05925886928025742,-0.9980792316926771,0.0
528.3899579048157,1116.0,511.94444444444446,15.0,31.944444444444443,3.1666666666666665,0.20022880373767152,0.05925886928025742,0.6068246291375985,-0.9996237471872583,0.006478992172183729,0.00853829438434691,0.019830141350762196,0.05925886928025742,-0.9980792316926771,0.0
533.8750629425049,1127.0,522.9444444444445,15.0,31.944444444444443,3.1666666666666665,0.20022880373767152,0.05925886928025742,0.6068246291375985,-0.9996237471872583,0.006478992172183729,0.00853829438434691,0.019830141350762196,0.05925886928025742,-0.9980792316926771,0.0
538.9328241348267,1137.0,529.2777777777778,15.0,31.944444444444443,3.1666666666666665,0.20022880373767152,0.05925886928025742,0.6068246291375985,-0.9996237471872583,0.006478992172183729,0.00853829438434691,0.019830141350762196,0.05925886928025742,-0.9980792316926771,0.0
544.006490945816,1147.0,539.2777777777778,15.0,31.944444444444443,3.1666666666666665,0.20022880373767152,0.05925886928025742,0.6068246291375985,-0.9996237471872583,0.006478992172183729,0.00853829438434691,0.019830141350762196,0.05925886928025742,-0.9980792316926771,0.0
549.4684579372406,1158.0,549.5,15.0,31.944444444444443,3.1666666666666665,0.20022880373767152,0.05925886928025742,0.6068246291375985,-0.9996237471872583,0.006478992172183729,0.00853829438434691,0.019830141350762196,0.05925886928025742,-0.9980792316926771,0.0
554.9538810253143,1169.0,553.1666666666666,15.0,31.944444444444443,3.1666666666666665,0.20022880373767152,0.05925886928025742,0.6068246291375985,-0.9996237471872583,0.006478992172183729,0.00853829438434691,0.019830141350762196,0.05925886928025742,-0.9980792316926771,0.0
559.9610350131989,1179.0,561.8333333333334,15.0,31.944444444444443,3.1666666666666665,0.20022880373767152,0.05925886928025742,0.6068246291375985,-0.9996237471872583,0.006478992172183729,0.00853829438434691,0.019830141350762196,0.05925886928025742,-0.9980792316926771,0.0
565.4240200519562,1190.0,572.8333333333334,15.0,31.944444444444443,3.1666666666666665,0.20022880373767152,0.05925886928025742,0.6068246291375985,-0.9996237471872583,0.006478992172183729,0.00853829438434691,0.019830141350762196,0.05925886928025742,-0.9980792316926771,0.0
570.4380071163177,1200.0,582.8333333333334,15.0,31.944444444444443,3.1666666666666665,0.20022880373767152,0.05925886928025742,0.6068246291375985,-0.9996237471872583,0.006478992172183729,0.00853829438434691,0.019830141350762196,0.05925886928025742,-0.9980792316926771,0.0
575.4486410617828,1210.0,592.8333333333334,15.0,31.944444444444443,3.1666666666666665,0.20022880373767152,0.05925886928025742,0.6068246291375985,-0.9996237471872583,0.006478992172183729,0.00853829438434691,0.019830141350762196,0.05925886928025742,-0.9980792316926771,0.0
580.8515589237213,1221.0,603.8333333333334,15.0,31.944444444444443,3.1666666666666665,0.20022880373767152,0.05925886928025742,0.6068246291375985,-0.9996237471872583,0.006478992172183729,0.00853829438434691,0.019830141350762196,0.05925886928025742,-0.9980792316926771,0.0
586.321496963501,1232.0,572.5,15.0,31.944444444444443,3.1666666666666665,0.20022880373767152,0.05925886928025742,0.6068246291375985,-0.9996237471872583,0.006478992172183729,0.00853829438434691,0.019830141350762196,0.05925886928025742,-0.9980792316926771,0.0
591.7230470180511,1243.0,583.5,15.0,31.944444444444443,3.1666666666666665,0.20022880373767152,0.05925886928025742,0.6068246291375985,-0.9996237471872583,0.006478992172183729,0.00853829438434691,0.019830141350762196,0.05925886928025742,-0.9980792316926771,0.0
597.2151091098785,1254.0,594.5,15.0,31.944444444444443,3.1666666666666665,0.20022880373767152,0.05925886928025742,0.6068246291375985,-0.9996237471872583,0.006478992172183729,0.00853829438434691,0.019830141350762196,0.05925886928025742,-0.9980792316926771,0.0
602.7152729034424,1265.0,572.0526315789474,15.473684210526315,32.63157894736842,3.263157894736842,0.20022880373767152,0.05925886928025742,0.6068246291375985,-0.9996237471872583,0.006478992172183729,0.00853829438434691,0.019830141350762196,0.05925886928025742,-0.9980792316926771,0.0
607.731507062912,1275.0,579.7368421052631,15.473684210526315,32.63157894736842,3.263157894736842,0.20022880373767152,0.05925886928025742,0.6068246291375985,-0.9996237471872583,0.006478992172183729,0.00853829438434691,0.019830141350762196,0.05925886928025742,-0.9980792316926771,0.0
613.1069889068604,1286.0,590.7368421052631,15.473684210526315,32.63157894736842,3.263157894736842,0.20022880373767152,0.05925886928025742,0.6068246291375985,-0.9996237471872583,0.006478992172183729,0.00853829438434691,0.019830141350762196,0.05925886928025742,-0.9980792316926771,0.0
618.4710800647736,1297.0,601.7368421052631,15.473684210526315,32.63157894736842,3.263157894736842,0.20022880373767152,0.05925886928025742,0.6068246291375985,-0.9996237471872583,0.006478992172183729,0.00853829438434691,0.019830141350762196,0.05925886928025742,-0.9980792316926771,0.0
623.8522779941559,1308.0,612.7368421052631,15.473684210526315,32.63157894736842,3.263157894736842,0.20022880373767152,0.05925886928025742,0.6068246291375985,-0.9996237471872583,0.006478992172183729,0.00853829438434691,0.019830141350762196,0.05925886928025742,-0.9980792316926771,0.0
629.3319461345673,1319.0,621.2105263157895,15.473684210526315,32.63157894736842,3.263157894736842,0.20022880373767152,0.05925886928025742,0.6068246291375985,-0.9996237471872583,0.006478992172183729,0.00853829438434691,0.019830141350762196,0.05925886928025742,-0.9980792316926771,0.0
634.3878118991852,1329.0,631.2105263157895,15.473684210526315,32.63157894736842,3.263157894736842,0.20022880373767152,0.05925886928025742,0.6068246291375985,-0.9996237471872583,0.006478992172183729,0.00853829438434691,0.019830141350762196,0.05925886928025742,-0.9980792316926771,0.0
639.7536959648132,1340.0,616.5263157894736,15.421052631578947,56.21052631578947,3.263157894736842,0.20047684860651174,0.05924096483281217,0.61038579285972,-0.9996238608681097,0.006478992172183729,0.00853829438434691,0.01994651497271495,0.05924096483281217,-0.9981752701080432,0.0
645.1672060489655,1351.0,627.5263157894736,15.421052631578947,56.21052631578947,3.263157894736842,0.20047684860651174,0.05924096483281217,0.61038579285972,-0.9996238608681097,0.006478992172183729,0.00853829438434691,0.01994651497271495,0.05924096483281217,-0.9981752701080432,0.0
650.6411869525909,1362.0,638.5263157894736,15.421052631578947,56.21052631578947,3.263157894736842,0.20047684860651174,0.05924096483281217,0.61038579285972,-0.9996238608681097,0.006478992172183729,0.00853829438434691,0.01994651497271495,0.05924096483281217,-0.9981752701080432,0.0
655.9924941062927,1373.0,649.5263157894736,15.421052631578947,56.21052631578947,3.263157894736842,0.20047684860651174,0.05924096483281217,0.61038579285972,-0.9996238608681097,0.006478992172183729,0.00853829438434691,0.01994651497271495,0.05924096483281217,-0.9981752701080432,0.0
661.452467918396,1384.0,660.5263157894736,15.421052631578947,56.21052631578947,3.263157894736842,0.20047684860651174,0.05924096483281217,0.61038579285972,-0.9996238608681097,0.006478992172183729,0.00853829438434691,0.01994651497271495,0.05924096483281217,-0.9981752701080432,0.0
666.8303480148315,1395.0,671.5263157894736,15.421052631578947,56.21052631578947,3.263157894736842,0.20047684860651174,0.05924096483281217,0.61038579285972,-0.9996238608681097,0.006478992172183729,0.00853829438434691,0.01994651497271495,0.05924096483281217,-0.9981752701080432,0.0
672.1562299728394,1406.0,648.75,15.95,68.65,3.35,0.20047684860651174,0.05924096483281217,0.6071214084037848,-0.9996238608681097,0.006478992172183729,0.00853829438434691,0.0198398396631178,0.05924096483281217,-0.9981752701080432,0.0
677.5474309921265,1417.0,659.05,15.95,68.65,3.35,0.20047684860651174,0.05924096483281217,0.6071213768011461,-0.9996238608681097,0.006478992172183729,0.00853829438434691,0.01983983863038979,0.05924096483281217,-0.9981752701080432,0.0
682.861095905304,1428.0,652.65,15.95,68.65,3.35,0.20047684860651174,0.059189041156955904,0.6071213768011461,-0.9996241905475202,0.006478992172183729,0.00853829438434691,0.01983983863038979,0.059189041156955904,-0.9981752701080432,0.0
688.1872699260712,1439.0,618.25,15.95,68.65,3.35,0.20047684860651174,0.059189041156955904,0.6071213768011461,-0.9996241905475202,0.006478992172183729,0.00853829438434691,0.01983983863038979,0.059189041156955904,-0.9981752701080432,0.0
693.4993140697479,1450.0,628.2,15.95,68.65,3.35,0.20047684860651174,0.059189041156955904,0.6071213768011461,-0.9996241905475202,0.006478992172183729,0.00853829438434691,0.01983983863038979,0.059189041156955904,-0.9981752701080432,0.0
698.9389181137085,1461.0,598.75,15.95,68.8,3.35,0.20047684860651174,0.059189041156955904,0.6071213768011461,-0.9996241905475202,0.006478992172183729,0.00853829438434691,0.01983983863038979,0.059189041156955904,-0.9981752701080432,0.0
704.2065439224243,1472.0,609.75,15.95,68.8,3.35,0.20047684860651174,0.059189041156955904,0.6071213768011461,-0.9996241905475202,0.006478992172183729,0.00853829438434691,0.01983983863038979,0.059189041156955904,-0.9981752701080432,0.0
709.4607419967651,1483.0,620.75,15.95,68.8,3.35,0.20047684860651174,0.059189041156955904,0.6071213768011461,-0.9996241905475202,0.006478992172183729,0.00853829438434691,0.01983983863038979,0.059189041156955904,-0.9981752701080432,0.0
714.8628900051117,1494.0,624.35,15.95,68.85,3.35,0.20047684860651174,0.059189041156955904,0.6071213534528823,-0.9996241905475202,0.006478992172183729,0.00853829438434691,0.019839837867402677,0.059189041156955904,-0.9981752701080432,0.0
720.163419008255,1505.0,635.35,15.95,68.85,3.35,0.20047684860651174,0.059189041156955904,0.6071213534528823,-0.9996241905475202,0.006478992172183729,0.00853829438434691,0.019839837867402677,0.059189041156955904,-0.9981752701080432,0.0
725.4492089748383,1516.0,605.5,15.95,68.85,3.35,0.20047684860651174,0.059189041156955904,0.6071213534528823,-0.9996241905475202,0.006478992172183729,0.00853829438434691,0.019839837867402677,0.059189041156955904,-0.9981752701080432,0.0
730.8851139545441,1527.0,637.4736842105264,15.526315789473685,58.31578947368421,3.263157894736842,0.20047684860651174,0.059189041156955904,0.611941587747971,-0.9996241905475202,0.006478992172183729,0.00853829438434691,0.019997356074188788,0.059189041156955904,-0.9981752701080432,0.0
736.1436579227448,1538.0,648.4736842105264,15.526315789473685,58.31578947368421,3.263157894736842,0.20047684860651174,0.059189041156955904,0.611941587747971,-0.9996241905475202,0.006478992172183729,0.00853829438434691,0.019997356074188788,0.059189041156955904,-0.9981752701080432,0.0
741.4012451171875,1549.0,652.9473684210526,15.473684210526315,31.842105263157894,3.263157894736842,0.2001255809969505,0.05896058262295921,0.6048248240320646,-0.9996256411011176,0.006478992172183729,0.00853829438434691,0.019764790644787932,0.05896058262295921,-0.9981752701080432,0.0
746.6263389587402,1560.0,661.8947368421053,15.473684210526315,31.842105263157894,3.263157894736842,0.2001255809969505,0.05896058262295921,0.6048248240320646,-0.9996256411011176,0.006478992172183729,0.00853829438434691,0.019764790644787932,0.05896058262295921,-0.9981752701080432,0.0
751.8464550971985,1571.0,672.8947368421053,15.473684210526315,31.842105263157894,3.263157894736842,0.2001255809969505,0.05896058262295921,0.6048248240320646,-0.9996256411011176,0.006478992172183729,0.00853829438434691,0.019764790644787932,0.05896058262295921,-0.9981752701080432,0.0
757.059760093689,1582.0,683.8947368421053,15.473684210526315,31.842105263157894,3.263157894736842,0.2001255809969505,0.05896058262295921,0.6048248240320646,-0.9996256411011176,0.006478992172183729,0.00853829438434691,0.019764790644787932,0.05896058262295921,-0.9981752701080432,0.0
762.3044259548187,1593.0,638.421052631579,15.473684210526315,31.842105263157894,3.263157894736842,0.2001255809969505,0.05896058262295921,0.6048248240320646,-0.9996256411011176,0.006478992172183729,0.00853829438434691,0.019764790644787932,0.05896058262295921,-0.9981752701080432,0.0
767.5540120601654,1604.0,649.421052631579,15.473684210526315,31.842105263157894,3.263157894736842,0.2001255809969505,0.05896058262295921,0.6048248240320646,-0.9996256411011176,0.006478992172183729,0.00853829438434691,0.019764790644787932,0.05896058262295921,-0.9981752701080432,0.0
772.7537930011749,1615.0,660.421052631579,15.473684210526315,31.842105263157894,3.263157894736842,0.2001255809969505,0.05896058262295921,0.6048248240320646,-0.9996256411011176,0.006478992172183729,0.00853829438434691,0.019764790644787932,0.05896058262295921,-0.9981752701080432,0.0
778.0448141098022,1626.0,671.421052631579,15.473684210526315,31.842105263157894,3.263157894736842,0.2001255809969505,0.05896058262295921,0.6048248240320646,-0.9996256411011176,0.006478992172183729,0.00853829438434691,0.019764790644787932,0.05896058262295921,-0.9981752701080432,0.0
783.2224481105804,1637.0,682.421052631579,15.473684210526315,31.842105263157894,3.263157894736842,0.2001255809969505,0.05896058262295921,0.6048248240320646,-0.9996256411011176,0.006478992172183729,0.00853829438434691,0.019764790644787932,0.05896058262295921,-0.9981752701080432,0.0
788.3926389217377,1648.0,693.421052631579,15.473684210526315,31.842105263157894,3.263157894736842,0.2001255809969505,0.05896058262295921,0.6048248240320646,-0.9996256411011176,0.006478992172183729,0.00853829438434691,0.019764790644787932,0.05896058262295921,-0.9981752701080432,0.0
793.5979330539703,1659.0,704.421052631579,15.473684210526315,31.842105263157894,3.263157894736842,0.2001255809969505,0.05896058262295921,0.6048248240320646,-0.9996256411011176,0.006478992172183729,0.00853829438434691,0.019764790644787932,0.05896058262295921,-0.9981752701080432,0.0
798.819757938385,1670.0,715.421052631579,15.473684210526315,31.842105263157894,3.263157894736842,0.2001255809969505,0.05896058262295921,0.6048248240320646,-0.9996256411011176,0.006478992172183729,0.00853829438434691,0.019764790644787932,0.05896058262295921,-0.9981752701080432,0.0
804.0868699550629,1681.0,719.8421052631579,15.473684210526315,38.10526315789474,3.210526315789474,0.1997072332756386,0.058309873909692715,0.6173814760442937,-0.9996297726511558,0.006478992172183729,0.008294681299425743,0.02017512366744179,0.058309873909692715,-0.9980792316926771,0.0
809.2580189704895,1692.0,730.8421052631579,15.473684210526315,38.10526315789474,3.210526315789474,0.1997072332756386,0.058309873909692715,0.6173814760442937,-0.9996297726511558,0.006478992172183729,0.008294681299425743,0.02017512366744179,0.058309873909692715,-0.9980792316926771,0.0
814.4727931022644,1703.0,741.8421052631579,15.473684210526315,38.10526315789474,3.210526315789474,0.1997072332756386,0.058309873909692715,0.6173814760442937,-0.9996297726511558,0.006478992172183729,0.008294681299425743,0.02017512366744179,0.058309873909692715,-0.9980792316926771,0.0
819.7334740161896,1714.0,752.8421052631579,15.473684210526315,38.10526315789474,3.210526315789474,0.1997072332756386,0.058309873909692715,0.6173814760442937,-0.9996297726511558,0.006478992172183729,0.008294681299425743,0.02017512366744179,0.058309873909692715,-0.9980792316926771,0.0
824.9283831119537,1725.0,763.8421052631579,15.473684210526315,38.10526315789474,3.210526315789474,0.1997072332756386,0.058309873909692715,0.6173814760442937,-0.9996297726511558,0.006478992172183729,0.008294681299425743,0.02017512366744179,0.058309873909692715,-0.9980792316926771,0.0
830.1736290454865,1736.0,774.8421052631579,15.473684210526315,38.10526315789474,3.210526315789474,0.1997072332756386,0.058309873909692715,0.6173814760442937,-0.9996297726511558,0.006478992172183729,0.008294681299425743,0.02017512366744179,0.058309873909692715,-0.9980792316926771,0.0
835.3841819763184,1747.0,785.8421052631579,15.473684210526315,38.10526315789474,3.210526315789474,0.1997072332756386,0.058309873909692715,0.6173814760442937,-0.9996297726511558,0.006478992172183729,0.008294681299425743,0.02017512366744179,0.058309873909692715,-0.9980792316926771,0.0
840.6220099925995,1758.0,796.8421052631579,15.473684210526315,38.10526315789474,3.210526315789474,0.1997072332756386,0.058309873909692715,0.6173814760442937,-0.9996297726511558,0.006478992172183729,0.008294681299425743,0.02017512366744179,0.058309873909692715,-0.9980792316926771,0.0
845.8149709701538,1769.0,764.0526315789474,15.473684210526315,38.10526315789474,3.210526315789474,0.1997072332756386,0.058309873909692715,0.6173814760442937,-0.9996297726511558,0.006478992172183729,0.008294681299425743,0.02017512366744179,0.058309873909692715,-0.9980792316926771,0.0
850.9230449199677,1780.0,769.5263157894736,15.473684210526315,38.10526315789474,3.210526315789474,0.19970723215219985,0.058309873597729205,0.6173814760442937,-0.9996297726531366,0.006478992172183729,0.008294681400145918,0.02017512366744179,0.058309873597729205,-0.9980792316926771,0.0
856.0661571025848,1791.0,779.3157894736842,15.473684210526315,38.10526315789474,3.210526315789474,0.19970723215219985,0.058309873597729205,0.6173814760442937,-0.9996297726531366,0.006478992172183729,0.008294681400145918,0.02017512366744179,0.058309873597729205,-0.9980792316926771,0.0
861.2709500789642,1802.0,790.3157894736842,15.473684210526315,38.10526315789474,3.210526315789474,0.19970723215219985,0.058309873597729205,0.6173814760442937,-0.9996297726531366,0.006478992172183729,0.008294681400145918,0.02017512366744179,0.058309873597729205,-0.9980792316926771,0.0
866.5672070980072,1813.0,801.3157894736842,15.473684210526315,38.10526315789474,3.210526315789474,0.19970723215219985,0.058309873597729205,0.6173814760442937,-0.9996297726531366,0.006478992172183729,0.008294681400145918,0.02017512366744179,0.058309873597729205,-0.9980792316926771,0.0
871.8280329704285,1824.0,812.3157894736842,15.473684210526315,38.10526315789474,3.210526315789474,0.19970723215219985,0.058309873597729205,0.6173814760442937,-0.9996297726531366,0.006478992172183729,0.008294681400145918,0.02017512366744179,0.058309873597729205,-0.9980792316926771,0.0
877.125237941742,1835.0,782.5,16.15,3315.45,3.35,0.19630801620272748,0.05770936719402777,0.5588656291799268,-0.9996335854532492,0.006399056165589816,0.008294681400145918,0.018262911376010826,0.05770936719402777,-0.9981752701080432,0.0
882.4693460464478,1846.0,793.5,16.15,3315.45,3.35,0.19630801620272748,0.05770936719402777,0.5588656291799268,-0.9996335854532492,0.006399056165589816,0.008294681400145918,0.018262911376010826,0.05770936719402777,-0.9981752701080432,0.0
887.7126340866089,1857.0,804.5,16.15,3315.45,3.35,0.19630801620272748,0.05770936719402777,0.5588656291799268,-0.9996335854532492,0.006399056165589816,0.008294681400145918,0.018262911376010826,0.05770936719402777,-0.9981752701080432,0.0
893.0010409355164,1868.0,811.15,16.15,3315.45,3.35,0.19630801620272748,0.05770936719402777,0.5588656291799268,-0.9996335854532492,0.006399056165589816,0.008311482734505906,0.018262911376010826,0.05770936719402777,-0.9981752701080432,0.0
898.3612730503082,1879.0,822.15,16.15,3315.45,3.35,0.19630801620272748,0.05770936719402777,0.5588656291799268,-0.9996335854532492,0.006399056165589816,0.008311482734505906,0.018262911376010826,0.05770936719402777,-0.9981752701080432,0.0
903.6658999919891,1890.0,833.15,16.15,3315.45,3.35,0.19630801620272748,0.05770936719402777,0.5588656291799268,-0.9996335854532492,0.006399056165589816,0.008311482734505906,0.018262911376010826,0.05770936719402777,-0.9981752701080432,0.0
908.9311199188232,1901.0,844.15,16.15,3315.45,3.35,0.19630801620272748,0.05770936719402777,0.5588656291799268,-0.9996335854532492,0.006399056165589816,0.008311482734505906,0.018262911376010826,0.05770936719402777,-0.9981752701080432,0.0
914.1532831192017,1912.0,855.15,16.15,3315.45,3.35,0.19630801620272748,0.05770936719402777,0.5588656291799268,-0.9996335854532492,0.006399056165589816,0.008311482734505906,0.018262911376010826,0.05770936719402777,-0.9981752701080432,0.0
919.3531451225281,1923.0,866.15,16.15,3315.45,3.35,0.19630801620272748,0.05770936719402777,0.5588656291799268,-0.9996335854532492,0.006399056165589816,0.008311482734505906,0.018262911376010826,0.05770936719402777,-0.9981752701080432,0.0
924.6525709629059,1934.0,877.15,16.15,3315.45,3.35,0.19630801620272748,0.05770936719402777,0.5588656291799268,-0.9996335854532492,0.006399056165589816,0.008311482734505906,0.018262911376010826,0.05770936719402777,-0.9981752701080432,0.0
929.8576030731201,1945.0,880.85,16.15,3315.45,3.35,0.19630801620272748,0.05770936719402777,0.5588656291799268,-0.9996335854532492,0.006399056165589816,0.008311482734505906,0.018262911376010826,0.05770936719402777,-0.9981752701080432,0.0
935.1366140842438,1956.0,891.85,16.15,3315.45,3.35,0.19630801620272748,0.05770936719402777,0.5588656291799268,-0.9996335854532492,0.006399056165589816,0.008311482734505906,0.018262911376010826,0.05770936719402777,-0.9981752701080432,0.0
940.303081035614,1967.0,902.85,16.15,3315.45,3.35,0.19630801620272748,0.05770936719402777,0.5588656291799268,-0.9996335854532492,0.006399056165589816,0.008311482734505906,0.018262911376010826,0.05770936719402777,-0.9981752701080432,0.0
945.5932619571686,1978.0,913.85,16.15,3315.45,3.35,0.19630801620272748,0.05770936719402777,0.5588656291799268,-0.9996335854532492,0.006399056165589816,0.008311482734505906,0.018262911376010826,0.05770936719402777,-0.9981752701080432,0.0
950.8197281360626,1989.0,853.55,16.15,3315.45,3.35,0.19630801620272748,0.05770936719402777,0.5588656291799268,-0.9996335854532492,0.006399056165589816,0.008311482734505906,0.018262911376010826,0.05770936719402777,-0.9981752701080432,0.0
956.1666390895844,2000.0,848.4736842105264,15.578947368421053,3484.4210526315787,3.263157894736842,0.19630801620272748,0.05770936719402777,0.5588656291799268,-0.9996335854532492,0.006399056165589816,0.008311482734505906,0.018262911376010826,0.05770936719402777,-0.9981752701080432,0.0
961.4324951171875,2011.0,859.4736842105264,15.578947368421053,3484.4210526315787,3.263157894736842,0.19630801620272748,0.05770936719402777,0.5588656291799268,-0.9996335854532492,0.006399056165589816,0.008311482734505906,0.018262911376010826,0.05770936719402777,-0.9981752701080432,0.0
966.6158111095428,2022.0,870.4736842105264,15.578947368421053,3484.4210526315787,3.263157894736842,0.19630801620272748,0.05770936719402777,0.5588656291799268,-0.9996335854532492,0.006399056165589816,0.008311482734505906,0.018262911376010826,0.05770936719402777,-0.9981752701080432,0.0
971.9459891319275,2033.0,879.6315789473684,15.578947368421053,3484.4210526315787,3.263157894736842,0.19630801620272748,0.05770936719402777,0.5588656291799268,-0.9996335854532492,0.006399056165589816,0.008311482734505906,0.018262911376010826,0.05770936719402777,-0.9981752701080432,0.0
977.2691071033478,2044.0,890.6315789473684,15.578947368421053,3484.4210526315787,3.263157894736842,0.19630801620272748,0.05770936719402777,0.5588656291799268,-0.9996335854532492,0.006399056165589816,0.008311482734505906,0.018262911376010826,0.05770936719402777,-0.9981752701080432,0.0
982.6057651042938,2055.0,901.6315789473684,15.578947368421053,3484.4210526315787,3.263157894736842,0.19630801620272748,0.05770936719402777,0.5588656291799268,-0.9996335854532492,0.006399056165589816,0.008311482734505906,0.018262911376010826,0.05770936719402777,-0.9981752701080432,0.0
987.8406939506531,2066.0,912.6315789473684,15.578947368421053,3484.4210526315787,3.263157894736842,0.19630801620272748,0.05770936719402777,0.5588656291799268,-0.9996335854532492,0.006399056165589816,0.008311482734505906,0.018262911376010826,0.05770936719402777,-0.9981752701080432,0.0
993.0394520759583,2077.0,923.6315789473684,15.578947368421053,3484.4210526315787,3.263157894736842,0.19630801620272748,0.05770936719402777,0.5588656291799268,-0.9996335854532492,0.006399056165589816,0.008311482734505906,0.018262911376010826,0.05770936719402777,-0.9981752701080432,0.0
998.3558249473572,2088.0,934.6315789473684,15.578947368421053,3484.4210526315787,3.263157894736842,0.19630801620272748,0.05770936719402777,0.5588656291799268,-0.9996335854532492,0.006399056165589816,0.008311482734505906,0.018262911376010826,0.05770936719402777,-0.9981752701080432,0.0
1003.5752820968628,2099.0,945.6315789473684,15.578947368421053,3484.4210526315787,3.263157894736842,0.19630801620272748,0.05770936719402777,0.5588656291799268,-0.9996335854532492,0.006399056165589816,0.008311482734505906,0.018262911376010826,0.05770936719402777,-0.9981752701080432,0.0
1008.9294209480286,2110.0,956.6315789473684,15.578947368421053,3484.4210526315787,3.263157894736842,0.19630801620272748,0.05770936719402777,0.5588656291799268,-0.9996335854532492,0.006399056165589816,0.008311482734505906,0.018262911376010826,0.05770936719402777,-0.9981752701080432,0.0
1014.2176809310913,2121.0,963.0,15.578947368421053,3498.2631578947367,3.263157894736842,0.19630801620272748,0.05770936719402777,0.5588656291799268,-0.9996335854532492,0.006399056165589816,0.008311482734505906,0.018262911376010826,0.05770936719402777,-0.9981752701080432,0.0
1019.4570169448853,2132.0,974.0,15.578947368421053,3498.2631578947367,3.263157894736842,0.19630801620272748,0.05770936719402777,0.5588656291799268,-0.9996335854532492,0.006399056165589816,0.008311482734505906,0.018262911376010826,0.05770936719402777,-0.9981752701080432,0.0
1024.744192123413,2143.0,985.0,15.578947368421053,3498.2631578947367,3.263157894736842,0.19630801620272748,0.05770936719402777,0.5588656291799268,-0.9996335854532492,0.006399056165589816,0.008311482734505906,0.018262911376010826,0.05770936719402777,-0.9981752701080432,0.0
1030.0451159477234,2154.0,996.0,15.578947368421053,3498.2631578947367,3.263157894736842,0.19630801620272748,0.05770936719402777,0.5588656291799268,-0.9996335854532492,0.006399056165589816,0.008311482734505906,0.018262911376010826,0.05770936719402777,-0.9981752701080432,0.0
1035.3073980808258,2165.0,1007.0,15.578947368421053,3498.2631578947367,3.263157894736842,0.19630801620272748,0.05770936719402777,0.5588656291799268,-0.9996335854532492,0.006399056165589816,0.008311482734505906,0.018262911376010826,0.05770936719402777,-0.9981752701080432,0.0
1040.6078729629517,2176.0,1018.0,15.578947368421053,3498.2631578947367,3.263157894736842,0.19630801620272748,0.05770936719402777,0.5588656291799268,-0.9996335854532492,0.006399056165589816,0.008311482734505906,0.018262911376010826,0.05770936719402777,-0.9981752701080432,0.0
1045.8045010566711,2187.0,1016.0,15.578947368421053,3498.2631578947367,3.263157894736842,0.19630801620272748,0.05770936719402777,0.5588656291799268,-0.9996335854532492,0.006399056165589816,0.008311482734505906,0.018262911376010826,0.05770936719402777,-0.9981752701080432,0.0
1050.9960329532623,2198.0,1027.0,15.578947368421053,3498.2631578947367,3.263157894736842,0.19630801620272748,0.05770936719402777,0.5588656291799268,-0.9996335854532492,0.006399056165589816,0.008311482734505906,0.018262911376010826,0.05770936719402777,-0.9981752701080432,0.0
1056.1181349754333,2209.0,1038.0,15.578947368421053,3498.2631578947367,3.263157894736842,0.19630801620272748,0.05770936719402777,0.5588656291799268,-0.9996335854532492,0.006399056165589816,0.008311482734505906,0.018262911376010826,0.05770936719402777,-0.9981752701080432,0.0
1061.3526849746704,2220.0,1049.0,15.578947368421053,3498.2631578947367,3.263157894736842,0.19630801620272748,0.05770936719402777,0.5588656291799268,-0.9996335854532492,0.006399056165589816,0.008311482734505906,0.018262911376010826,0.05770936719402777,-0.9981752701080432,0.0
1066.4558789730072,2231.0,1060.0,15.578947368421053,3498.2631578947367,3.263157894736842,0.19630801620272748,0.05770936719402777,0.5588656291799268,-0.9996335854532492,0.006399056165589816,0.008311482734505906,0.018262911376010826,0.05770936719402777,-0.9981752701080432,0.0
1071.688257932663,2242.0,1071.0,15.578947368421053,3498.2631578947367,3.263157894736842,0.19630801620272748,0.05770936719402777,0.5588656291799268,-0.9996335854532492,0.006399056165589816,0.008311482734505906,0.018262911376010826,0.05770936719402777,-0.9981752701080432,0.0
1076.9471170902252,2253.0,1082.0,15.578947368421053,3498.2631578947367,3.263157894736842,0.19630801620272748,0.05770936719402777,0.5588656291799268,-0.9996335854532492,0.006399056165589816,0.008311482734505906,0.018262911376010826,0.05770936719402777,-0.9981752701080432,0.0
1082.2540991306305,2264.0,1093.0,15.578947368421053,3498.2631578947367,3.263157894736842,0.19630801620272748,0.05770936719402777,0.5588656291799268,-0.9996335854532492,0.006399056165589816,0.008311482734505906,0.018262911376010826,0.05770936719402777,-0.9981752701080432,0.0
1087.512097120285,2275.0,1104.0,15.578947368421053,3498.2631578947367,3.263157894736842,0.19630801620272748,0.05770936719402777,0.5588656291799268,-0.9996335854532492,0.006399056165589816,0.008311482734505906,0.018262911376010826,0.05770936719402777,-0.9981752701080432,0.0
1092.719556093216,2286.0,1115.0,15.578947368421053,3498.2631578947367,3.263157894736842,0.19630801620272748,0.05770936719402777,0.5588656291799268,-0.9996335854532492,0.006399056165589816,0.008311482734505906,0.018262911376010826,0.05770936719402777,-0.9981752701080432,0.0
1097.9006249904633,2297.0,1126.0,15.578947368421053,3498.2631578947367,3.263157894736842,0.19630801620272748,0.05770936719402777,0.5588656291799268,-0.9996335854532492,0.006399056165589816,0.008311482734505906,0.018262911376010826,0.05770936719402777,-0.9981752701080432,0.0
1103.1297929286957,2308.0,1137.0,15.578947368421053,3498.2631578947367,3.263157894736842,0.19630801620272748,0.05770936719402777,0.5588656291799268,-0.9996335854532492,0.006399056165589816,0.008311482734505906,0.018262911376010826,0.05770936719402777,-0.9981752701080432,0.0
1108.338418006897,2319.0,1148.0,15.578947368421053,3498.2631578947367,3.263157894736842,0.19630801620272748,0.05770936719402777,0.5588656291799268,-0.9996335854532492,0.006399056165589816,0.008311482734505906,0.018262911376010826,0.05770936719402777,-0.9981752701080432,0.0
1113.4741349220276,2330.0,1159.0,15.578947368421053,3498.2631578947367,3.263157894736842,0.19630801620272748,0.05770936719402777,0.5588656291799268,-0.9996335854532492,0.006399056165589816,0.008311482734505906,0.018262911376010826,0.05770936719402777,-0.9981752701080432,0.0
1118.7603080272675,2341.0,1170.0,15.578947368421053,3498.2631578947367,3.263157894736842,0.19630801620272748,0.05770936719402777,0.5588656291799268,-0.9996335854532492,0.006399056165589816,0.008311482734505906,0.018262911376010826,0.05770936719402777,-0.9981752701080432,0.0
1123.9645159244537,2352.0,1181.0,15.578947368421053,3498.2631578947367,3.263157894736842,0.19630801620272748,0.05770936719402777,0.5588656291799268,-0.9996335854532492,0.006399056165589816,0.008311482734505906,0.018262911376010826,0.05770936719402777,-0.9981752701080432,0.0
1129.3516299724579,2363.0,1192.0,15.578947368421053,3498.2631578947367,3.263157894736842,0.19630801620272748,0.05770936719402777,0.5588656291799268,-0.9996335854532492,0.006399056165589816,0.008311482734505906,0.018262911376010826,0.05770936719402777,-0.9981752701080432,0.0
1134.63329911232,2374.0,1203.0,15.578947368421053,3498.2631578947367,3.263157894736842,0.19630801620272748,0.05770936719402777,0.5588656291799268,-0.9996335854532492,0.006399056165589816,0.008311482734505906,0.018262911376010826,0.05770936719402777,-0.9981752701080432,0.0
1139.9294590950012,2385.0,1214.0,15.578947368421053,3498.2631578947367,3.263157894736842,0.19630801620272748,0.05770936719402777,0.5588656291799268,-0.9996335854532492,0.006399056165589816,0.008311482734505906,0.018262911376010826,0.05770936719402777,-0.9981752701080432,0.0
1145.3322310447693,2396.0,1225.0,15.578947368421053,3498.2631578947367,3.263157894736842,0.19630801620272748,0.05770936719402777,0.5588656291799268,-0.9996335854532492,0.006399056165589816,0.008311482734505906,0.018262911376010826,0.05770936719402777,-0.9981752701080432,0.0
1150.7697360515594,2407.0,1193.157894736842,15.578947368421053,3498.2631578947367,3.263157894736842,0.19630801620272748,0.05770936719402777,0.5588656291799268,-0.9996335854532492,0.006399056165589816,0.008311482734505906,0.018262911376010826,0.05770936719402777,-0.9981752701080432,0.0
1156.0979039669037,2418.0,1204.157894736842,15.578947368421053,3498.2631578947367,3.263157894736842,0.19630801620272748,0.05770936719402777,0.5588656291799268,-0.9996335854532492,0.006399056165589816,0.008311482734505906,0.018262911376010826,0.05770936719402777,-0.9981752701080432,0.0
1161.4258511066437,2429.0,1202.3684210526317,15.578947368421053,3498.2631578947367,3.263157894736842,0.19630801620272748,0.05770936719402777,0.5588656291799268,-0.9996335854532492,0.006399056165589816,0.008311482734505906,0.018262911376010826,0.05770936719402777,-0.9981752701080432,0.0
1166.664050102234,2440.0,1213.3684210526317,15.578947368421053,3498.2631578947367,3.263157894736842,0.19630801620272748,0.05770936719402777,0.5588656291799268,-0.9996335854532492,0.006399056165589816,0.008311482734505906,0.018262911376010826,0.05770936719402777,-0.9981752701080432,0.0
1172.0153889656067,2451.0,1224.3684210526317,15.578947368421053,3498.2631578947367,3.263157894736842,0.19630801620272748,0.05770936719402777,0.5588656291799268,-0.9996335854532492,0.006399056165589816,0.008311482734505906,0.018262911376010826,0.05770936719402777,-0.9981752701080432,0.0
1177.2851929664612,2462.0,1235.3684210526317,15.578947368421053,3498.2631578947367,3.263157894736842,0.19630801620272748,0.05770936719402777,0.5588656291799268,-0.9996335854532492,0.006399056165589816,0.008311482734505906,0.018262911376010826,0.05770936719402777,-0.9981752701080432,0.0
1182.4248490333557,2473.0,1246.4444444444443,14.833333333333334,49.0,3.111111111111111,0.19872881793171984,0.05695283709510254,0.5881913991516399,-0.9996383888958579,0.006478992172183729,0.00853829438434691,0.019221234647407156,0.05695283709510254,-0.9981752701080432,0.0
1187.6691989898682,2484.0,1257.4444444444443,14.833333333333334,49.0,3.111111111111111,0.19872881793171984,0.05695283709510254,0.5881913991516399,-0.9996383888958579,0.006478992172183729,0.00853829438434691,0.019221234647407156,0.05695283709510254,-0.9981752701080432,0.0
1192.7975599765778,2495.0,1268.4444444444443,14.833333333333334,49.0,3.111111111111111,0.19872881793171984,0.05695283709510254,0.5881913991516399,-0.9996383888958579,0.006478992172183729,0.00853829438434691,0.019221234647407156,0.05695283709510254,-0.9981752701080432,0.0
1198.0254080295563,2506.0,1279.4444444444443,14.833333333333334,49.0,3.111111111111111,0.19872881793171984,0.05695283709510254,0.5881913991516399,-0.9996383888958579,0.006478992172183729,0.00853829438434691,0.019221234647407156,0.05695283709510254,-0.9981752701080432,0.0
1203.2045669555664,2517.0,1290.4444444444443,14.833333333333334,49.0,3.111111111111111,0.19872881793171984,0.05695283709510254,0.5881913991516399,-0.9996383888958579,0.006478992172183729,0.00853829438434691,0.019221234647407156,0.05695283709510254,-0.9981752701080432,0.0
1208.3440899848938,2528.0,1301.4444444444443,14.833333333333334,49.0,3.111111111111111,0.19872881793171984,0.05695283709510254,0.5881913991516399,-0.9996383888958579,0.006478992172183729,0.00853829438434691,0.019221234647407156,0.05695283709510254,-0.9981752701080432,0.0
1213.6713309288025,2539.0,1201.888888888889,14.833333333333334,49.0,3.111111111111111,0.19872881793171984,0.05695283709510254,0.5881913991516399,-0.9996383888958579,0.006478992172183729,0.00853829438434691,0.019221234647407156,0.05695283709510254,-0.9981752701080432,0.0
1218.9142179489136,2550.0,1212.888888888889,14.833333333333334,49.0,3.111111111111111,0.19872881793171984,0.05695283709510254,0.5881913991516399,-0.9996383888958579,0.006478992172183729,0.00853829438434691,0.019221234647407156,0.05695283709510254,-0.9981752701080432,0.0
1224.045030117035,2561.0,1223.888888888889,14.833333333333334,49.0,3.111111111111111,0.19872881793171984,0.05695283709510254,0.5881913991516399,-0.9996383888958579,0.006478992172183729,0.00853829438434691,0.019221234647407156,0.05695283709510254,-0.9981752701080432,0.0
1229.3301680088043,2572.0,1234.888888888889,14.833333333333334,49.0,3.111111111111111,0.19872881793171984,0.05695283709510254,0.5881913991516399,-0.9996383888958579,0.006478992172183729,0.00853829438434691,0.019221234647407156,0.05695283709510254,-0.9981752701080432,0.0
1234.5403740406036,2583.0,1245.888888888889,14.833333333333334,49.0,3.111111111111111,0.19872881793171984,0.05695283709510254,0.5881913991516399,-0.9996383888958579,0.006478992172183729,0.00853829438434691,0.019221234647407156,0.05695283709510254,-0.9981752701080432,0.0
1239.8042600154877,2594.0,1256.888888888889,14.833333333333334,49.0,3.111111111111111,0.19872881793171984,0.05695283709510254,0.5881913991516399,-0.9996383888958579,0.006478992172183729,0.00853829438434691,0.019221234647407156,0.05695283709510254,-0.9981752701080432,0.0
1245.1485691070557,2605.0,1267.888888888889,14.833333333333334,49.0,3.111111111111111,0.19872881793171984,0.05695283709510254,0.5881913991516399,-0.9996383888958579,0.006478992172183729,0.00853829438434691,0.019221234647407156,0.05695283709510254,-0.9981752701080432,0.0
1250.367259979248,2616.0,1278.888888888889,14.833333333333334,49.0,3.111111111111111,0.19872881793171984,0.05695283709510254,0.5881913991516399,-0.9996383888958579,0.006478992172183729,0.00853829438434691,0.019221234647407156,0.05695283709510254,-0.9981752701080432,0.0
1255.6101078987122,2627.0,1160.5555555555557,14.833333333333334,49.0,3.111111111111111,0.19872881793171984,0.05695283709510254,0.5881913991516399,-0.9996383888958579,0.006478992172183729,0.00853829438434691,0.019221234647407156,0.05695283709510254,-0.9981752701080432,0.0
1260.9126830101013,2638.0,1171.5555555555557,14.833333333333334,49.0,3.111111111111111,0.19872881793171984,0.05695283709510254,0.5881913991516399,-0.9996383888958579,0.006478992172183729,0.00853829438434691,0.019221234647407156,0.05695283709510254,-0.9981752701080432,0.0
1266.0418150424957,2649.0,1182.5555555555557,14.833333333333334,49.0,3.111111111111111,0.19872881793171984,0.05695283709510254,0.5881913991516399,-0.9996383888958579,0.006478992172183729,0.00853829438434691,0.019221234647407156,0.05695283709510254,-0.9981752701080432,0.0
1271.3150079250336,2660.0,1193.5555555555557,14.833333333333334,49.0,3.111111111111111,0.19872881793171984,0.05695283709510254,0.5881913991516399,-0.9996383888958579,0.006478992172183729,0.00853829438434691,0.019221234647407156,0.05695283709510254,-0.9981752701080432,0.0
1276.5379281044006,2671.0,1204.5555555555557,14.833333333333334,49.0,3.111111111111111,0.19872881793171984,0.05695283709510254,0.5881913991516399,-0.9996383888958579,0.006478992172183729,0.00853829438434691,0.019221234647407156,0.05695283709510254,-0.9981752701080432,0.0
1281.68283700943,2682.0,1215.5555555555557,14.833333333333334,49.0,3.111111111111111,0.19872881793171984,0.05695283709510254,0.5881913991516399,-0.9996383888958579,0.006478992172183729,0.00853829438434691,0.019221234647407156,0.05695283709510254,-0.9981752701080432,0.0
1286.8478219509125,2693.0,1211.111111111111,14.833333333333334,49.0,3.111111111111111,0.19872881793171984,0.05695283709510254,0.5881913991516399,-0.9996383888958579,0.006478992172183729,0.00853829438434691,0.019221234647407156,0.05695283709510254,-0.9981752701080432,0.0
1292.0381529331207,2704.0,1222.111111111111,14.833333333333334,49.0,3.111111111111111,0.19872881793171984,0.05695283709510254,0.5881913991516399,-0.9996383888958579,0.006478992172183729,0.00853829438434691,0.019221234647407156,0.05695283709510254,-0.9981752701080432,0.0
1297.3396530151367,2715.0,1233.111111111111,14.833333333333334,49.0,3.111111111111111,0.19872881793171984,0.05695283709510254,0.5881913991516399,-0.9996383888958579,0.006478992172183729,0.00853829438434691,0.019221234647407156,0.05695283709510254,-0.9981752701080432,0.0
1302.609785079956,2726.0,1244.111111111111,14.833333333333334,49.0,3.111111111111111,0.19872881793171984,0.05695283709510254,0.5881913991516399,-0.9996383888958579,0.006478992172183729,0.00853829438434691,0.019221234647407156,0.05695283709510254,-0.9981752701080432,0.0
1307.8621571063995,2737.0,1189.2105263157894,15.31578947368421,48.78947368421053,3.210526315789474,0.19872881793171984,0.05695283709510254,0.5881913991516399,-0.9996383888958579,0.006478992172183729,0.00853829438434691,0.019221234647407156,0.05695283709510254,-0.9981752701080432,0.0
1313.0200159549713,2748.0,1200.2105263157894,15.31578947368421,48.78947368421053,3.210526315789474,0.19872881793171984,0.05695283709510254,0.5881913991516399,-0.9996383888958579,0.006478992172183729,0.00853829438434691,0.019221234647407156,0.05695283709510254,-0.9981752701080432,0.0
1318.2582440376282,2759.0,1211.2105263157894,15.31578947368421,48.78947368421053,3.210526315789474,0.19872881793171984,0.05695283709510254,0.5881913991516399,-0.9996383888958579,0.006478992172183729,0.00853829438434691,0.019221234647407156,0.05695283709510254,-0.9981752701080432,0.0
1323.4480769634247,2770.0,1222.2105263157894,15.31578947368421,48.78947368421053,3.210526315789474,0.19872881793171984,0.05695283709510254,0.5881913991516399,-0.9996383888958579,0.006478992172183729,0.00853829438434691,0.019221234647407156,0.05695283709510254,-0.9981752701080432,0.0
1328.5433869361877,2781.0,1233.2105263157894,15.31578947368421,48.78947368421053,3.210526315789474,0.19872881793171984,0.05695283709510254,0.5881913991516399,-0.9996383888958579,0.006478992172183729,0.00853829438434691,0.019221234647407156,0.05695283709510254,-0.9981752701080432,0.0
1333.78120303154,2792.0,1244.2105263157894,15.31578947368421,48.78947368421053,3.210526315789474,0.19872881793171984,0.05695283709510254,0.5881913991516399,-0.9996383888958579,0.006478992172183729,0.00853829438434691,0.019221234647407156,0.05695283709510254,-0.9981752701080432,0.0
1339.043081998825,2803.0,1255.2105263157894,15.31578947368421,48.78947368421053,3.210526315789474,0.19872881793171984,0.05695283709510254,0.5881913991516399,-0.9996383888958579,0.006478992172183729,0.00853829438434691,0.019221234647407156,0.05695283709510254,-0.9981752701080432,0.0
1344.1355500221252,2814.0,1097.3684210526317,15.31578947368421,48.78947368421053,3.210526315789474,0.19872881793171984,0.05695283709510254,0.5881913991516399,-0.9996383888958579,0.006485495877239336,0.008444717438509714,0.019221234647407156,0.05695283709510254,-0.9981752701080432,0.0
1349.4051580429077,2825.0,1108.3684210526317,15.31578947368421,48.78947368421053,3.210526315789474,0.19872881793171984,0.05695283709510254,0.5881913991516399,-0.9996383888958579,0.006485495877239336,0.008444717438509714,0.019221234647407156,0.05695283709510254,-0.9981752701080432,0.0
1354.8096659183502,2836.0,1119.3684210526317,15.31578947368421,48.78947368421053,3.210526315789474,0.19872881793171984,0.05695283709510254,0.5881913991516399,-0.9996383888958579,0.006485495877239336,0.008444717438509714,0.019221234647407156,0.05695283709510254,-0.9981752701080432,0.0
1360.1267330646515,2847.0,1085.3684210526317,15.31578947368421,48.78947368421053,3.210526315789474,0.19872881793171984,0.05695283709510254,0.5881913991516399,-0.9996383888958579,0.006485495877239336,0.008444717438509714,0.019221234647407156,0.05695283709510254,-0.9981752701080432,0.0
1365.5024979114532,2858.0,1096.3684210526317,15.31578947368421,48.78947368421053,3.210526315789474,0.19872881793171984,0.05695283709510254,0.5881913991516399,-0.9996383888958579,0.006485495877239336,0.008444717438509714,0.019221234647407156,0.05695283709510254,-0.9981752701080432,0.0
1370.8640041351318,2869.0,1107.3684210526317,15.31578947368421,48.78947368421053,3.210526315789474,0.19872881793171984,0.05695283709510254,0.5881913991516399,-0.9996383888958579,0.006485495877239336,0.008444717438509714,0.019221234647407156,0.05695283709510254,-0.9981752701080432,0.0
1376.192193031311,2880.0,1118.3684210526317,15.31578947368421,48.78947368421053,3.210526315789474,0.19872881793171984,0.05695283709510254,0.5881913991516399,-0.9996383888958579,0.006485495877239336,0.008444717438509714,0.019221234647407156,0.05695283709510254,-0.9981752701080432,0.0
1381.4308450222015,2891.0,1129.3684210526317,15.31578947368421,48.78947368421053,3.210526315789474,0.19872881793171984,0.05695283709510254,0.5881913991516399,-0.9996383888958579,0.006485495877239336,0.008444717438509714,0.019221234647407156,0.05695283709510254,-0.9981752701080432,0.0
1386.6013281345367,2902.0,1140.3684210526317,15.31578947368421,48.78947368421053,3.210526315789474,0.19872881793171984,0.05695283709510254,0.5881913991516399,-0.9996383888958579,0.006485495877239336,0.008444717438509714,0.019221234647407156,0.05695283709510254,-0.9981752701080432,0.0
1391.857167005539,2913.0,1151.3684210526317,15.31578947368421,48.78947368421053,3.210526315789474,0.19872881793171984,0.05695283709510254,0.5881913991516399,-0.9996383888958579,0.006485495877239336,0.008444717438509714,0.019221234647407156,0.05695283709510254,-0.9981752701080432,0.0
1397.2295289039612,2924.0,1162.3684210526317,15.31578947368421,48.78947368421053,3.210526315789474,0.19872881793171984,0.05695283709510254,0.5881913991516399,-0.9996383888958579,0.006485495877239336,0.008444717438509714,0.019221234647407156,0.05695283709510254,-0.9981752701080432,0.0
1402.3859519958496,2935.0,1173.3684210526317,15.31578947368421,48.78947368421053,3.210526315789474,0.19872881793171984,0.05695283709510254,0.5881913991516399,-0.9996383888958579,0.006485495877239336,0.008444717438509714,0.019221234647407156,0.05695283709510254,-0.9981752701080432,0.0
1407.5480930805206,2946.0,1167.578947368421,15.31578947368421,48.78947368421053,3.210526315789474,0.19872881793171984,0.05695283709510254,0.5881913991516399,-0.9996383888958579,0.006485495877239336,0.008444717438509714,0.019221234647407156,0.05695283709510254,-0.9981752701080432,0.0
1412.6600270271301,2957.0,1178.578947368421,15.31578947368421,48.78947368421053,3.210526315789474,0.19872881793171984,0.05695283709510254,0.5881913991516399,-0.9996383888958579,0.006485495877239336,0.008444717438509714,0.019221234647407156,0.05695283709510254,-0.9981752701080432,0.0
1417.7956171035767,2968.0,1167.0,15.31578947368421,48.78947368421053,3.210526315789474,0.19872881793171984,0.05695283709510254,0.5881913991516399,-0.9996383888958579,0.006485495877239336,0.008444717438509714,0.019221234647407156,0.05695283709510254,-0.9981752701080432,0.0
1422.9341480731964,2979.0,1178.0,15.31578947368421,48.78947368421053,3.210526315789474,0.19872881793171984,0.05695283709510254,0.5881913991516399,-0.9996383888958579,0.006485495877239336,0.008444717438509714,0.019221234647407156,0.05695283709510254,-0.9981752701080432,0.0
1428.1312808990479,2990.0,1189.0,15.31578947368421,48.78947368421053,3.210526315789474,0.19872881793171984,0.05695283709510254,0.5881913991516399,-0.9996383888958579,0.006485495877239336,0.008444717438509714,0.019221234647407156,0.05695283709510254,-0.9981752701080432,0.0
1433.273894071579,3001.0,1183.3157894736842,15.31578947368421,48.78947368421053,3.210526315789474,0.19872881793171984,0.05695283709510254,0.5881913991516399,-0.9996383888958579,0.006485495877239336,0.008444717438509714,0.019221234647407156,0.05695283709510254,-0.9981752701080432,0.0
1438.4424760341644,3012.0,1194.3157894736842,15.31578947368421,48.78947368421053,3.210526315789474,0.19872881793171984,0.05695283709510254,0.5881913991516399,-0.9996383888958579,0.006485495877239336,0.008444717438509714,0.019221234647407156,0.05695283709510254,-0.9981752701080432,0.0
1443.639624118805,3023.0,1205.3157894736842,15.31578947368421,48.78947368421053,3.210526315789474,0.19872881793171984,0.05695283709510254,0.5881913991516399,-0.9996383888958579,0.006485495877239336,0.008444717438509714,0.019221234647407156,0.05695283709510254,-0.9981752701080432,0.0
1448.7704679965973,3034.0,1216.3157894736842,15.31578947368421,48.78947368421053,3.210526315789474,0.19872881793171984,0.05695283709510254,0.5881913991516399,-0.9996383888958579,0.006485495877239336,0.008444717438509714,0.019221234647407156,0.05695283709510254,-0.9981752701080432,0.0
1453.9742460250854,3045.0,1227.3157894736842,15.31578947368421,48.78947368421053,3.210526315789474,0.19872881793171984,0.05695283709510254,0.5881913991516399,-0.9996383888958579,0.006485495877239336,0.008444717438509714,0.019221234647407156,0.05695283709510254,-0.9981752701080432,0.0
1459.1576120853424,3056.0,1238.3157894736842,15.31578947368421,48.78947368421053,3.210526315789474,0.19872881793171984,0.05695283709510254,0.5881913991516399,-0.9996383888958579,0.006485495877239336,0.008444717438509714,0.019221234647407156,0.05695283709510254,-0.9981752701080432,0.0
1464.452229976654,3067.0,1249.3157894736842,15.31578947368421,48.78947368421053,3.210526315789474,0.19872881793171984,0.05695283709510254,0.5881913991516399,-0.9996383888958579,0.006485495877239336,0.008444717438509714,0.019221234647407156,0.05695283709510254,-0.9981752701080432,0.0
1469.5534420013428,3078.0,1260.3157894736842,15.31578947368421,48.78947368421053,3.210526315789474,0.19872881793171984,0.05695283709510254,0.5881913991516399,-0.9996383888958579,0.006485495877239336,0.008444717438509714,0.019221234647407156,0.05695283709510254,-0.9981752701080432,0.0
1474.7852449417114,3089.0,1271.3157894736842,15.31578947368421,48.78947368421053,3.210526315789474,0.19872881793171984,0.05695283709510254,0.5881913991516399,-0.9996383888958579,0.006485495877239336,0.008444717438509714,0.019221234647407156,0.05695283709510254,-0.9981752701080432,0.0
1480.0200350284576,3100.0,1282.3157894736842,15.31578947368421,48.78947368421053,3.210526315789474,0.19872881793171984,0.05695283709510254,0.5881913991516399,-0.9996383888958579,0.006485495877239336,0.008444717438509714,0.019221234647407156,0.05695283709510254,-0.9981752701080432,0.0
1485.3136959075928,3111.0,1293.3157894736842,15.31578947368421,48.78947368421053,3.210526315789474,0.19872881793171984,0.05695283709510254,0.5881913991516399,-0.9996383888958579,0.006485495877239336,0.008444717438509714,0.019221234647407156,0.05695283709510254,-0.9981752701080432,0.0
1490.5450201034546,3122.0,1206.421052631579,15.31578947368421,48.78947368421053,3.210526315789474,0.19872881793171984,0.05695283709510254,0.5881913991516399,-0.9996383888958579,0.006485495877239336,0.008444717438509714,0.019221234647407156,0.05695283709510254,-0.9981752701080432,0.0
1495.768609046936,3133.0,1217.421052631579,15.31578947368421,48.78947368421053,3.210526315789474,0.19872881793171984,0.05695283709510254,0.5881913991516399,-0.9996383888958579,0.006485495877239336,0.008444717438509714,0.019221234647407156,0.05695283709510254,-0.9981752701080432,0.0
1500.907161951065,3144.0,1228.421052631579,15.31578947368421,48.78947368421053,3.210526315789474,0.19872881793171984,0.05695283709510254,0.5881913991516399,-0.9996383888958579,0.006485495877239336,0.008444717438509714,0.019221234647407156,0.05695283709510254,-0.9981752701080432,0.0
1506.0447571277618,3155.0,1239.421052631579,15.31578947368421,48.78947368421053,3.210526315789474,0.19872881793171984,0.05695283709510254,0.5881913991516399,-0.9996383888958579,0.006485495877239336,0.008444717438509714,0.019221234647407156,0.05695283709510254,-0.9981752701080432,0.0
1511.2013199329376,3166.0,1250.421052631579,15.31578947368421,48.78947368421053,3.210526315789474,0.19872881793171984,0.05695283709510254,0.5881913991516399,-0.9996383888958579,0.006485495877239336,0.008444717438509714,0.019221234647407156,0.05695283709510254,-0.9981752701080432,0.0
1516.295294046402,3177.0,1261.421052631579,15.31578947368421,48.78947368421053,3.210526315789474,0.19872881793171984,0.05695283709510254,0.5881913991516399,-0.9996383888958579,0.006485495877239336,0.008444717438509714,0.019221234647407156,0.05695283709510254,-0.9981752701080432,0.0
1521.528930902481,3188.0,1272.421052631579,15.31578947368421,48.78947368421053,3.210526315789474,0.19872881793171984,0.05695283709510254,0.5881913991516399,-0.9996383888958579,0.006485495877239336,0.008444717438509714,0.019221234647407156,0.05695283709510254,-0.9981752701080432,0.0
1526.7674989700317,3199.0,1283.421052631579,15.31578947368421,48.78947368421053,3.210526315789474,0.19872881793171984,0.05695283709510254,0.5881913991516399,-0.9996383888958579,0.006485495877239336,0.008444717438509714,0.019221234647407156,0.05695283709510254,-0.9981752701080432,0.0
1532.013437986374,3210.0,1294.421052631579,15.31578947368421,48.78947368421053,3.210526315789474,0.19872881793171984,0.05695283709510254,0.5881913991516399,-0.9996383888958579,0.006485495877239336,0.008444717438509714,0.019221234647407156,0.05695283709510254,-0.9981752701080432,0.0
1537.2660660743713,3221.0,1305.421052631579,15.31578947368421,48.78947368421053,3.210526315789474,0.19872881793171984,0.05695283709510254,0.5881913991516399,-0.9996383888958579,0.006485495877239336,0.008444717438509714,0.019221234647407156,0.05695283709510254,-0.9981752701080432,0.0
1542.4450390338898,3232.0,1316.421052631579,15.31578947368421,48.78947368421053,3.210526315789474,0.19872881793171984,0.05695283709510254,0.5881913991516399,-0.9996383888958579,0.006485495877239336,0.008444717438509714,0.019221234647407156,0.05695283709510254,-0.9981752701080432,0.0
1547.6455640792847,3243.0,1327.421052631579,15.31578947368421,48.78947368421053,3.210526315789474,0.19872881793171984,0.05695283709510254,0.5881913991516399,-0.9996383888958579,0.006485495877239336,0.008444717438509714,0.019221234647407156,0.05695283709510254,-0.9981752701080432,0.0
1552.9367380142212,3254.0,1338.421052631579,15.31578947368421,48.78947368421053,3.210526315789474,0.19872881793171984,0.05695283709510254,0.5881913991516399,-0.9996383888958579,0.006485495877239336,0.008444717438509714,0.019221234647407156,0.05695283709510254,-0.9981752701080432,0.0
1558.1280751228333,3265.0,1254.3157894736842,15.31578947368421,48.78947368421053,3.210526315789474,0.19872881793171984,0.05695283709510254,0.5881913991516399,-0.9996383888958579,0.006485495877239336,0.008444717438509714,0.019221234647407156,0.05695283709510254,-0.9981752701080432,0.0
1563.3290629386902,3276.0,1265.3157894736842,15.31578947368421,48.78947368421053,3.210526315789474,0.19872881793171984,0.05695283709510254,0.5881913991516399,-0.9996383888958579,0.006485495877239336,0.008444717438509714,0.019221234647407156,0.05695283709510254,-0.9981752701080432,0.0
1568.5065739154816,3287.0,1276.3157894736842,15.31578947368421,48.78947368421053,3.210526315789474,0.19872881793171984,0.05695283709510254,0.5881913991516399,-0.9996383888958579,0.006485495877239336,0.008444717438509714,0.019221234647407156,0.05695283709510254,-0.9981752701080432,0.0
1573.6756711006165,3298.0,1287.3157894736842,15.31578947368421,48.78947368421053,3.210526315789474,0.19872881793171984,0.05695283709510254,0.5881913991516399,-0.9996383888958579,0.006485495877239336,0.008444717438509714,0.019221234647407156,0.05695283709510254,-0.9981752701080432,0.0
1579.0418329238892,3309.0,1298.3157894736842,15.31578947368421,48.78947368421053,3.210526315789474,0.19872881793171984,0.05695283709510254,0.5881913991516399,-0.9996383888958579,0.006485495877239336,0.008444717438509714,0.019221234647407156,0.05695283709510254,-0.9981752701080432,0.0
1584.3759760856628,3320.0,1309.3157894736842,15.31578947368421,48.78947368421053,3.210526315789474,0.19872881793171984,0.05695283709510254,0.5881913991516399,-0.9996383888958579,0.006485495877239336,0.008444717438509714,0.019221234647407156,0.05695283709510254,-0.9981752701080432,0.0
1589.7701630592346,3331.0,1320.3157894736842,15.31578947368421,48.78947368421053,3.210526315789474,0.19872881793171984,0.05695283709510254,0.5881913991516399,-0.9996383888958579,0.006485495877239336,0.008444717438509714,0.019221234647407156,0.05695283709510254,-0.9981752701080432,0.0
1594.9893310070038,3342.0,1331.3157894736842,15.31578947368421,48.78947368421053,3.210526315789474,0.19872881793171984,0.05695283709510254,0.5881913991516399,-0.9996383888958579,0.006485495877239336,0.008444717438509714,0.019221234647407156,0.05695283709510254,-0.9981752701080432,0.0
1600.2784481048584,3353.0,1342.3157894736842,15.31578947368421,48.78947368421053,3.210526315789474,0.19872881793171984,0.05695283709510254,0.5881913991516399,-0.9996383888958579,0.006485495877239336,0.008444717438509714,0.019221234647407156,0.05695283709510254,-0.9981752701080432,0.0
1605.6335079669952,3364.0,1353.3157894736842,15.31578947368421,48.78947368421053,3.210526315789474,0.19872881793171984,0.05695283709510254,0.5881913991516399,-0.9996383888958579,0.006485495877239336,0.008444717438509714,0.019221234647407156,0.05695283709510254,-0.9981752701080432,0.0
1610.9451611042023,3375.0,1364.3157894736842,15.31578947368421,48.78947368421053,3.210526315789474,0.19872881793171984,0.05695283709510254,0.5881913991516399,-0.9996383888958579,0.006485495877239336,0.008444717438509714,0.019221234647407156,0.05695283709510254,-0.9981752701080432,0.0
1616.1346950531006,3386.0,1375.3157894736842,15.31578947368421,48.78947368421053,3.210526315789474,0.19872881793171984,0.05695283709510254,0.5881913991516399,-0.9996383888958579,0.006485495877239336,0.008444717438509714,0.019221234647407156,0.05695283709510254,-0.9981752701080432,0.0
1621.3509979248047,3397.0,1386.3157894736842,15.31578947368421,48.78947368421053,3.210526315789474,0.19872881793171984,0.05695283709510254,0.5881913991516399,-0.9996383888958579,0.006485495877239336,0.008444717438509714,0.019221234647407156,0.05695283709510254,-0.9981752701080432,0.0
1626.5457830429077,3408.0,1397.3157894736842,15.31578947368421,48.78947368421053,3.210526315789474,0.19872881793171984,0.05695283709510254,0.5881913991516399,-0.9996383888958579,0.006485495877239336,0.008444717438509714,0.019221234647407156,0.05695283709510254,-0.9981752701080432,0.0
1631.7301890850067,3419.0,1408.3157894736842,15.31578947368421,48.78947368421053,3.210526315789474,0.19872881793171984,0.05695283709510254,0.5881913991516399,-0.9996383888958579,0.006485495877239336,0.008444717438509714,0.019221234647407156,0.05695283709510254,-0.9981752701080432,0.0
1636.9592609405518,3430.0,1419.3157894736842,15.31578947368421,48.78947368421053,3.210526315789474,0.19872881793171984,0.05695283709510254,0.5881913991516399,-0.9996383888958579,0.006485495877239336,0.008444717438509714,0.019221234647407156,0.05695283709510254,-0.9981752701080432,0.0
1642.13942694664,3441.0,1358.85,15.9,55.2,3.3,0.19872881793171984,0.05695283709510254,0.5881913991516399,-0.9996383888958579,0.006485495877239336,0.008444717438509714,0.019221234647407156,0.05695283709510254,-0.9981752701080432,0.0
1647.4814479351044,3452.0,1369.85,15.9,55.2,3.3,0.19872881793171984,0.05695283709510254,0.5881913991516399,-0.9996383888958579,0.006485495877239336,0.008444717438509714,0.019221234647407156,0.05695283709510254,-0.9981752701080432,0.0
1652.7167711257935,3463.0,1380.85,15.9,55.2,3.3,0.19872881793171984,0.05695283709510254,0.5881913991516399,-0.9996383888958579,0.006485495877239336,0.008444717438509714,0.019221234647407156,0.05695283709510254,-0.9981752701080432,0.0
1657.967572927475,3474.0,1391.85,15.9,55.2,3.3,0.19872881793171984,0.05695283709510254,0.5881913991516399,-0.9996383888958579,0.006485495877239336,0.008444717438509714,0.019221234647407156,0.05695283709510254,-0.9981752701080432,0.0
1663.2886519432068,3485.0,1349.9,15.9,55.2,3.3,0.19872881793171984,0.05695283709510254,0.5881913991516399,-0.9996383888958579,0.006485495877239336,0.008444717438509714,0.019221234647407156,0.05695283709510254,-0.9981752701080432,0.0
1668.61150598526,3496.0,1360.9,15.9,55.2,3.3,0.19872881793171984,0.05695283709510254,0.5881913991516399,-0.9996383888958579,0.006485495877239336,0.008444717438509714,0.019221234647407156,0.05695283709510254,-0.9981752701080432,0.0
1673.9607710838318,3507.0,1371.9,15.9,55.2,3.3,0.19872881793171984,0.05695283709510254,0.5881913991516399,-0.9996383888958579,0.006485495877239336,0.008444717438509714,0.019221234647407156,0.05695283709510254,-0.9981752701080432,0.0
1679.241986989975,3518.0,1382.9,15.9,55.2,3.3,0.19872881793171984,0.05695283709510254,0.5881913991516399,-0.9996383888958579,0.006485495877239336,0.008444717438509714,0.019221234647407156,0.05695283709510254,-0.9981752701080432,0.0
1684.4384479522705,3529.0,1393.9,15.9,55.2,3.3,0.19872881793171984,0.05695283709510254,0.5881913991516399,-0.9996383888958579,0.006485495877239336,0.008444717438509714,0.019221234647407156,0.05695283709510254,-0.9981752701080432,0.0
1689.6758089065552,3540.0,1404.9,15.9,55.2,3.3,0.19872881793171984,0.05695283709510254,0.5881913991516399,-0.9996383888958579,0.006485495877239336,0.008444717438509714,0.019221234647407156,0.05695283709510254,-0.9981752701080432,0.0
1694.9097409248352,3551.0,1415.9,15.9,55.2,3.3,0.19872881793171984,0.05695283709510254,0.5881913991516399,-0.9996383888958579,0.006485495877239336,0.008444717438509714,0.019221234647407156,0.05695283709510254,-0.9981752701080432,0.0
1700.1035981178284,3562.0,1426.9,15.9,55.2,3.3,0.19872881793171984,0.05695283709510254,0.5881913991516399,-0.9996383888958579,0.006485495877239336,0.008444717438509714,0.019221234647407156,0.05695283709510254,-0.9981752701080432,0.0
1705.3981049060822,3573.0,1437.9,15.9,55.2,3.3,0.19872881793171984,0.05695283709510254,0.5881913991516399,-0.9996383888958579,0.006485495877239336,0.008444717438509714,0.019221234647407156,0.05695283709510254,-0.9981752701080432,0.0
1710.7252089977264,3584.0,1448.9,15.9,55.2,3.3,0.19872881793171984,0.05695283709510254,0.5881913991516399,-0.9996383888958579,0.006485495877239336,0.008444717438509714,0.019221234647407156,0.05695283709510254,-0.9981752701080432,0.0
1715.989650964737,3595.0,1459.9,15.9,55.2,3.3,0.19872881793171984,0.05695283709510254,0.5881913991516399,-0.9996383888958579,0.006485495877239336,0.008444717438509714,0.019221234647407156,0.05695283709510254,-0.9981752701080432,0.0
1721.3159170150757,3606.0,1470.9,15.9,55.2,3.3,0.19872881793171984,0.05695283709510254,0.5881913991516399,-0.9996383888958579,0.006485495877239336,0.008444717438509714,0.019221234647407156,0.05695283709510254,-0.9981752701080432,0.0
1726.693391084671,3617.0,1481.9,15.9,55.2,3.3,0.19872881793171984,0.05695283709510254,0.5881913991516399,-0.9996383888958579,0.006485495877239336,0.008444717438509714,0.019221234647407156,0.05695283709510254,-0.9981752701080432,0.0
1731.9358351230621,3628.0,1452.25,15.9,55.2,3.3,0.19872881793171984,0.05695283709510254,0.5881913991516399,-0.9996383888958579,0.006486078147953538,0.008436310161715206,0.019221234647407156,0.05695283709510254,-0.9981752701080432,0.0
1737.102509021759,3639.0,1463.25,15.9,55.2,3.3,0.19872881793171984,0.05695283709510254,0.5881913991516399,-0.9996383888958579,0.006486078147953538,0.008436310161715206,0.019221234647407156,0.05695283709510254,-0.9981752701080432,0.0
1742.4362061023712,3650.0,1474.25,15.9,55.2,3.3,0.19872881793171984,0.05695283709510254,0.5881913991516399,-0.9996383888958579,0.006486078147953538,0.008436310161715206,0.019221234647407156,0.05695283709510254,-0.9981752701080432,0.0
1747.7406680583954,3661.0,1485.25,15.9,55.2,3.3,0.19872881793171984,0.05695283709510254,0.5881913991516399,-0.9996383888958579,0.006486078147953538,0.008436310161715206,0.019221234647407156,0.05695283709510254,-0.9981752701080432,0.0
1753.015280008316,3672.0,1496.25,15.9,55.2,3.3,0.19872881793171984,0.05695283709510254,0.5881913991516399,-0.9996383888958579,0.006486078147953538,0.008436310161715206,0.019221234647407156,0.05695283709510254,-0.9981752701080432,0.0
1758.2785930633545,3683.0,1507.25,15.9,55.2,3.3,0.19872881793171984,0.05695283709510254,0.5881913991516399,-0.9996383888958579,0.006486078147953538,0.008436310161715206,0.019221234647407156,0.05695283709510254,-0.9981752701080432,0.0
1763.5734391212463,3694.0,1518.25,15.9,55.2,3.3,0.19872881793171984,0.05695283709510254,0.5881913991516399,-0.9996383888958579,0.006486078147953538,0.008436310161715206,0.019221234647407156,0.05695283709510254,-0.9981752701080432,0.0
1768.8420360088348,3705.0,1529.25,15.9,55.2,3.3,0.19872881793171984,0.05695283709510254,0.5881913991516399,-0.9996383888958579,0.006486078147953538,0.008436310161715206,0.019221234647407156,0.05695283709510254,-0.9981752701080432,0.0
1774.1010439395905,3716.0,1540.25,15.9,55.2,3.3,0.19872881793171984,0.05695283709510254,0.5881913991516399,-0.9996383888958579,0.006486078147953538,0.008436310161715206,0.019221234647407156,0.05695283709510254,-0.9981752701080432,0.0
1779.3015320301056,3727.0,1551.25,15.9,55.2,3.3,0.19872881793171984,0.05695283709510254,0.5881913991516399,-0.9996383888958579,0.006486078147953538,0.008436310161715206,0.019221234647407156,0.05695283709510254,-0.9981752701080432,0.0
1784.6068840026855,3738.0,1562.25,15.9,55.2,3.3,0.19872881793171984,0.05695283709510254,0.5881913991516399,-0.9996383888958579,0.006486078147953538,0.008436310161715206,0.019221234647407156,0.05695283709510254,-0.9981752701080432,0.0
1789.8641629219055,3749.0,1573.25,15.9,55.2,3.3,0.19872881793171984,0.05695283709510254,0.5881913991516399,-0.9996383888958579,0.006486078147953538,0.008436310161715206,0.019221234647407156,0.05695283709510254,-0.9981752701080432,0.0
1795.1057579517365,3760.0,1584.25,15.9,55.2,3.3,0.19872881793171984,0.05695283709510254,0.5881913991516399,-0.9996383888958579,0.006486078147953538,0.008436310161715206,0.019221234647407156,0.05695283709510254,-0.9981752701080432,0.0
1800.3508279323578,3771.0,1595.25,15.9,55.2,3.3,0.19872881793171984,0.05695283709510254,0.5881913991516399,-0.9996383888958579,0.006486078147953538,0.008436310161715206,0.019221234647407156,0.05695283709510254,-0.9981752701080432,0.0
