time,generation,mean age hall_of_fame,mean compl,mean recursive_compl,mean n_params,min mae,min mse,min max_ae,min minus_r2,min mare,min q75_are,min max_are,min ms_processed_e,min minus_spearman,max penalty
13.090657949447632,1.0,0.0,7.857142857142857,3.068081000714286e8,0.9285714285714286,0.09027089256747468,0.013695830564927217,0.31787816899241167,-0.7448534443475117,0.4813860934293815,0.8369884517425638,1.0,0.013695830564927217,-0.914026349193478,11.0
18.248458862304688,9.0,3.5,3.75,10.75,0.5,0.04548910670840441,0.005954753788763063,0.31787816899241167,-0.8890658794471166,0.1840409550427439,0.29426457606025663,0.6053696658606084,0.005954753788763063,-0.9928090475716951,4.0
23.602952003479004,17.0,7.142857142857143,8.142857142857142,6.135669127142857e8,1.0,0.033922499582364866,0.0018988618631817602,0.13240501629149415,-0.9646251418083845,0.18282580502507068,0.28484868222675,0.6053696658606084,0.0018988618631817602,-0.99280905283859,4.0
29.034759998321533,26.0,10.1,8.8,1.8446744078004518e18,1.2,0.026429380611425177,0.001191230531858829,0.10668962412750682,-0.9778079638360744,0.1485562052575072,0.19775309849046643,0.6053696658606084,0.001191230531858829,-0.9928090475716951,4.0
34.15451383590698,33.0,8.692307692307692,10.307692307692308,37.07692307692308,1.6153846153846154,0.012209810709358775,0.00025662567787243783,0.08681023810397834,-0.9952191904323924,0.08083204842532513,0.11017284987129679,0.3127718639541775,0.00025662567787243783,-0.996979966889349,4.0
39.57536196708679,38.0,14.4,8.0,43.4,1.1,0.012209810709358775,0.00025662567787243783,0.0681519887133808,-0.9952191904323924,0.08083204842532513,0.11017284987129679,0.3480096892369279,0.00025662567787243783,-0.9965274564892497,4.0
44.987722873687744,44.0,12.076923076923077,11.846153846153847,167.46153846153845,1.6923076923076923,0.005790238746686575,5.1633588851254614e-5,0.018906905059901336,-0.999038091754354,0.03520634873377282,0.04417889165017852,0.1604897959535282,5.1633588851254614e-5,-0.9991724004652506,4.0
50.263890981674194,50.0,13.266666666666667,11.466666666666667,21.866666666666667,1.7333333333333334,0.001998761503950198,8.388740922596927e-6,0.01758159169819873,-0.9998437219018945,0.009682493651022592,0.013375813462409777,0.04986645142363941,8.388740922596927e-6,-0.9997049359670059,4.0
55.59251689910889,56.0,15.5,12.0625,25.9375,1.6875,0.001998684935821726,8.38849589428349e-6,0.017582917270075105,-0.9998437264666509,0.009681383485362391,0.013385029308170582,0.04990720054489422,8.38849589428349e-6,-0.9997376733002626,4.0
61.06817388534546,62.0,17.352941176470587,12.529411764705882,25.176470588235293,1.7647058823529411,0.0019986922655001746,8.388251993757792e-6,0.017383986632528048,-0.9998437310103971,0.009680789930063553,0.013407199522246453,0.04992702776133689,8.388251993757792e-6,-0.9997376733002626,4.0
66.102530002594,68.0,18.75,13.5,29.15,1.9,0.0019986922655001746,8.388251993757792e-6,0.017586560648347405,-0.9998437310103971,0.009680789930063553,0.013407199522246453,0.04992702776133689,8.388251993757792e-6,-0.9997376733002626,4.0
71.35127687454224,74.0,24.210526315789473,13.157894736842104,27.842105263157894,1.8421052631578947,0.0019982610273061676,8.387871865825204e-6,0.017581785849690945,-0.9998437380919928,0.00967680855363472,0.013427067948999477,0.05007949820221659,8.387871865825204e-6,-0.9997376733002626,4.0
76.91711497306824,80.0,25.0,13.75,28.45,2.05,0.001967417446939304,8.290386253870551e-6,0.017368324793885725,-0.9998455542007711,0.009388884807402485,0.01322902702054627,0.04954737162987539,8.290386253870551e-6,-0.9997150933890593,4.0
82.60486602783203,86.0,28.952380952380953,14.571428571428571,127.33333333333333,2.1904761904761907,0.0019674174485987323,8.2903862525193e-6,0.016936135303654454,-0.9998455542007962,0.009388884814719932,0.013229027321843747,0.0495473728869936,8.2903862525193e-6,-0.9997172351015025,4.0
88.46597003936768,92.0,31.80952380952381,14.523809523809524,126.23809523809524,2.2857142857142856,0.001915387712165649,8.012583634946372e-6,0.016936135303654454,-0.999850729526286,0.00902631047310159,0.012737769287552237,0.0464474451497563,8.012583634946372e-6,-0.9997557857433895,4.0
93.65876197814941,97.0,33.15,14.0,28.95,2.1,0.001893953498619152,7.929948175117985e-6,0.017442449686235983,-0.9998522689840684,0.00888405539535052,0.012299591129248794,0.0450706384714816,7.929948175117985e-6,-0.9997483205484357,4.0
98.90821695327759,102.0,33.285714285714285,14.285714285714286,445.14285714285717,2.142857142857143,0.0016940743587582068,7.528250591429745e-6,0.017169763494308543,-0.9998597524115543,0.006900866203598733,0.009600004839470554,0.03115813942433808,7.528250591429745e-6,-0.9997978849505647,4.0
104.20262694358826,107.0,37.3,13.7,463.95,2.05,0.0016940743587582068,7.528250591429745e-6,0.017169763494308543,-0.9998597524115543,0.006900866203598733,0.009600004839470554,0.03115813942433808,7.528250591429745e-6,-0.9997978849505647,4.0
109.42023396492004,112.0,34.904761904761905,14.19047619047619,448.14285714285717,2.0476190476190474,0.0016940743373221523,7.528250546377519e-6,0.016789225867676727,-0.9998597524123936,0.006900866112788561,0.009600006951098819,0.03115813980073165,7.528250546377519e-6,-0.9997984968427769,4.0
114.7811689376831,117.0,39.476190476190474,14.19047619047619,453.14285714285717,2.0476190476190474,0.0016940743373221523,7.528250546377519e-6,0.016789225867676727,-0.9998597524123936,0.006900866112788561,0.009600006951098819,0.03115813980073165,7.528250546377519e-6,-0.9997984968427769,4.0
120.2050850391388,122.0,40.5,14.681818181818182,95755.72727272728,2.1818181818181817,0.0016940743373221523,7.528250546377519e-6,0.017100158134150112,-0.9998597524123936,0.006900866112788561,0.009600006951098819,0.03115813980073165,7.528250546377519e-6,-0.9997984968427769,4.0
125.78163599967957,127.0,45.27272727272727,14.681818181818182,95755.72727272728,2.1818181818181817,0.0016940743373221523,7.528250546377519e-6,0.017100158134150112,-0.9998597524123936,0.006900866112788561,0.009600006951098819,0.03115813980073165,7.528250546377519e-6,-0.9997984968427769,4.0
131.50347685813904,132.0,47.45454545454545,14.681818181818182,95754.22727272728,2.1818181818181817,0.0016940743373221523,7.528250546377519e-6,0.017100158134150112,-0.9998597524123936,0.006900866112788561,0.009600006951098819,0.03115813980073165,7.528250546377519e-6,-0.9997984968427769,4.0
137.3818109035492,137.0,51.45454545454545,14.681818181818182,95754.31818181818,2.1818181818181817,0.0016940743373221523,7.528250546377519e-6,0.017100158134150112,-0.9998597524123936,0.006900866112788561,0.009600006951098819,0.03115813980073165,7.528250546377519e-6,-0.9997984968427769,4.0
143.34291696548462,142.0,55.523809523809526,14.142857142857142,100311.61904761905,2.0476190476190474,0.0016940736511636715,7.528249101184458e-6,0.017100158134150112,-0.9998597524393168,0.006900863224571653,0.009600074296703903,0.031158152090878893,7.528249101184458e-6,-0.9997966000757689,4.0
149.33799695968628,147.0,57.0,14.681818181818182,95758.68181818182,2.090909090909091,0.0016940736511636715,7.528249101184458e-6,0.017100158134150112,-0.9998597524393168,0.006900863224571653,0.009600074296703903,0.031158152090878893,7.528249101184458e-6,-0.9997966000757689,4.0
155.44925904273987,152.0,59.0,14.681818181818182,95757.86363636363,2.090909090909091,0.0016940736511636715,7.528249101184458e-6,0.017100158134150112,-0.9998597524393168,0.006900863224571653,0.009600074296703903,0.031158152090878893,7.528249101184458e-6,-0.9997966000757689,4.0
161.42944598197937,157.0,59.130434782608695,15.347826086956522,91598.82608695653,2.217391304347826,0.0016548009668151816,6.988922788249086e-6,0.017099692672391864,-0.9998697998220196,0.006900863224571653,0.009600074296703903,0.031143277680160886,6.988922788249086e-6,-0.9998052278791725,4.0
167.4666428565979,162.0,63.130434782608695,14.782608695652174,91632.86956521739,2.130434782608696,0.0016548009668151816,6.988922788249086e-6,0.017099692672391864,-0.9998697998220196,0.006900863224571653,0.009600074296703903,0.031143277680160886,6.988922788249086e-6,-0.9998052278791725,4.0
173.43479204177856,167.0,68.1304347826087,14.782608695652174,91632.86956521739,2.130434782608696,0.0016548009668151816,6.988922788249086e-6,0.017099692672391864,-0.9998697998220196,0.006900863224571653,0.009600074296703903,0.031143277680160886,6.988922788249086e-6,-0.9998052278791725,4.0
179.52470993995667,172.0,70.30434782608695,14.608695652173912,7.816057108097024e306,2.0869565217391304,0.0016548009668151816,6.988922788249086e-6,0.017099692672391864,-0.9998697998220196,0.007067650424445805,0.009952504096511957,0.031143277680160886,6.988922788249086e-6,-0.9998052278791725,4.0
185.6489019393921,177.0,71.20833333333333,14.666666666666666,7.490388061926316e306,2.0833333333333335,0.0016548009668151816,6.988922788249086e-6,0.017099692672391864,-0.9998697998220196,0.007067651281509323,0.00995250759884615,0.031143277680160886,6.988922788249086e-6,-0.9998052278791725,4.0
191.5582718849182,182.0,77.91304347826087,14.565217391304348,7.816057108097024e306,2.0869565217391304,0.0016548009668151816,6.988922788249086e-6,0.017099692672391864,-0.9998697998220196,0.007067651281509323,0.00995250759884615,0.031143277680160886,6.988922788249086e-6,-0.9998052278791725,4.0
197.54407501220703,187.0,78.25,15.083333333333334,7.490388061926316e306,2.1666666666666665,0.0016660922917832927,6.965435312289187e-6,0.01676379560025154,-0.9998702373820905,0.007067651281509323,0.00995250759884615,0.030847622735547458,6.965435312289187e-6,-0.9998088383510754,4.0
203.48345184326172,192.0,80.70833333333333,15.25,7.490388061926316e306,2.2083333333333335,0.0016593385468006738,6.9515412765448155e-6,0.016763318660569015,-0.9998704962211107,0.007046861098369366,0.009816770183533422,0.03084699932590833,6.9515412765448155e-6,-0.9998061459093068,4.0
209.5909059047699,197.0,86.26086956521739,14.652173913043478,7.816057108097024e306,2.0869565217391304,0.0016593385468006738,6.9515412765448155e-6,0.01709826867949349,-0.9998704962211107,0.007067650404656813,0.009816770183533422,0.031028397077632892,6.9515412765448155e-6,-0.9997984967987419,4.0
215.57327485084534,202.0,90.26086956521739,14.608695652173912,7.816057108097024e306,2.0869565217391304,0.0016568185184034627,6.946544231346837e-6,0.01711721262932142,-0.9998705893135934,0.007067650404656813,0.009952503879329413,0.031062774850523125,6.946544231346837e-6,-0.9997982521212008,4.0
220.60298895835876,206.0,97.86363636363636,14.045454545454545,8.171332431192344e306,2.0,0.0016568185184034627,6.946544231346837e-6,0.01711721262932142,-0.9998705893135934,0.007067650404656813,0.009952503879329413,0.031062774850523125,6.946544231346837e-6,-0.9997982521212008,4.0
226.72681498527527,211.0,92.45833333333333,14.958333333333334,120.20833333333333,2.125,0.0016568185184034627,6.946544231346837e-6,0.01711721262932142,-0.9998705893135934,0.0070676504062964106,0.009952503859484142,0.031062774850523125,6.946544231346837e-6,-0.9997994146595137,4.0
232.92322182655334,216.0,97.16666666666667,15.083333333333334,142.16666666666666,2.125,0.0016522773120486438,6.946544231346837e-6,0.01711721262932142,-0.9998705893135934,0.007073202156515628,0.009746249781437115,0.031062774850523125,6.946544231346837e-6,-0.9998070024204516,4.0
239.18139100074768,221.0,104.8695652173913,14.73913043478261,165.7826086956522,2.0434782608695654,0.0016522773120486438,6.946544231346837e-6,0.016969017598444824,-0.9998705893135934,0.007073202156515628,0.009746249781437115,0.031026928265139662,6.946544231346837e-6,-0.9998070024204516,4.0
245.35218787193298,226.0,109.8695652173913,14.73913043478261,165.7826086956522,2.0434782608695654,0.0016522773120486438,6.946544231346837e-6,0.016969017598444824,-0.9998705893135934,0.007073202156515628,0.009746249781437115,0.031026928265139662,6.946544231346837e-6,-0.9998070024204516,4.0
251.5165638923645,231.0,109.16666666666667,15.041666666666666,161.41666666666666,2.0833333333333335,0.001652277312053578,6.946544231346837e-6,0.016969017598638114,-0.9998705893135934,0.0070732021565653785,0.009746249781437115,0.031026928265434205,6.946544231346837e-6,-0.9998026579464131,4.0
257.48079800605774,236.0,112.25,15.041666666666666,161.41666666666666,2.0833333333333335,0.001652277312061939,6.946544231346837e-6,0.016969017599181013,-0.9998705893135934,0.00707320215664972,0.009746249781437115,0.03102692826639655,6.946544231346837e-6,-0.9998054728573196,4.0
263.4913840293884,241.0,109.68,15.44,146.68,2.16,0.001652277312061939,6.946544231346837e-6,0.016969017599181013,-0.9998705893135934,0.006744796547020181,0.009573116088509689,0.031026928266396085,6.946544231346837e-6,-0.9998054728573196,4.0
269.5779130458832,246.0,114.16,15.44,146.68,2.16,0.001652277312061939,6.946544231346837e-6,0.016969017599181013,-0.9998705893135934,0.006744796547020181,0.009573116088509689,0.031026928266396085,6.946544231346837e-6,-0.9998054728573196,4.0
275.69198393821716,251.0,118.72,15.44,146.68,2.16,0.001652277312061939,6.946544231346837e-6,0.016969481050347568,-0.9998705893135934,0.006744796547020181,0.009573116088509689,0.031027541435846684,6.946544231346837e-6,-0.9998054728573196,4.0
281.8328549861908,256.0,123.12,15.44,146.68,2.16,0.001652277312061939,6.946544231346837e-6,0.016969481050347568,-0.9998705893135934,0.006745120447455359,0.009573511040806698,0.031027541435846684,6.946544231346837e-6,-0.9998054728573196,4.0
286.8767259120941,260.0,122.84,15.44,146.68,2.16,0.001652277312061939,6.946544231346837e-6,0.016969481050347568,-0.9998705893135934,0.006745120447455359,0.009573511040806698,0.031027541435846684,6.946544231346837e-6,-0.9998054728573196,4.0
291.92361187934875,264.0,126.84,15.44,146.68,2.16,0.001652277312061939,6.946544231346837e-6,0.016969481050347568,-0.9998705893135934,0.006745120447455359,0.009573511040806698,0.031027541435846684,6.946544231346837e-6,-0.9998054728573196,4.0
296.96689891815186,268.0,130.84,15.44,146.68,2.16,0.001652277312061939,6.946544231346837e-6,0.016969481050347568,-0.9998705893135934,0.006745120447455359,0.009573511040806698,0.031027541435846684,6.946544231346837e-6,-0.9998054728573196,4.0
302.0527698993683,272.0,134.84,15.44,146.68,2.16,0.001652277312061939,6.946544231346837e-6,0.016969481050347568,-0.9998705893135934,0.006745120447455359,0.009573511040806698,0.031027541435846684,6.946544231346837e-6,-0.9998054728573196,4.0
307.1480679512024,276.0,140.75,15.166666666666666,171.0,2.0833333333333335,0.001652277312061939,6.946544231346837e-6,0.016969017598641556,-0.9998705893135934,0.006745650754474034,0.009576511729820165,0.031026928265442913,6.946544231346837e-6,-0.9998054728573196,4.0
312.2386920452118,280.0,144.75,15.166666666666666,171.0,2.0833333333333335,0.001652277312061939,6.946544231346837e-6,0.016969017598641556,-0.9998705893135934,0.006745650754474034,0.009576511729820165,0.031026928265442913,6.946544231346837e-6,-0.9998054728573196,4.0
318.2609078884125,285.0,146.91666666666666,15.0,179.95833333333334,2.0,0.001652277312061939,6.946544231346837e-6,0.016815995533884354,-0.9998705893135934,0.00707320215664972,0.010114436029792366,0.031026928268874564,6.946544231346837e-6,-0.9998054728573196,4.0
324.4377238750458,290.0,151.91666666666666,15.0,179.95833333333334,2.0,0.001652277312061939,6.946544231346837e-6,0.016815995533884354,-0.9998705893135934,0.00707320215664972,0.010114436029792366,0.031026928268874564,6.946544231346837e-6,-0.9998054728573196,4.0
330.4279499053955,295.0,154.75,15.25,156.125,2.0833333333333335,0.001652277312061939,6.945190606177724e-6,0.016815995533884354,-0.9998706145309614,0.00707320215664972,0.010114436029792366,0.031026928268874564,6.945190606177724e-6,-0.9998054728573196,4.0
336.495414018631,300.0,168.54545454545453,14.045454545454545,147.8181818181818,1.8636363636363635,0.0016555104271011962,6.945190606177724e-6,0.016815995533884354,-0.9998706145309614,0.007146362823015169,0.010367683458377486,0.031026928268874564,6.945190606177724e-6,-0.9997951314376488,4.0
342.48003602027893,305.0,173.54545454545453,14.045454545454545,147.8181818181818,1.8636363636363635,0.0016555104271011962,6.945190606177724e-6,0.016815995533884354,-0.9998706145309614,0.007146362823015169,0.010367683458377486,0.031026928268874564,6.945190606177724e-6,-0.9997951314376488,4.0
348.3029398918152,310.0,178.54545454545453,14.045454545454545,147.8181818181818,1.8636363636363635,0.0016555104271011962,6.945190606177724e-6,0.016815995533884354,-0.9998706145309614,0.007146362823015169,0.010367683458377486,0.031026928268874564,6.945190606177724e-6,-0.9997951314376488,4.0
354.27249789237976,315.0,182.13636363636363,14.045454545454545,147.8181818181818,1.8636363636363635,0.0016555104271011962,6.945190606177724e-6,0.016815995533884354,-0.9998706145309614,0.007146362823015169,0.010367683458377486,0.031026928268874564,6.945190606177724e-6,-0.9997951314376488,4.0
360.1481168270111,320.0,187.13636363636363,14.045454545454545,147.8181818181818,1.8636363636363635,0.0016555104271011962,6.945190606177724e-6,0.016815995533884354,-0.9998706145309614,0.007146362823015169,0.010367683458377486,0.031026928268874564,6.945190606177724e-6,-0.9997951314376488,4.0
365.9655430316925,325.0,192.13636363636363,14.045454545454545,147.8181818181818,1.8636363636363635,0.0016555104271011962,6.945190606177724e-6,0.016815995533884354,-0.9998706145309614,0.007146362823015169,0.010367683458377486,0.031026928268874564,6.945190606177724e-6,-0.9997951314376488,4.0
371.59132385253906,330.0,197.13636363636363,14.045454545454545,147.8181818181818,1.8636363636363635,0.0016555104271011962,6.945190606177724e-6,0.016815995533884354,-0.9998706145309614,0.007146362823015169,0.010367683458377486,0.031026928268874564,6.945190606177724e-6,-0.9997951314376488,4.0
377.4207239151001,334.0,201.13636363636363,14.045454545454545,147.8181818181818,1.8636363636363635,0.0016555104271011962,6.945190606177724e-6,0.016815995533884354,-0.9998706145309614,0.007146362823015169,0.010367683458377486,0.031026928268874564,6.945190606177724e-6,-0.9997951314376488,4.0
382.9938950538635,339.0,206.13636363636363,14.045454545454545,147.8181818181818,1.8636363636363635,0.0016555104271011962,6.945190606177724e-6,0.016815995533884354,-0.9998706145309614,0.007146362823015169,0.010367683458377486,0.031026928268874564,6.945190606177724e-6,-0.9997951314376488,4.0
388.5283110141754,344.0,211.13636363636363,14.045454545454545,147.8181818181818,1.8636363636363635,0.0016555104271011962,6.945190606177724e-6,0.016815995533884354,-0.9998706145309614,0.007146362823015169,0.010367683458377486,0.031026928268874564,6.945190606177724e-6,-0.9997951314376488,4.0
394.16950583457947,349.0,213.54545454545453,14.045454545454545,147.8181818181818,1.8636363636363635,0.0016555104271011962,6.945190606177724e-6,0.016811495664889375,-0.9998706145309614,0.007146362823015169,0.010367683458377486,0.031026928268874564,6.945190606177724e-6,-0.9997951314376488,4.0
399.6379029750824,354.0,211.45454545454547,14.045454545454545,147.54545454545453,1.8636363636363635,0.0016540978151382284,6.945190606177724e-6,0.016811495664889375,-0.9998706145309614,0.007123244222917699,0.010319868625685458,0.030997306570141433,6.945190606177724e-6,-0.9997940299246845,4.0
405.0132670402527,359.0,216.27272727272728,14.045454545454545,147.54545454545453,1.8636363636363635,0.0016539229442001416,6.945190606177724e-6,0.016811495664889375,-0.9998706145309614,0.0071215881095051435,0.010308997125785199,0.030998704463997634,6.945190606177724e-6,-0.9997940299246845,4.0
410.2488398551941,364.0,218.0909090909091,14.045454545454545,147.54545454545453,1.8636363636363635,0.001653880007717838,6.945190606177724e-6,0.016811495664889375,-0.9998706145309614,0.0071211778646495805,0.0103063491482987,0.03099904142714108,6.945190606177724e-6,-0.9997940299246845,4.0
416.2713189125061,370.0,223.8181818181818,14.045454545454545,147.54545454545453,1.8636363636363635,0.001653810862512056,6.945190606177724e-6,0.016811495664889375,-0.9998706145309614,0.007120514230631973,0.010302126865763515,0.03099959130118941,6.945190606177724e-6,-0.9997940299246845,4.0
421.47294092178345,375.0,228.5909090909091,14.045454545454545,147.54545454545453,1.8636363636363635,0.0016537383403631629,6.945190606177724e-6,0.016811495664889375,-0.9998706145309614,0.007119811386789566,0.010297796090061654,0.031000185358840797,6.945190606177724e-6,-0.9997940299246845,4.0
426.5958709716797,380.0,237.14285714285714,13.19047619047619,292.85714285714283,1.6666666666666667,0.0016592563993704534,6.941449832321112e-6,0.016811495664889375,-0.9998706842197298,0.007146362823250028,0.010483549959025777,0.031026928268874564,6.941449832321112e-6,-0.9997946418839376,4.0
431.65639185905457,385.0,242.0,13.19047619047619,292.85714285714283,1.6666666666666667,0.0016592563993662625,6.941449832306415e-6,0.016811495664889375,-0.9998706842197301,0.007146362823250028,0.010483549959025777,0.031026928268874564,6.941449832306415e-6,-0.9997946418839376,4.0
436.79948902130127,390.0,235.77272727272728,13.909090909090908,396.27272727272725,1.8181818181818181,0.0016592563993662625,6.934482032837619e-6,0.016446046107701395,-0.9998708140263911,0.007086271082411421,0.010280405606862397,0.029844802333632205,6.934482032837619e-6,-0.999811102421708,4.0
441.93363785743713,395.0,240.6818181818182,13.909090909090908,396.27272727272725,1.8181818181818181,0.0016592563993662625,6.9333452401331374e-6,0.01657025949020663,-0.9998708352042774,0.007088295202240929,0.0102099598690227,0.03007021358590424,6.9333452401331374e-6,-0.9998136725816291,4.0
447.1559729576111,400.0,245.6818181818182,13.909090909090908,396.27272727272725,1.8181818181818181,0.0016592563993662625,6.9333452401331374e-6,0.01657025949020663,-0.9998708352042774,0.007088295202240929,0.0102099598690227,0.03007021358590424,6.9333452401331374e-6,-0.9998136725816291,4.0
452.4998199939728,405.0,232.82608695652175,14.608695652173912,490.5217391304348,1.9565217391304348,0.001650654818484035,6.9174599995492286e-6,0.01657025949020663,-0.9998711311384598,0.007088295202240929,0.0102099598690227,0.03007021358590424,6.9174599995492286e-6,-0.9998136725816291,4.0
457.73394083976746,410.0,237.43478260869566,14.608695652173912,512.7826086956521,1.9565217391304348,0.0016479901203384647,6.8933024640841995e-6,0.01657025949020663,-0.9998715811814082,0.007088295202240929,0.0102099598690227,0.03007021358590424,6.8933024640841995e-6,-0.9998136725816291,4.0
463.10257387161255,415.0,238.8695652173913,13.826086956521738,318.7391304347826,1.7826086956521738,0.0016479901203384647,6.8933024640841995e-6,0.016811495664889375,-0.9998715811814082,0.007120630045638215,0.01048354998932718,0.031026928293426126,6.8933024640841995e-6,-0.9997900527029334,4.0
468.2854778766632,420.0,243.65217391304347,13.826086956521738,318.7391304347826,1.7826086956521738,0.0016479901203384647,6.8933024640841995e-6,0.016811495664889375,-0.9998715811814082,0.007120630045638215,0.01048354998932718,0.031026928293426126,6.8933024640841995e-6,-0.9997913985908112,4.0
473.58404183387756,425.0,248.65217391304347,13.826086956521738,318.7391304347826,1.7826086956521738,0.0016479901203384647,6.8933024640841995e-6,0.016811495664889375,-0.9998715811814082,0.007120630045638215,0.01048354998932718,0.031026928293426126,6.8933024640841995e-6,-0.9997913985908112,4.0
478.7507870197296,430.0,252.95652173913044,13.826086956521738,318.7391304347826,1.7826086956521738,0.0016479901203384647,6.8933024640841995e-6,0.016811495664889375,-0.9998715811814082,0.007120630045638215,0.01048354998932718,0.031026928293426126,6.8933024640841995e-6,-0.9997913985908112,4.0
483.85314083099365,435.0,256.82608695652175,13.826086956521738,318.7391304347826,1.7826086956521738,0.0016479901203384647,6.8933024640841995e-6,0.016811495664889375,-0.9998715811814082,0.007120630045638215,0.01048354998932718,0.031026928313532837,6.8933024640841995e-6,-0.9997913985908112,4.0
489.0060019493103,440.0,261.82608695652175,13.826086956521738,318.7391304347826,1.7826086956521738,0.0016479901203384647,6.8933024640841995e-6,0.016811495664889375,-0.9998715811814082,0.007120630045638215,0.01048354998932718,0.031026928313532837,6.8933024640841995e-6,-0.9997913985908112,4.0
494.3062698841095,445.0,266.82608695652175,13.826086956521738,318.7391304347826,1.7826086956521738,0.0016479901203384647,6.8933024640841995e-6,0.016811495664889375,-0.9998715811814082,0.007120630045638215,0.01048354998932718,0.031026928313532837,6.8933024640841995e-6,-0.9997913985908112,4.0
499.5816068649292,450.0,260.5,14.375,369.625,1.875,0.0016479901203384647,6.8933024640841995e-6,0.016811495664889375,-0.9998715811814082,0.007120630045638215,0.01048354998932718,0.031026928313532837,6.8933024640841995e-6,-0.9997913985908112,4.0
504.69773602485657,455.0,265.5,14.375,369.625,1.875,0.0016479901203384647,6.8933024640841995e-6,0.016811495664889375,-0.9998715811814082,0.007120630045638215,0.01048354998932718,0.031026928313532837,6.8933024640841995e-6,-0.9997913985908112,4.0
509.9338068962097,460.0,270.5,14.375,369.625,1.875,0.0016479901203384647,6.8933024640841995e-6,0.016811495664889375,-0.9998715811814082,0.007120630045638215,0.01048354998932718,0.031026928313532837,6.8933024640841995e-6,-0.9997913985908112,4.0
515.2719569206238,465.0,275.5,14.375,369.625,1.875,0.0016479901203384647,6.8933024640841995e-6,0.016811495664889375,-0.9998715811814082,0.007120630045638215,0.01048354998932718,0.031026928313532837,6.8933024640841995e-6,-0.9997913985908112,4.0
520.6423149108887,470.0,267.75,14.375,370.125,1.875,0.0016479901203384647,6.8933024640841995e-6,0.016811495664889375,-0.9998715811814082,0.007120630045638215,0.01048354998932718,0.031026928313532837,6.8933024640841995e-6,-0.9997913985908112,4.0
525.916661977768,475.0,272.75,14.375,370.125,1.875,0.0016479901203384647,6.8933024640841995e-6,0.016811495664889375,-0.9998715811814082,0.007120630045638215,0.01048354998932718,0.031026928313532837,6.8933024640841995e-6,-0.9997913985908112,4.0
531.2486710548401,480.0,274.9583333333333,14.375,370.125,1.875,0.0016479901203830811,6.893302463989176e-6,0.016811495664889375,-0.99987158118141,0.007120630046063516,0.01048354998932718,0.031026928313532837,6.893302463989176e-6,-0.9997913985908112,4.0
536.4933340549469,485.0,268.84,14.8,370.84,1.96,0.0016479901203830811,6.893302463989176e-6,0.016811495664889375,-0.99987158118141,0.007120630046063516,0.01048354998932718,0.031026928313532837,6.893302463989176e-6,-0.9997913985908112,4.0
541.8763859272003,490.0,270.68,14.8,370.84,1.96,0.0016479901203830811,6.893302463989176e-6,0.016811495664889375,-0.99987158118141,0.007120630046063516,0.010483191005814397,0.031026928313532837,6.893302463989176e-6,-0.9997913985908112,4.0
547.365152835846,495.0,275.68,14.8,370.84,1.96,0.0016479901203830811,6.893302463989176e-6,0.016811495664889375,-0.99987158118141,0.007120630046063516,0.010483191005814397,0.031026928313532837,6.893302463989176e-6,-0.9997913985908112,4.0
552.7324149608612,500.0,279.84,14.8,1.0889035741470031e38,1.96,0.0016016585547219623,6.851554276697355e-6,0.016811495664889375,-0.9998723589295094,0.006578727903667439,0.009504159506101052,0.030744355875140374,6.851554276697355e-6,-0.9998039431700916,4.0
558.1991419792175,505.0,274.0,15.346153846153847,1.0470226674490415e38,2.076923076923077,0.0016016585547219623,6.851554276697355e-6,0.016477632557508448,-0.9998723589295094,0.006578727903667439,0.009504159506101052,0.030744355875140374,6.851554276697355e-6,-0.9998039431700916,4.0
563.6334199905396,510.0,275.7307692307692,15.346153846153847,1.0470226674490415e38,2.076923076923077,0.0016016585547219623,6.851554276697355e-6,0.016476649299969504,-0.9998723589295094,0.006578727903667439,0.009504159506101052,0.030744355875140374,6.851554276697355e-6,-0.9998039431700916,4.0
568.9464318752289,515.0,289.08,14.88,1.0889035741470031e38,2.0,0.0016016585547219623,6.851554276697355e-6,0.016476649299969504,-0.9998723589295094,0.006578727903667439,0.009504159506101052,0.030744355875140374,6.851554276697355e-6,-0.9998039431700916,4.0
574.3477489948273,520.0,292.44,14.88,1.0889035741470031e38,2.0,0.0016016585547219623,6.851554276697355e-6,0.016476649299969504,-0.9998723589295094,0.006578727903667439,0.009504159506101052,0.030744355875140374,6.851554276697355e-6,-0.9998039431700916,4.0
579.7021670341492,525.0,286.15384615384613,15.346153846153847,1.0470226674490415e38,2.076923076923077,0.0016016585547219623,6.851554276697355e-6,0.016476649299969504,-0.9998723589295094,0.006578727903667439,0.009504159506101052,0.030744355875140374,6.851554276697355e-6,-0.9998039431700916,4.0
585.1678788661957,530.0,288.84615384615387,15.346153846153847,1.0470226674490415e38,2.076923076923077,0.0016016585547219623,6.851554276697355e-6,0.016811495664889375,-0.9998723589295094,0.006578727903667439,0.009504159506101052,0.030744355875140374,6.851554276697355e-6,-0.9998039431700916,4.0
590.5959310531616,535.0,293.84615384615387,15.346153846153847,1.0470226674490415e38,2.076923076923077,0.0016016585547219623,6.851554276697355e-6,0.016811495664889375,-0.9998723589295094,0.006578727903667439,0.009504159506101052,0.030744355875140374,6.851554276697355e-6,-0.9998039431700916,4.0
595.9652600288391,540.0,298.84615384615387,15.346153846153847,1.0470226674490415e38,2.076923076923077,0.0016016585547219623,6.851554276697355e-6,0.016811495664889375,-0.9998723589295094,0.006578727903667439,0.009504159506101052,0.030744355875140374,6.851554276697355e-6,-0.9998039431700916,4.0
601.1563630104065,545.0,303.84615384615387,15.346153846153847,1.0470226674490415e38,2.076923076923077,0.0016016585547219623,6.851554276697355e-6,0.016811495664889375,-0.9998723589295094,0.006578727903667439,0.009504159506101052,0.030744355875140374,6.851554276697355e-6,-0.9998039431700916,4.0
606.5590269565582,550.0,308.84615384615387,15.346153846153847,1.0470226674490415e38,2.076923076923077,0.0016016585547219623,6.851554276697355e-6,0.016811495664889375,-0.9998723589295094,0.006578727903667439,0.009504159506101052,0.030744355875140374,6.851554276697355e-6,-0.9998039431700916,4.0
612.1833920478821,555.0,313.84615384615387,15.346153846153847,1.0470226674490415e38,2.076923076923077,0.0016016585547219623,6.851554276697355e-6,0.016811495664889375,-0.9998723589295094,0.006578727903667439,0.009504159506101052,0.030744355875140374,6.851554276697355e-6,-0.9998039431700916,4.0
617.6233148574829,560.0,318.84615384615387,15.346153846153847,1.0470226674490415e38,2.076923076923077,0.0016016585547219623,6.851554276697355e-6,0.016811495664889375,-0.9998723589295094,0.006578727903667439,0.009504159506101052,0.030744355875140374,6.851554276697355e-6,-0.9998039431700916,4.0
623.1633379459381,565.0,323.84615384615387,15.346153846153847,1.0470226674490415e38,2.076923076923077,0.0016016585547219623,6.851554276697355e-6,0.016811495664889375,-0.9998723589295094,0.006578727903667439,0.009504159506101052,0.030744355875140374,6.851554276697355e-6,-0.9998039431700916,4.0
628.6338949203491,570.0,328.84615384615387,15.346153846153847,1.0470226674490415e38,2.076923076923077,0.0016016585547219623,6.851554276697355e-6,0.016811495664889375,-0.9998723589295094,0.006578727903667439,0.009504159506101052,0.030744355875140374,6.851554276697355e-6,-0.9998039431700916,4.0
634.0847198963165,575.0,333.84615384615387,15.346153846153847,1.0470226674490415e38,2.076923076923077,0.0016016585547219623,6.851554276697355e-6,0.016811495664889375,-0.9998723589295094,0.006578727903667439,0.009504159506101052,0.030744355875140374,6.851554276697355e-6,-0.9998039431700916,4.0
639.5188658237457,580.0,338.84615384615387,15.346153846153847,1.0470226674490415e38,2.076923076923077,0.0016016585547219623,6.851554276697355e-6,0.016811495664889375,-0.9998723589295094,0.006578727903667439,0.009504159506101052,0.030744355875140374,6.851554276697355e-6,-0.9998039431700916,4.0
644.7765860557556,585.0,341.4230769230769,15.346153846153847,1.0470226674490415e38,2.076923076923077,0.0016016585547219623,6.851554276697355e-6,0.016811495664889375,-0.9998723589295094,0.006578727903667439,0.009504159506101052,0.030744355875140374,6.851554276697355e-6,-0.9998039431700916,4.0
650.1475729942322,590.0,337.0769230769231,15.346153846153847,1.0470226674490415e38,2.076923076923077,0.0016016585547219623,6.851554276697355e-6,0.016877257892241038,-0.9998723589295094,0.006578727903667439,0.009504159506101052,0.030744355875140374,6.851554276697355e-6,-0.9998039431700916,4.0
655.4384100437164,595.0,329.51851851851853,15.185185185185185,1.008244050136114e38,2.037037037037037,0.0016016585547219623,6.851554276697355e-6,0.016877257892241038,-0.9998723589295094,0.006578727903667439,0.009504159506101052,0.030744355875140374,6.851554276697355e-6,-0.9998039431700916,4.0
660.915531873703,600.0,334.51851851851853,15.185185185185185,1.008244050136114e38,2.037037037037037,0.0016016585547219623,6.851554276697355e-6,0.016877257892241038,-0.9998723589295094,0.006578727903667439,0.009504159506101052,0.030744355875140374,6.851554276697355e-6,-0.9998039431700916,4.0
666.4023418426514,605.0,327.39285714285717,15.357142857142858,9.722353340598241e37,2.0357142857142856,0.0016016585547219623,6.851554276697355e-6,0.016877257892241038,-0.9998723589295094,0.006578727903667439,0.009504159506101052,0.030744355875140374,6.851554276697355e-6,-0.9998039431700916,4.0
671.9193429946899,610.0,332.2857142857143,15.357142857142858,9.722353340598241e37,2.0357142857142856,0.0016016585547219623,6.851554276697355e-6,0.016877257892241038,-0.9998723589295094,0.006578727903667439,0.009504159506101052,0.030744355875140374,6.851554276697355e-6,-0.9998039431700916,4.0
677.3957140445709,615.0,330.7142857142857,15.357142857142858,9.722353340598241e37,2.0357142857142856,0.0016016585547219623,6.851554276697355e-6,0.016877257892241038,-0.9998723589295094,0.006578727903667439,0.009504159506101052,0.030744355875140374,6.851554276697355e-6,-0.9998039431700916,4.0
682.8835020065308,620.0,335.7142857142857,15.357142857142858,9.722353340598241e37,2.0357142857142856,0.0016016585547219623,6.851554276697355e-6,0.016877257892241038,-0.9998723589295094,0.006578727903667439,0.009504159506101052,0.030744355875140374,6.851554276697355e-6,-0.9998039431700916,4.0
688.4178829193115,625.0,339.5,15.357142857142858,9.722353340598241e37,2.0357142857142856,0.0016016585547219623,6.851554276697355e-6,0.016877257892241038,-0.9998723589295094,0.006578727903667439,0.009504159506101052,0.030744355875140374,6.851554276697355e-6,-0.9998039431700916,4.0
693.9871339797974,630.0,332.44827586206895,15.793103448275861,9.387099777129337e37,2.1379310344827585,0.0016016585547219623,6.851554276697355e-6,0.01647763037249861,-0.9998723589295094,0.006578727903667439,0.009504159506101052,0.030744355875140374,6.851554276697355e-6,-0.9998039431700916,4.0
699.5428059101105,635.0,337.44827586206895,15.793103448275861,9.387099777129337e37,2.1379310344827585,0.0016016585547219623,6.851554276697355e-6,0.01647763037249861,-0.9998723589295094,0.006578727903667439,0.009504159506101052,0.030744355875140374,6.851554276697355e-6,-0.9998039431700916,4.0
705.0231330394745,640.0,342.44827586206895,15.793103448275861,9.387099777129337e37,2.1379310344827585,0.0016016585547219623,6.851554276697355e-6,0.01647763037249861,-0.9998723589295094,0.006578727903667439,0.009504159506101052,0.030744355875140374,6.851554276697355e-6,-0.9998039431700916,4.0
710.6474108695984,645.0,347.44827586206895,15.793103448275861,9.387099777129337e37,2.1379310344827585,0.0016016585547219623,6.851554276697355e-6,0.01647763037249861,-0.9998723589295094,0.006578727903667439,0.009504159506101052,0.030744355875140374,6.851554276697355e-6,-0.9998039431700916,4.0
716.1171469688416,650.0,351.7586206896552,15.793103448275861,9.387099777129337e37,2.1379310344827585,0.0016016585547219623,6.851554276697355e-6,0.016477600127267733,-0.9998723589295094,0.006578727903667439,0.009504159506101052,0.030744355875140374,6.851554276697355e-6,-0.9998039431700916,4.0
721.8182239532471,655.0,356.7586206896552,15.793103448275861,9.387099777129337e37,2.1379310344827585,0.0016016585547219623,6.851554276697355e-6,0.016477600127267733,-0.9998723589295094,0.006578727903667439,0.009504159506101052,0.030744355875140374,6.851554276697355e-6,-0.9998039431700916,4.0
727.3593859672546,660.0,359.37931034482756,15.793103448275861,9.387099777129337e37,2.1379310344827585,0.0016016585547219623,6.851554276697355e-6,0.016477600127267733,-0.9998723589295094,0.006578727903667439,0.009504159506101052,0.030744355875140374,6.851554276697355e-6,-0.9998039431700916,4.0
732.9371068477631,665.0,344.17241379310343,15.793103448275861,9.387099777129337e37,2.1379310344827585,0.0016016585547219623,6.851554276697355e-6,0.016477600127267733,-0.9998723589295094,0.006578727903667439,0.009504159506101052,0.030744355875140374,6.851554276697355e-6,-0.9998039431700916,4.0
738.6267719268799,670.0,345.8965517241379,15.793103448275861,9.387099777129337e37,2.1379310344827585,0.0016016585547219623,6.851554276697355e-6,0.016477600127267733,-0.9998723589295094,0.006578727903667439,0.009504159506101052,0.030744355875140374,6.851554276697355e-6,-0.9998039431700916,4.0
744.2056999206543,675.0,350.8965517241379,15.793103448275861,9.387099777129337e37,2.1379310344827585,0.0016016585547219623,6.851554276697355e-6,0.016477600127267733,-0.9998723589295094,0.006578727903667439,0.009504159506101052,0.030744355875140374,6.851554276697355e-6,-0.9998039431700916,4.0
749.8485820293427,680.0,355.8965517241379,15.793103448275861,9.387099777129337e37,2.1379310344827585,0.0016016585547219623,6.851554276697355e-6,0.016477600127267733,-0.9998723589295094,0.006578727903667439,0.009504159506101052,0.030744355875140374,6.851554276697355e-6,-0.9998039431700916,4.0
755.4166848659515,685.0,360.8965517241379,15.793103448275861,9.387099777129337e37,2.1379310344827585,0.0016016585547219623,6.851554276697355e-6,0.016477600127267733,-0.9998723589295094,0.006578727903667439,0.009504159506101052,0.030744355875140374,6.851554276697355e-6,-0.9998039431700916,4.0
760.9235398769379,690.0,365.8965517241379,15.793103448275861,9.387099777129337e37,2.1379310344827585,0.0016016585547219623,6.851554276697355e-6,0.016477600127267733,-0.9998723589295094,0.006578727903667439,0.009504159506101052,0.030744355875140374,6.851554276697355e-6,-0.9998039431700916,4.0
766.5405328273773,695.0,370.8965517241379,15.793103448275861,9.387099777129337e37,2.1379310344827585,0.0016016585547219623,6.851554276697355e-6,0.016477600127267733,-0.9998723589295094,0.006578727903667439,0.009504159506101052,0.030744355875140374,6.851554276697355e-6,-0.9998039431700916,4.0
771.9969928264618,700.0,375.8965517241379,15.793103448275861,9.387099777129337e37,2.1379310344827585,0.0016016585547219623,6.851554276697355e-6,0.016477600127267733,-0.9998723589295094,0.006578727903667439,0.009504159506101052,0.030744355875140374,6.851554276697355e-6,-0.9998039431700916,4.0
777.5959229469299,705.0,380.8965517241379,15.793103448275861,9.387099777129337e37,2.1379310344827585,0.0016016585547219623,6.851554276697355e-6,0.016477600127267733,-0.9998723589295094,0.006578727903667439,0.009504159506101052,0.030744355875140374,6.851554276697355e-6,-0.9998039431700916,4.0
783.0582439899445,710.0,384.3448275862069,15.793103448275861,9.387099777129337e37,2.1379310344827585,0.0016016585547219623,6.851554276697355e-6,0.016477600127267733,-0.9998723589295094,0.006578727903667439,0.009504159506101052,0.030744355875140374,6.851554276697355e-6,-0.9998039431700916,4.0
788.8454320430756,715.0,380.48275862068965,15.793103448275861,9.387099777129337e37,2.1379310344827585,0.0016016585547219623,6.851554276697355e-6,0.016477600127267733,-0.9998723589295094,0.006578727903667439,0.009504159506101052,0.030744355875140374,6.851554276697355e-6,-0.9998039431700916,4.0
794.4575219154358,720.0,385.48275862068965,15.793103448275861,9.387099777129337e37,2.1379310344827585,0.0016016585547219623,6.851554276697355e-6,0.016477600127267733,-0.9998723589295094,0.006578727903667439,0.009504159506101052,0.030744355875140374,6.851554276697355e-6,-0.9998039431700916,4.0
800.1992189884186,725.0,390.48275862068965,15.793103448275861,9.387099777129337e37,2.1379310344827585,0.0016016585547219623,6.851554276697355e-6,0.016477600127267733,-0.9998723589295094,0.006578727903667439,0.009504159506101052,0.030744355875140374,6.851554276697355e-6,-0.9998039431700916,4.0
805.8193218708038,730.0,395.48275862068965,15.793103448275861,9.387099777129337e37,2.1379310344827585,0.0016016585547219623,6.851554276697355e-6,0.016477600127267733,-0.9998723589295094,0.006578727903667439,0.009504159506101052,0.030744355875140374,6.851554276697355e-6,-0.9998039431700916,4.0
811.5550198554993,735.0,399.7586206896552,15.793103448275861,9.387099777129337e37,2.1379310344827585,0.0016016585547219623,6.851554276697355e-6,0.016477600127267733,-0.9998723589295094,0.006578727903667439,0.009504159506101052,0.030744355875140374,6.851554276697355e-6,-0.9998039431700916,4.0
817.2805759906769,740.0,391.6896551724138,15.793103448275861,9.387099777129337e37,2.1379310344827585,0.0016016585547219623,6.851554276697355e-6,0.016477600127267733,-0.9998723589295094,0.006578727903667439,0.009504159506101052,0.030744355875140374,6.851554276697355e-6,-0.9998039431700916,4.0
822.9563629627228,745.0,396.6896551724138,15.793103448275861,9.387099777129337e37,2.1379310344827585,0.0016016585547219623,6.851554276697355e-6,0.016477600127267733,-0.9998723589295094,0.006578727903667439,0.009504159506101052,0.030744355875140374,6.851554276697355e-6,-0.9998039431700916,4.0
828.7060658931732,750.0,401.6896551724138,15.793103448275861,9.387099777129337e37,2.1379310344827585,0.0016016585547219623,6.851554276697355e-6,0.016477600127267733,-0.9998723589295094,0.006578727903667439,0.009504159506101052,0.030744355875140374,6.851554276697355e-6,-0.9998039431700916,4.0
834.5585179328918,755.0,406.1034482758621,15.793103448275861,9.387099777129337e37,2.1379310344827585,0.0016016585547219623,6.851554276697355e-6,0.016477600127267733,-0.9998723589295094,0.006578727903667439,0.009504159506101052,0.030744355875140374,6.851554276697355e-6,-0.9998039431700916,4.0
840.3306970596313,760.0,410.3103448275862,15.793103448275861,9.387099777129337e37,2.1379310344827585,0.0016016585547219623,6.851554276697355e-6,0.016477600127267733,-0.9998723589295094,0.006578727903667439,0.009504159506101052,0.030744355875140374,6.851554276697355e-6,-0.9998039431700916,4.0
846.067656993866,765.0,407.2068965517241,15.793103448275861,9.387099777129337e37,2.1379310344827585,0.0016016585547219623,6.851554276697355e-6,0.016477600127267733,-0.9998723589295094,0.006578727903667439,0.009504159506101052,0.030744355875140374,6.851554276697355e-6,-0.9998039431700916,4.0
852.1025178432465,770.0,412.2068965517241,15.793103448275861,9.387099777129337e37,2.1379310344827585,0.0016016585547219623,6.851554276697355e-6,0.016477600127267733,-0.9998723589295094,0.006578727903667439,0.009504159506101052,0.030744355875140374,6.851554276697355e-6,-0.9998039431700916,4.0
858.0027539730072,775.0,426.17857142857144,15.5,9.722353340598241e37,2.107142857142857,0.0016016585547219623,6.851554276697355e-6,0.016867357706831232,-0.9998723589295094,0.006578727903667439,0.009504159506101052,0.030744355875140374,6.851554276697355e-6,-0.9998039431700916,4.0
863.9385778903961,780.0,427.14285714285717,15.5,3.3083454067804625e76,2.107142857142857,0.0016016585547219623,6.851554276697355e-6,0.016867357706831232,-0.9998723589295094,0.006578727903667439,0.009504159506101052,0.030744355875140374,6.851554276697355e-6,-0.9998039431700916,4.0
869.8193390369415,785.0,430.0357142857143,15.5,3.3083454067804625e76,2.107142857142857,0.0016016585547219623,6.851554276697355e-6,0.016867357706831232,-0.9998723589295094,0.006578727903667439,0.009504159506101052,0.030744355875140374,6.851554276697355e-6,-0.9998039431700916,4.0
875.7595410346985,790.0,435.0357142857143,15.5,3.3083454067804625e76,2.107142857142857,0.0016016585547219623,6.851554276697355e-6,0.016867357706831232,-0.9998723589295094,0.006578727903667439,0.009504159506101052,0.030744355875140374,6.851554276697355e-6,-0.9998039431700916,4.0
881.7655038833618,795.0,440.0357142857143,15.5,3.3083454067804625e76,2.107142857142857,0.0016016585547219623,6.851554276697355e-6,0.016867357706831232,-0.9998723589295094,0.006578727903667439,0.009504159506101052,0.030744355875140374,6.851554276697355e-6,-0.9998039431700916,4.0
887.520879983902,800.0,444.60714285714283,15.5,3.3083454067804625e76,2.107142857142857,0.0016016585547219623,6.851554276697355e-6,0.016867357706831232,-0.9998723589295094,0.006578727903667439,0.009504159506101052,0.030744355875140374,6.851554276697355e-6,-0.9998039431700916,4.0
893.3890159130096,805.0,449.60714285714283,15.5,3.3083454067804625e76,2.107142857142857,0.0016016585547219623,6.851554276697355e-6,0.016867357706831232,-0.9998723589295094,0.006578727903667439,0.009504159506101052,0.030744355875140374,6.851554276697355e-6,-0.9998039431700916,4.0
899.2749168872833,810.0,454.60714285714283,15.5,3.3083454067804625e76,2.107142857142857,0.0016016585547219623,6.851554276697355e-6,0.016867357706831232,-0.9998723589295094,0.006578727903667439,0.009504159506101052,0.030744355875140374,6.851554276697355e-6,-0.9998039431700916,4.0
905.0238289833069,815.0,458.14285714285717,15.5,3.3083454067804625e76,2.0714285714285716,0.0016016585547219623,6.851554276697355e-6,0.016867357706831232,-0.9998723589295094,0.006578727903667439,0.009504159506101052,0.030744355875140374,6.851554276697355e-6,-0.9998039431700916,4.0
910.826700925827,820.0,452.2857142857143,15.5,3.3083454067804625e76,2.0714285714285716,0.0016016585547219623,6.851554276697355e-6,0.016867357706831232,-0.9998723589295094,0.006578727903667439,0.009504159506101052,0.030744355875140374,6.851554276697355e-6,-0.9998039431700916,4.0
916.6379599571228,825.0,457.2857142857143,15.5,3.3083454067804625e76,2.0714285714285716,0.0016016585547219623,6.851554276697355e-6,0.016867357706831232,-0.9998723589295094,0.006578727903667439,0.009504159506101052,0.030744355875140374,6.851554276697355e-6,-0.9998039431700916,4.0
922.423749923706,830.0,455.82142857142856,15.5,3.3083454067804625e76,2.0714285714285716,0.0016016585547219623,6.851554276697355e-6,0.016867357706831232,-0.9998723589295094,0.006578727903667439,0.009504159506101052,0.030744355875140374,6.851554276697355e-6,-0.9998039431700916,4.0
928.0490720272064,835.0,459.0357142857143,15.5,3.3083454067804625e76,2.0714285714285716,0.0015997881282293668,6.851554276697355e-6,0.016867357706831232,-0.9998723589295094,0.006574806333957501,0.009504159506101052,0.030744355875140374,6.851554276697355e-6,-0.9998039431700916,4.0
933.9003169536591,840.0,464.0357142857143,15.5,3.3083454067804625e76,2.0714285714285716,0.0015997881282293668,6.851554276697355e-6,0.016867357706831232,-0.9998723589295094,0.006574806333957501,0.009504159506101052,0.030744355875140374,6.851554276697355e-6,-0.9998039431700916,4.0
939.6969208717346,845.0,488.03846153846155,14.653846153846153,3.5628335149943447e76,1.9230769230769231,0.001587218021194618,6.811448073200723e-6,0.015961683457269005,-0.9998731060882621,0.006463955965901114,0.0089419973037281,0.029066075978227558,6.811448073200723e-6,-0.999804922252853,4.0
945.6365759372711,850.0,492.1923076923077,14.653846153846153,3.5628335149943447e76,1.9230769230769231,0.001587218021194618,6.811448073200723e-6,0.015961683457269005,-0.9998731060882621,0.006463955965901114,0.0089419973037281,0.029066075978227558,6.811448073200723e-6,-0.999804922252853,4.0
951.4626798629761,855.0,497.1923076923077,14.653846153846153,3.5628335149943447e76,1.9230769230769231,0.001587218021194618,6.811448073200723e-6,0.015961683457269005,-0.9998731060882621,0.006463955965901114,0.0089419973037281,0.029066075978227558,6.811448073200723e-6,-0.999804922252853,4.0
957.2896008491516,860.0,496.7307692307692,14.653846153846153,3.5628335149943447e76,1.9230769230769231,0.001587218021194618,6.811448073200723e-6,0.015961683457269005,-0.9998731060882621,0.006463955965901114,0.0089419973037281,0.029066075978227558,6.811448073200723e-6,-0.999804922252853,4.0
963.1229038238525,865.0,500.88461538461536,14.653846153846153,3.5628335149943447e76,1.9230769230769231,0.0015932721926238344,6.695991194404821e-6,0.016598146984730278,-0.9998752569928613,0.00651168174508448,0.009306438565941464,0.030120821297702445,6.695991194404821e-6,-0.9998092666179094,4.0
968.8224308490753,870.0,505.7307692307692,14.653846153846153,3.5628335149943447e76,1.9230769230769231,0.0015932268756371688,6.6956651400785524e-6,0.016597364054830144,-0.9998752630670922,0.006511392007580706,0.009306245855382035,0.030119400507078512,6.6956651400785524e-6,-0.999806818877624,4.0
974.6361238956451,875.0,510.7307692307692,14.653846153846153,3.5628335149943447e76,1.9230769230769231,0.0015932268756371688,6.6956651400785524e-6,0.016597364054830144,-0.9998752630670922,0.006511392007580706,0.009306245855382035,0.030119400507078512,6.6956651400785524e-6,-0.999806818877624,4.0
980.3612508773804,880.0,515.3846153846154,14.653846153846153,3.5628335149943447e76,1.9230769230769231,0.001591295348038548,6.684259269411852e-6,0.016326222205217622,-0.9998754755528265,0.006503114781065338,0.009118723391191472,0.029627356714116523,6.684259269411852e-6,-0.999807675641438,4.0
986.1425518989563,885.0,520.3846153846154,14.653846153846153,3.5628335149943447e76,1.9230769230769231,0.001591295348038548,6.684259269411852e-6,0.016326222205217622,-0.9998754755528265,0.006503114781065338,0.009118723391191472,0.029627356714116523,6.684259269411852e-6,-0.999807675641438,4.0
992.0078299045563,890.0,525.3846153846154,14.653846153846153,3.5628335149943447e76,1.9230769230769231,0.001591295348038548,6.684259269411852e-6,0.016326222205217622,-0.9998754755528265,0.006503114781065338,0.009118723391191472,0.029627356714116523,6.684259269411852e-6,-0.999807675641438,4.0
997.9195559024811,895.0,530.3846153846154,14.653846153846153,3.5628335149943447e76,1.9230769230769231,0.001591295348038548,6.684259269411852e-6,0.016326222205217622,-0.9998754755528265,0.006503114781065338,0.009118723391191472,0.029627356714116523,6.684259269411852e-6,-0.999807675641438,4.0
1003.7946579456329,900.0,535.3846153846154,14.653846153846153,3.5628335149943447e76,1.9230769230769231,0.001591295348038548,6.684259269411852e-6,0.016326222205217622,-0.9998754755528265,0.006503114781065338,0.009118723391191472,0.029627356714116523,6.684259269411852e-6,-0.999807675641438,4.0
1009.6586768627167,905.0,540.3846153846154,14.653846153846153,3.5628335149943447e76,1.9230769230769231,0.001591295348038548,6.684259269411852e-6,0.016326222205217622,-0.9998754755528265,0.006503114781065338,0.009118723391191472,0.029627356714116523,6.684259269411852e-6,-0.999807675641438,4.0
1015.5214610099792,910.0,542.5384615384615,14.653846153846153,1.0470226674490415e38,1.9230769230769231,0.001591295348038548,6.684259269411852e-6,0.016326222205217622,-0.9998754755528265,0.006503114781065338,0.009118723391191472,0.029627356714116523,6.684259269411852e-6,-0.9998090219147785,4.0
1021.5004389286041,915.0,547.5384615384615,14.653846153846153,1.0470226674490415e38,1.9230769230769231,0.001591295348038548,6.684259269411852e-6,0.016326222205217622,-0.9998754755528265,0.006503114781065338,0.009118723391191472,0.029627356714116523,6.684259269411852e-6,-0.9998090219147785,4.0
1027.3652470111847,920.0,552.1538461538462,14.653846153846153,1.7814167574971723e76,1.9230769230769231,0.001591295348038548,6.684259269411852e-6,0.016326222205217622,-0.9998754755528265,0.006503114781065338,0.009118723391191472,0.029627356714116523,6.684259269411852e-6,-0.9998077368852915,4.0
1033.1960229873657,925.0,536.5555555555555,15.0,1.715438359071351e76,1.962962962962963,0.001591295348038548,6.684259269411852e-6,0.016326222205217622,-0.9998754755528265,0.006503114781065338,0.009118723391191472,0.029627356714116523,6.684259269411852e-6,-0.9998077368852915,4.0
1038.989583015442,930.0,554.0769230769231,14.423076923076923,5.235113337245207e37,1.8461538461538463,0.0015912822081415713,6.684200042531483e-6,0.01632645652482878,-0.999875476656194,0.006503043642209358,0.00911907639614422,0.029627781936229614,6.684200042531483e-6,-0.9998062685046103,4.0
1044.7602708339691,935.0,559.0769230769231,14.423076923076923,5.235113337245207e37,1.8461538461538463,0.0015912822081415713,6.684200042531483e-6,0.01632645652482878,-0.999875476656194,0.006503043642209358,0.00911907639614422,0.029627781936229614,6.684200042531483e-6,-0.9998062685046103,4.0
1050.625970840454,940.0,543.1851851851852,14.851851851851851,5.04122025068057e37,1.9259259259259258,0.0015912822081415713,6.684200042531483e-6,0.01632645652482878,-0.999875476656194,0.006503043642209358,0.00911907639614422,0.029627781936229614,6.684200042531483e-6,-0.9998062685046103,4.0
1056.5547778606415,945.0,544.5185185185185,14.851851851851851,5.04122025068057e37,1.962962962962963,0.0015912822081415713,6.684200042531483e-6,0.01632645652482878,-0.999875476656194,0.006503043642209358,0.00911907639614422,0.029627781936229614,6.684200042531483e-6,-0.999807002525484,4.0
1062.3570668697357,950.0,549.1851851851852,14.851851851851851,5.04122025068057e37,1.962962962962963,0.0015912822081415713,6.684200042531483e-6,0.01632645652482878,-0.999875476656194,0.006503043642209358,0.00911907639614422,0.029627781936229614,6.684200042531483e-6,-0.999807430833859,4.0
1068.1635808944702,955.0,552.8888888888889,14.851851851851851,8.198552921648689e18,1.962962962962963,0.0015912460996590253,6.684015580776637e-6,0.016324527762667018,-0.9998754800926254,0.006502862074281813,0.009118929497856282,0.02962428179248142,6.684015580776637e-6,-0.9998075533637396,4.0
1074.1191129684448,960.0,537.9642857142857,15.285714285714286,7.905747460161236e18,2.0357142857142856,0.0015912460996590253,6.684015580776637e-6,0.016324527762667018,-0.9998754800926254,0.006502862074281813,0.009118929497856282,0.02962428179248142,6.684015580776637e-6,-0.9998069414289604,4.0
1080.048821926117,965.0,542.9642857142857,15.285714285714286,7.905747460161236e18,2.0357142857142856,0.0015912460996590253,6.684015580776637e-6,0.016324527762667018,-0.9998754800926254,0.006502862074281813,0.009118929497856282,0.02962428179248142,6.684015580776637e-6,-0.9998069414289604,4.0
1085.666447877884,970.0,546.9285714285714,15.285714285714286,7.905747460161236e18,2.0357142857142856,0.0015912460996590253,6.684015580776637e-6,0.016324527762667018,-0.9998754800926254,0.006502862074281813,0.009118929372132942,0.02962428179248142,6.684015580776637e-6,-0.9998069414289604,4.0
1091.5038089752197,975.0,551.75,15.285714285714286,7.905747460161236e18,2.0357142857142856,0.0015912460996590253,6.684015580776637e-6,0.016324527762667018,-0.9998754800926254,0.006502862074281813,0.009118929372132942,0.02962428179248142,6.684015580776637e-6,-0.9998069414289604,4.0
1097.4187769889832,980.0,551.9285714285714,15.285714285714286,7.905747460774803e18,2.0357142857142856,0.0015912460996590253,6.684015580776637e-6,0.016324527762667018,-0.9998754800926254,0.006502862074281813,0.009118929372132942,0.02962428179248142,6.684015580776637e-6,-0.9998069414289604,4.0
1103.1985850334167,985.0,555.6785714285714,15.285714285714286,7.905747460774803e18,2.0357142857142856,0.0015910905742319416,6.683302899245269e-6,0.016325854489307345,-0.9998754933695302,0.006502194336593267,0.009118929372132942,0.02962668941642167,6.683302899245269e-6,-0.9998069414712278,4.0
1109.0729689598083,990.0,560.6785714285714,15.285714285714286,7.905747460774803e18,2.0357142857142856,0.0015910905742319416,6.683302899245269e-6,0.016325854489307345,-0.9998754933695302,0.006502194336593267,0.009118929372132942,0.02962668941642167,6.683302899245269e-6,-0.9998069414712278,4.0
1114.9689400196075,995.0,565.6785714285714,15.285714285714286,7.905747460774803e18,2.0357142857142856,0.0015910905742319416,6.683302899245269e-6,0.016325854489307345,-0.9998754933695302,0.006502194336593267,0.009118929372132942,0.02962668941642167,6.683302899245269e-6,-0.9998069414712278,4.0
1120.8444738388062,1000.0,563.4642857142857,15.285714285714286,7.905747460774803e18,2.0357142857142856,0.0015910905742319416,6.683302899245269e-6,0.016325854489307345,-0.9998754933695302,0.006502194336593267,0.009118929372132942,0.02962668941642167,6.683302899245269e-6,-0.9998069414712278,4.0
1126.8026218414307,1005.0,568.4642857142857,15.285714285714286,7.905747460774803e18,2.0357142857142856,0.0015910905742319416,6.683302899245269e-6,0.016325854489307345,-0.9998754933695302,0.006502194336593267,0.009118929372132942,0.02962668941642167,6.683302899245269e-6,-0.9998069414712278,4.0
1132.68026304245,1010.0,573.4642857142857,15.285714285714286,7.905747460774803e18,2.0357142857142856,0.0015910905742319416,6.683302899245269e-6,0.016325854489307345,-0.9998754933695302,0.006502194336593267,0.009118929372132942,0.02962668941642167,6.683302899245269e-6,-0.9998069414712278,4.0
1138.525465965271,1015.0,596.925925925926,14.777777777777779,5.465701948402085e18,1.9259259259259258,0.0015910800005547287,6.683302893769145e-6,0.016329138916300168,-0.9998754933696322,0.00650215789432358,0.009123489206393763,0.0296326496985307,6.683302893769145e-6,-0.9998073084510236,4.0
1144.2939319610596,1020.0,601.925925925926,14.777777777777779,5.465701948402085e18,1.9259259259259258,0.0015910800005547287,6.683302893769145e-6,0.016329138916300168,-0.9998754933696322,0.00650215789432358,0.009123489206393763,0.0296326496985307,6.683302893769145e-6,-0.9998073084510236,4.0
1149.9956090450287,1025.0,606.925925925926,14.777777777777779,5.465701948402085e18,1.9259259259259258,0.0015910800005547287,6.683302893769145e-6,0.016329138916300168,-0.9998754933696322,0.00650215789432358,0.009123489206393763,0.0296326496985307,6.683302893769145e-6,-0.9998073084510236,4.0
1155.7398159503937,1030.0,611.925925925926,14.777777777777779,5.465701948402085e18,1.9259259259259258,0.0015910800005547287,6.683302893769145e-6,0.016329138916300168,-0.9998754933696322,0.00650215789432358,0.009123489206393763,0.0296326496985307,6.683302893769145e-6,-0.9998073084510236,4.0
1161.5453598499298,1035.0,616.925925925926,14.777777777777779,5.465701948402085e18,1.9259259259259258,0.0015910800005547287,6.683302893769145e-6,0.016329138916300168,-0.9998754933696322,0.00650215789432358,0.009123489206393763,0.0296326496985307,6.683302893769145e-6,-0.9998073084510236,4.0
1167.2687289714813,1040.0,621.925925925926,14.777777777777779,5.465701948402085e18,1.9259259259259258,0.0015910800005547287,6.683302893769145e-6,0.016329138916300168,-0.9998754933696322,0.00650215789432358,0.009123489206393763,0.0296326496985307,6.683302893769145e-6,-0.9998073084510236,4.0
1173.0476460456848,1045.0,626.925925925926,14.777777777777779,5.465701948402085e18,1.9259259259259258,0.0015910800005547287,6.683302893769145e-6,0.016329138916300168,-0.9998754933696322,0.00650215789432358,0.009123489206393763,0.0296326496985307,6.683302893769145e-6,-0.9998073084510236,4.0
1178.8630299568176,1050.0,631.925925925926,14.777777777777779,5.465701948402085e18,1.9259259259259258,0.0015910800005547287,6.683302893769145e-6,0.016329138916300168,-0.9998754933696322,0.00650215789432358,0.009123489206393763,0.0296326496985307,6.683302893769145e-6,-0.9998073084510236,4.0
1184.8501360416412,1055.0,636.925925925926,14.777777777777779,5.465701948402085e18,1.9259259259259258,0.0015910800005547287,6.683302893769145e-6,0.016329138916300168,-0.9998754933696322,0.00650215789432358,0.009123489206393763,0.0296326496985307,6.683302893769145e-6,-0.9998073084510236,4.0
1190.743134021759,1060.0,641.925925925926,14.777777777777779,5.465701948402085e18,1.9259259259259258,0.0015910800005547287,6.683302893769145e-6,0.016329138916300168,-0.9998754933696322,0.00650215789432358,0.009123489206393763,0.0296326496985307,6.683302893769145e-6,-0.9998073084510236,4.0
1196.7278039455414,1065.0,644.4814814814815,14.777777777777779,5.465701948402085e18,1.9259259259259258,0.0015910800005547287,6.683302893769145e-6,0.016329138916300168,-0.9998754933696322,0.00650215789432358,0.009123489206393763,0.0296326496985307,6.683302893769145e-6,-0.9998073084510236,4.0
1202.5221588611603,1070.0,649.4814814814815,14.777777777777779,5.465701948402085e18,1.9259259259259258,0.0015910800005547287,6.683302893769145e-6,0.016329138916300168,-0.9998754933696322,0.00650215789432358,0.009123489206393763,0.0296326496985307,6.683302893769145e-6,-0.9998073084510236,4.0
1208.2978768348694,1075.0,654.4814814814815,14.777777777777779,5.465701948402085e18,1.9259259259259258,0.0015910800005547287,6.683302893769145e-6,0.016329138916300168,-0.9998754933696322,0.00650215789432358,0.009123489206393763,0.0296326496985307,6.683302893769145e-6,-0.9998073084510236,4.0
1214.0857000350952,1080.0,659.4814814814815,14.777777777777779,5.465701948402085e18,1.9259259259259258,0.0015910800005547287,6.683302893769145e-6,0.016329138916300168,-0.9998754933696322,0.00650215789432358,0.009123489206393763,0.0296326496985307,6.683302893769145e-6,-0.9998073084510236,4.0
1219.8516209125519,1085.0,664.4814814814815,14.777777777777779,5.465701948402085e18,1.9259259259259258,0.0015910800005547287,6.683302893769145e-6,0.016329138916300168,-0.9998754933696322,0.00650215789432358,0.009123489206393763,0.0296326496985307,6.683302893769145e-6,-0.9998073084510236,4.0
1225.5848710536957,1090.0,669.4814814814815,14.777777777777779,5.465701948402085e18,1.9259259259259258,0.0015910800005547287,6.683302893769145e-6,0.016329138916300168,-0.9998754933696322,0.00650215789432358,0.009123489206393763,0.0296326496985307,6.683302893769145e-6,-0.9998073084510236,4.0
1231.4840178489685,1095.0,650.5357142857143,15.285714285714286,1.6541727033902313e76,2.0357142857142856,0.0015910800005547287,6.683299399864858e-6,0.016327234540403968,-0.9998754934347219,0.00650215789432358,0.009121431252312915,0.02962919380877952,6.683299399864858e-6,-0.9998079815461697,4.0
1237.45987200737,1100.0,649.3571428571429,15.285714285714286,1.6541727033902313e76,2.0357142857142856,0.0015910800005547287,6.683299399864858e-6,0.016327234540403968,-0.9998754934347219,0.00650215789432358,0.009121431252312915,0.02962919380877952,6.683299399864858e-6,-0.9998079815461697,4.0
1243.2722518444061,1105.0,654.3571428571429,15.285714285714286,1.6541727033902313e76,2.0357142857142856,0.0015910800005547287,6.683299399864858e-6,0.016327234540403968,-0.9998754934347219,0.00650215789432358,0.009121431252312915,0.02962919380877952,6.683299399864858e-6,-0.9998079815461697,4.0
1249.040384054184,1110.0,659.3571428571429,15.285714285714286,1.6541727033902313e76,2.0357142857142856,0.0015910800005547287,6.683299399864858e-6,0.016327234540403968,-0.9998754934347219,0.00650215789432358,0.009121431252312915,0.02962919380877952,6.683299399864858e-6,-0.9998079815461697,4.0
1254.9684209823608,1115.0,664.3571428571429,15.285714285714286,1.6541727033902313e76,2.0357142857142856,0.0015910800005547287,6.683299399864858e-6,0.016327234540403968,-0.9998754934347219,0.00650215789432358,0.009121431252312915,0.02962919380877952,6.683299399864858e-6,-0.9998079815461697,4.0
1260.6328818798065,1120.0,669.3571428571429,15.285714285714286,1.6541727033902313e76,2.0357142857142856,0.0015910800005547287,6.683299399864858e-6,0.016327234540403968,-0.9998754934347219,0.00650215789432358,0.009121431252312915,0.02962919380877952,6.683299399864858e-6,-0.9998079815461697,4.0
1266.3904659748077,1125.0,668.5714285714286,15.285714285714286,1.6541727033902313e76,2.0357142857142856,0.0015910800005547287,6.683299399864858e-6,0.016327234540403968,-0.9998754934347219,0.00650215789432358,0.009121431252312915,0.02962919380877952,6.683299399864858e-6,-0.9998079815461697,4.0
1272.1075739860535,1130.0,673.5714285714286,15.285714285714286,1.6541727033902313e76,2.0357142857142856,0.0015910800005547287,6.683299399864858e-6,0.016327234540403968,-0.9998754934347219,0.00650215789432358,0.009121431252312915,0.02962919380877952,6.683299399864858e-6,-0.9998079815461697,4.0
1277.876785993576,1135.0,678.5714285714286,15.285714285714286,1.6541727033902313e76,2.0357142857142856,0.0015910800005547287,6.683299399864858e-6,0.016327234540403968,-0.9998754934347219,0.00650215789432358,0.009121431252312915,0.02962919380877952,6.683299399864858e-6,-0.9998079815461697,4.0
1283.5748949050903,1140.0,683.5714285714286,15.285714285714286,1.6541727033902313e76,2.0357142857142856,0.0015910800005547287,6.683299399864858e-6,0.016327234540403968,-0.9998754934347219,0.00650215789432358,0.009121431252312915,0.02962919380877952,6.683299399864858e-6,-0.9998079815461697,4.0
1289.403606891632,1145.0,688.5714285714286,15.285714285714286,1.6541727033902313e76,2.0357142857142856,0.0015910800005547287,6.683299399864858e-6,0.016327234540403968,-0.9998754934347219,0.00650215789432358,0.009121431252312915,0.02962919380877952,6.683299399864858e-6,-0.9998079815461697,4.0
1295.151909828186,1150.0,693.5714285714286,15.285714285714286,1.6541727033902313e76,2.0357142857142856,0.0015910800005547287,6.683299399864858e-6,0.016327234540403968,-0.9998754934347219,0.00650215789432358,0.009121431252312915,0.02962919380877952,6.683299399864858e-6,-0.9998079815461697,4.0
1300.8833339214325,1155.0,698.5714285714286,15.285714285714286,1.6541727033902313e76,2.0357142857142856,0.0015910800005547287,6.683299399864858e-6,0.016327234540403968,-0.9998754934347219,0.00650215789432358,0.009121431252312915,0.02962919380877952,6.683299399864858e-6,-0.9998079815461697,4.0
1306.6821069717407,1160.0,703.5714285714286,15.285714285714286,1.6541727033902313e76,2.0357142857142856,0.0015910800005547287,6.683299399864858e-6,0.016327234540403968,-0.9998754934347219,0.00650215789432358,0.009121431252312915,0.02962919380877952,6.683299399864858e-6,-0.9998079815461697,4.0
1312.3731589317322,1165.0,708.5714285714286,15.285714285714286,1.6541727033902313e76,2.0357142857142856,0.0015910800005547287,6.683299399864858e-6,0.016327234540403968,-0.9998754934347219,0.00650215789432358,0.009121431252312915,0.02962919380877952,6.683299399864858e-6,-0.9998079815461697,4.0
1318.071478843689,1170.0,713.5714285714286,15.285714285714286,1.6541727033902313e76,2.0357142857142856,0.0015910800005547287,6.683299399864858e-6,0.016327234540403968,-0.9998754934347219,0.00650215789432358,0.009121431252312915,0.02962919380877952,6.683299399864858e-6,-0.9998079815461697,4.0
1323.784991979599,1175.0,718.5714285714286,15.285714285714286,1.6541727033902313e76,2.0357142857142856,0.0015910800005547287,6.683299399864858e-6,0.016327234540403968,-0.9998754934347219,0.00650215789432358,0.009121431252312915,0.02962919380877952,6.683299399864858e-6,-0.9998079815461697,4.0
1329.5028789043427,1180.0,723.5714285714286,15.285714285714286,1.6541727033902313e76,2.0357142857142856,0.0015910800005547287,6.683299399864858e-6,0.016327234540403968,-0.9998754934347219,0.00650215789432358,0.009121431252312915,0.02962919380877952,6.683299399864858e-6,-0.9998079815461697,4.0
1335.1536450386047,1185.0,728.5714285714286,15.285714285714286,1.6541727033902313e76,2.0357142857142856,0.0015910800005547287,6.683299399864858e-6,0.016327234540403968,-0.9998754934347219,0.00650215789432358,0.009121431252312915,0.02962919380877952,6.683299399864858e-6,-0.9998079815461697,4.0
1340.814992904663,1190.0,733.5714285714286,15.285714285714286,1.6541727033902313e76,2.0357142857142856,0.0015910800005547287,6.683299399864858e-6,0.016327234540403968,-0.9998754934347219,0.00650215789432358,0.009121431252312915,0.02962919380877952,6.683299399864858e-6,-0.9998079815461697,4.0
1346.6351158618927,1195.0,738.5714285714286,15.285714285714286,1.6541727033902313e76,2.0357142857142856,0.0015910800005547287,6.683299399864858e-6,0.016327234540403968,-0.9998754934347219,0.00650215789432358,0.009121431252312915,0.02962919380877952,6.683299399864858e-6,-0.9998079815461697,4.0
1352.152668952942,1200.0,743.5714285714286,15.285714285714286,1.6541727033902313e76,2.0357142857142856,0.0015910800005547287,6.683299399864858e-6,0.016327234540403968,-0.9998754934347219,0.00650215789432358,0.009121431252312915,0.02962919380877952,6.683299399864858e-6,-0.9998079815461697,4.0
1357.8847558498383,1205.0,748.5714285714286,15.285714285714286,1.6541727033902313e76,2.0357142857142856,0.0015910800005547287,6.683299399864858e-6,0.016327234540403968,-0.9998754934347219,0.00650215789432358,0.009121431252312915,0.02962919380877952,6.683299399864858e-6,-0.9998079815461697,4.0
1363.646388053894,1210.0,753.5714285714286,15.285714285714286,1.6541727033902313e76,2.0357142857142856,0.0015910800005547287,6.683299399864858e-6,0.016327234540403968,-0.9998754934347219,0.00650215789432358,0.009121431252312915,0.02962919380877952,6.683299399864858e-6,-0.9998079815461697,4.0
1369.4701478481293,1215.0,758.5714285714286,15.285714285714286,1.6541727033902313e76,2.0357142857142856,0.0015910800005547287,6.683299399864858e-6,0.016327234540403968,-0.9998754934347219,0.00650215789432358,0.009121431252312915,0.02962919380877952,6.683299399864858e-6,-0.9998079815461697,4.0
1375.1889219284058,1220.0,755.1071428571429,15.285714285714286,1.6541727033902313e76,2.0357142857142856,0.0015910800005547287,6.683299399864858e-6,0.016327234540403968,-0.9998754934347219,0.00650215789432358,0.009121431252312915,0.02962919380877952,6.683299399864858e-6,-0.9998079815461697,4.0
1380.8974289894104,1225.0,778.7407407407408,14.88888888888889,1.715438359071351e76,1.962962962962963,0.0015910800005547287,6.683299399864858e-6,0.016327234540403968,-0.9998754934347219,0.00650215789432358,0.009121431252312915,0.02962919380877952,6.683299399864858e-6,-0.9998079815461697,4.0
1386.7087650299072,1230.0,783.7407407407408,14.88888888888889,1.715438359071351e76,1.962962962962963,0.0015910800005547287,6.683299399864858e-6,0.016327234540403968,-0.9998754934347219,0.00650215789432358,0.009121431252312915,0.02962919380877952,6.683299399864858e-6,-0.9998079815461697,4.0
1392.4598050117493,1235.0,788.7407407407408,14.88888888888889,1.715438359071351e76,1.962962962962963,0.0015910800005547287,6.683299399864858e-6,0.016327234540403968,-0.9998754934347219,0.00650215789432358,0.009121431252312915,0.02962919380877952,6.683299399864858e-6,-0.9998079815461697,4.0
1398.0130949020386,1240.0,793.7407407407408,14.88888888888889,1.715438359071351e76,1.962962962962963,0.0015910800005547287,6.683299399864858e-6,0.016327234540403968,-0.9998754934347219,0.00650215789432358,0.009121431252312915,0.02962919380877952,6.683299399864858e-6,-0.9998079815461697,4.0
1403.7731728553772,1245.0,798.7407407407408,14.88888888888889,1.715438359071351e76,1.962962962962963,0.0015910800005547287,6.683299399864858e-6,0.016327234540403968,-0.9998754934347219,0.00650215789432358,0.009121431252312915,0.02962919380877952,6.683299399864858e-6,-0.9998079815461697,4.0
1409.6278688907623,1250.0,803.7407407407408,14.88888888888889,1.715438359071351e76,1.962962962962963,0.0015910800005547287,6.683299399864858e-6,0.016327234540403968,-0.9998754934347219,0.00650215789432358,0.009121431252312915,0.02962919380877952,6.683299399864858e-6,-0.9998079815461697,4.0
1415.3894610404968,1255.0,808.7407407407408,14.88888888888889,1.715438359071351e76,1.962962962962963,0.0015910800005547287,6.683299399864858e-6,0.016327234540403968,-0.9998754934347219,0.00650215789432358,0.009121431252312915,0.02962919380877952,6.683299399864858e-6,-0.9998079815461697,4.0
1421.2172899246216,1260.0,813.7407407407408,14.88888888888889,1.715438359071351e76,1.962962962962963,0.0015910800005547287,6.683299399864858e-6,0.016327234540403968,-0.9998754934347219,0.00650215789432358,0.009121431252312915,0.02962919380877952,6.683299399864858e-6,-0.9998079815461697,4.0
1427.003800868988,1265.0,818.7407407407408,14.88888888888889,1.715438359071351e76,1.962962962962963,0.0015910800005547287,6.683299399864858e-6,0.016327234540403968,-0.9998754934347219,0.00650215789432358,0.009121431252312915,0.02962919380877952,6.683299399864858e-6,-0.9998079815461697,4.0
1432.6998188495636,1270.0,823.7407407407408,14.88888888888889,1.715438359071351e76,1.962962962962963,0.0015910800005547287,6.683299399864858e-6,0.016327234540403968,-0.9998754934347219,0.00650215789432358,0.009121431252312915,0.02962919380877952,6.683299399864858e-6,-0.9998079815461697,4.0
1438.5936698913574,1275.0,828.7407407407408,14.88888888888889,1.715438359071351e76,1.962962962962963,0.0015910800005547287,6.683299399864858e-6,0.016327234540403968,-0.9998754934347219,0.00650215789432358,0.009121431252312915,0.02962919380877952,6.683299399864858e-6,-0.9998079815461697,4.0
1444.4316120147705,1280.0,833.7407407407408,14.88888888888889,1.715438359071351e76,1.962962962962963,0.0015910800005547287,6.683299399864858e-6,0.016327234540403968,-0.9998754934347219,0.00650215789432358,0.009121431252312915,0.02962919380877952,6.683299399864858e-6,-0.9998079815461697,4.0
1450.21581697464,1285.0,838.7407407407408,14.88888888888889,1.715438359071351e76,1.962962962962963,0.0015910800005547287,6.683299399864858e-6,0.016327234540403968,-0.9998754934347219,0.00650215789432358,0.009121431252312915,0.02962919380877952,6.683299399864858e-6,-0.9998079815461697,4.0
1455.9766399860382,1290.0,843.7407407407408,14.88888888888889,1.715438359071351e76,1.962962962962963,0.0015910800005547287,6.683299399864858e-6,0.016327234540403968,-0.9998754934347219,0.00650215789432358,0.009121431252312915,0.02962919380877952,6.683299399864858e-6,-0.9998079815461697,4.0
1461.7807488441467,1295.0,848.7407407407408,14.88888888888889,1.715438359071351e76,1.962962962962963,0.0015910800005547287,6.683299399864858e-6,0.016327234540403968,-0.9998754934347219,0.00650215789432358,0.009121431252312915,0.02962919380877952,6.683299399864858e-6,-0.9998079815461697,4.0
1467.6464228630066,1300.0,853.7407407407408,14.88888888888889,1.715438359071351e76,1.962962962962963,0.0015910800005547287,6.683299399864858e-6,0.016327234540403968,-0.9998754934347219,0.00650215789432358,0.009121431252312915,0.02962919380877952,6.683299399864858e-6,-0.9998079815461697,4.0
1473.364049911499,1305.0,858.7407407407408,14.88888888888889,1.715438359071351e76,1.962962962962963,0.0015910800005547287,6.683299399864858e-6,0.016327234540403968,-0.9998754934347219,0.00650215789432358,0.009121431252312915,0.02962919380877952,6.683299399864858e-6,-0.9998079815461697,4.0
1479.2033438682556,1310.0,863.7407407407408,14.88888888888889,1.715438359071351e76,1.962962962962963,0.0015910800005547287,6.683299399864858e-6,0.016327234540403968,-0.9998754934347219,0.00650215789432358,0.009121431252312915,0.02962919380877952,6.683299399864858e-6,-0.9998079815461697,4.0
1484.8828740119934,1315.0,868.7407407407408,14.88888888888889,1.715438359071351e76,1.962962962962963,0.0015910800005547287,6.683299399864858e-6,0.016327234540403968,-0.9998754934347219,0.00650215789432358,0.009121431252312915,0.02962919380877952,6.683299399864858e-6,-0.9998079815461697,4.0
1490.637109041214,1320.0,873.7407407407408,14.88888888888889,1.715438359071351e76,1.962962962962963,0.0015910800005547287,6.683299399864858e-6,0.016327234540403968,-0.9998754934347219,0.00650215789432358,0.009121431252312915,0.02962919380877952,6.683299399864858e-6,-0.9998079815461697,4.0
1496.4457099437714,1325.0,878.7407407407408,14.88888888888889,1.715438359071351e76,1.962962962962963,0.0015910800005547287,6.683299399864858e-6,0.016327234540403968,-0.9998754934347219,0.00650215789432358,0.009121431252312915,0.02962919380877952,6.683299399864858e-6,-0.9998079815461697,4.0
1502.280123949051,1330.0,883.7407407407408,14.88888888888889,1.715438359071351e76,1.962962962962963,0.0015910800005547287,6.683299399864858e-6,0.016327234540403968,-0.9998754934347219,0.00650215789432358,0.009121431252312915,0.02962919380877952,6.683299399864858e-6,-0.9998079815461697,4.0
1508.073000907898,1335.0,888.7407407407408,14.88888888888889,1.715438359071351e76,1.962962962962963,0.0015910800005547287,6.683299399864858e-6,0.016327234540403968,-0.9998754934347219,0.00650215789432358,0.009121431252312915,0.02962919380877952,6.683299399864858e-6,-0.9998079815461697,4.0
1513.789293050766,1340.0,885.0,14.88888888888889,1.715438359071351e76,1.962962962962963,0.0015910800005547287,6.683299399864858e-6,0.016327234540403968,-0.9998754934347219,0.00650215789432358,0.009121431252312915,0.02962919380877952,6.683299399864858e-6,-0.9998079815461697,4.0
1519.6982908248901,1345.0,890.0,14.88888888888889,1.715438359071351e76,1.962962962962963,0.0015910800005547287,6.683299399864858e-6,0.016327234540403968,-0.9998754934347219,0.00650215789432358,0.009121431252312915,0.02962919380877952,6.683299399864858e-6,-0.9998079815461697,4.0
1525.4483468532562,1350.0,895.0,14.88888888888889,1.715438359071351e76,1.962962962962963,0.0015910800005547287,6.683299399864858e-6,0.016327234540403968,-0.9998754934347219,0.00650215789432358,0.009121431252312915,0.02962919380877952,6.683299399864858e-6,-0.9998079815461697,4.0
1531.1821858882904,1355.0,900.0,14.88888888888889,1.715438359071351e76,1.962962962962963,0.0015910800005547287,6.683299399864858e-6,0.016327234540403968,-0.9998754934347219,0.00650215789432358,0.009121431252312915,0.02962919380877952,6.683299399864858e-6,-0.9998079815461697,4.0
1537.0198538303375,1360.0,905.0,14.88888888888889,1.715438359071351e76,1.962962962962963,0.0015910800005547287,6.683299399864858e-6,0.016327234540403968,-0.9998754934347219,0.00650215789432358,0.009121431252312915,0.02962919380877952,6.683299399864858e-6,-0.9998079815461697,4.0
1542.7953698635101,1365.0,884.0,14.88888888888889,1.715438359071351e76,1.962962962962963,0.0015910800005547287,6.683299399864858e-6,0.016327234540403968,-0.9998754934347219,0.00650215789432358,0.009121431252312915,0.02962919380877952,6.683299399864858e-6,-0.9998079815461697,4.0
1548.6776218414307,1370.0,889.0,14.88888888888889,1.715438359071351e76,1.962962962962963,0.0015910800005547287,6.683299399864858e-6,0.016327234540403968,-0.9998754934347219,0.00650215789432358,0.009121431252312915,0.02962919380877952,6.683299399864858e-6,-0.9998079815461697,4.0
1554.535809993744,1375.0,909.5769230769231,14.538461538461538,1.7814167574971723e76,1.9230769230769231,0.0015910800005547287,6.683299399864858e-6,0.016327234540403968,-0.9998754934347219,0.00650215789432358,0.009121431252312915,0.02962919380877952,6.683299399864858e-6,-0.9998079815461697,4.0
1560.412899017334,1380.0,914.5769230769231,14.538461538461538,1.7814167574971723e76,1.9230769230769231,0.0015910800005547287,6.683299399864858e-6,0.016327234540403968,-0.9998754934347219,0.00650215789432358,0.009121431252312915,0.02962919380877952,6.683299399864858e-6,-0.9998079815461697,4.0
1566.1537499427795,1385.0,919.5769230769231,14.538461538461538,1.7814167574971723e76,1.9230769230769231,0.0015910800005547287,6.683299399864858e-6,0.016327234540403968,-0.9998754934347219,0.00650215789432358,0.009121431252312915,0.02962919380877952,6.683299399864858e-6,-0.9998079815461697,4.0
1572.1373569965363,1390.0,924.5769230769231,14.538461538461538,1.7814167574971723e76,1.9230769230769231,0.0015910800005547287,6.683299399864858e-6,0.016327234540403968,-0.9998754934347219,0.00650215789432358,0.009121431252312915,0.02962919380877952,6.683299399864858e-6,-0.9998079815461697,4.0
1577.9767599105835,1395.0,929.5769230769231,14.538461538461538,1.7814167574971723e76,1.9230769230769231,0.0015910800005547287,6.683299399864858e-6,0.016327234540403968,-0.9998754934347219,0.00650215789432358,0.009121431252312915,0.02962919380877952,6.683299399864858e-6,-0.9998079815461697,4.0
1583.83451795578,1400.0,934.5769230769231,14.538461538461538,1.7814167574971723e76,1.9230769230769231,0.0015910800005547287,6.683299399864858e-6,0.016327234540403968,-0.9998754934347219,0.00650215789432358,0.009121431252312915,0.02962919380877952,6.683299399864858e-6,-0.9998079815461697,4.0
1589.667541027069,1405.0,939.5769230769231,14.538461538461538,1.7814167574971723e76,1.9230769230769231,0.0015910800005547287,6.683299399864858e-6,0.016327234540403968,-0.9998754934347219,0.00650215789432358,0.009121431252312915,0.02962919380877952,6.683299399864858e-6,-0.9998079815461697,4.0
1595.423691034317,1410.0,944.5769230769231,14.538461538461538,1.7814167574971723e76,1.9230769230769231,0.0015910800005547287,6.683299399864858e-6,0.016327234540403968,-0.9998754934347219,0.00650215789432358,0.009121431252312915,0.02962919380877952,6.683299399864858e-6,-0.9998079815461697,4.0
1601.3132410049438,1415.0,949.5769230769231,14.538461538461538,1.7814167574971723e76,1.9230769230769231,0.0015910800005547287,6.683299399864858e-6,0.016327234540403968,-0.9998754934347219,0.00650215789432358,0.009121431252312915,0.02962919380877952,6.683299399864858e-6,-0.9998079815461697,4.0
1607.1299769878387,1420.0,954.5769230769231,14.538461538461538,1.7814167574971723e76,1.9230769230769231,0.0015910800005547287,6.683299399864858e-6,0.016327234540403968,-0.9998754934347219,0.00650215789432358,0.009121431252312915,0.02962919380877952,6.683299399864858e-6,-0.9998079815461697,4.0
1613.1155638694763,1425.0,959.5769230769231,14.538461538461538,1.7814167574971723e76,1.9230769230769231,0.0015910800005547287,6.683299399864858e-6,0.016327234540403968,-0.9998754934347219,0.00650215789432358,0.009121431252312915,0.02962919380877952,6.683299399864858e-6,-0.9998079815461697,4.0
1619.0676798820496,1430.0,964.5769230769231,14.538461538461538,1.7814167574971723e76,1.9230769230769231,0.0015910800005547287,6.683299399864858e-6,0.016327234540403968,-0.9998754934347219,0.00650215789432358,0.009121431252312915,0.02962919380877952,6.683299399864858e-6,-0.9998079815461697,4.0
1624.9562599658966,1435.0,969.5769230769231,14.538461538461538,1.7814167574971723e76,1.9230769230769231,0.0015910800005547287,6.683299399864858e-6,0.016327234540403968,-0.9998754934347219,0.00650215789432358,0.009121431252312915,0.02962919380877952,6.683299399864858e-6,-0.9998079815461697,4.0
1630.8301780223846,1440.0,974.5769230769231,14.538461538461538,1.7814167574971723e76,1.9230769230769231,0.0015910800005547287,6.683299399864858e-6,0.016327234540403968,-0.9998754934347219,0.00650215789432358,0.009121431252312915,0.02962919380877952,6.683299399864858e-6,-0.9998079815461697,4.0
1636.6934859752655,1445.0,979.5769230769231,14.538461538461538,1.7814167574971723e76,1.9230769230769231,0.0015910800005547287,6.683299399864858e-6,0.016327234540403968,-0.9998754934347219,0.00650215789432358,0.009121431252312915,0.02962919380877952,6.683299399864858e-6,-0.9998079815461697,4.0
1642.6081478595734,1450.0,984.5769230769231,14.538461538461538,1.7814167574971723e76,1.9230769230769231,0.0015910800005547287,6.683299399864858e-6,0.016327234540403968,-0.9998754934347219,0.00650215789432358,0.009121431252312915,0.02962919380877952,6.683299399864858e-6,-0.9998079815461697,4.0
1648.5552370548248,1455.0,989.5769230769231,14.538461538461538,1.7814167574971723e76,1.9230769230769231,0.0015910800005547287,6.683299399864858e-6,0.016327234540403968,-0.9998754934347219,0.00650215789432358,0.009121431252312915,0.02962919380877952,6.683299399864858e-6,-0.9998079815461697,4.0
1654.4785509109497,1460.0,994.5769230769231,14.538461538461538,1.7814167574971723e76,1.9230769230769231,0.0015910800005547287,6.683299399864858e-6,0.016327234540403968,-0.9998754934347219,0.00650215789432358,0.009121431252312915,0.02962919380877952,6.683299399864858e-6,-0.9998079815461697,4.0
1660.208932876587,1465.0,999.5769230769231,14.538461538461538,1.7814167574971723e76,1.9230769230769231,0.0015910800005547287,6.683299399864858e-6,0.016327234540403968,-0.9998754934347219,0.00650215789432358,0.009121431252312915,0.02962919380877952,6.683299399864858e-6,-0.9998079815461697,4.0
1666.1423189640045,1470.0,1004.5769230769231,14.538461538461538,1.7814167574971723e76,1.9230769230769231,0.0015910800005547287,6.683299399864858e-6,0.016327234540403968,-0.9998754934347219,0.00650215789432358,0.009121431252312915,0.02962919380877952,6.683299399864858e-6,-0.9998079815461697,4.0
1671.931872844696,1475.0,1009.5769230769231,14.538461538461538,1.7814167574971723e76,1.9230769230769231,0.0015910800005547287,6.683299399864858e-6,0.016327234540403968,-0.9998754934347219,0.00650215789432358,0.009121431252312915,0.02962919380877952,6.683299399864858e-6,-0.9998079815461697,4.0
1677.7049369812012,1480.0,1014.5769230769231,14.538461538461538,1.7814167574971723e76,1.9230769230769231,0.0015910800005547287,6.683299399864858e-6,0.016327234540403968,-0.9998754934347219,0.00650215789432358,0.009121431252312915,0.02962919380877952,6.683299399864858e-6,-0.9998079815461697,4.0
1683.5745558738708,1485.0,995.5384615384615,14.538461538461538,1.7814167574971723e76,1.9230769230769231,0.0015910800005547287,6.683299399864858e-6,0.016327234540403968,-0.9998754934347219,0.00650215789432358,0.009121431252312915,0.02962919380877952,6.683299399864858e-6,-0.9998079815461697,4.0
1689.4311678409576,1490.0,1000.5384615384615,14.538461538461538,1.7814167574971723e76,1.9230769230769231,0.0015910800005547287,6.683299399864858e-6,0.016327234540403968,-0.9998754934347219,0.00650215789432358,0.009121431252312915,0.02962919380877952,6.683299399864858e-6,-0.9998079815461697,4.0
1695.373132944107,1495.0,1005.5384615384615,14.538461538461538,1.7814167574971723e76,1.9230769230769231,0.0015910800005547287,6.683299399864858e-6,0.016327234540403968,-0.9998754934347219,0.00650215789432358,0.009121431252312915,0.02962919380877952,6.683299399864858e-6,-0.9998079815461697,4.0
1701.142189025879,1500.0,1010.5384615384615,14.538461538461538,1.7814167574971723e76,1.9230769230769231,0.0015910800005547287,6.683299399864858e-6,0.016327234540403968,-0.9998754934347219,0.00650215789432358,0.009121431252312915,0.02962919380877952,6.683299399864858e-6,-0.9998079815461697,4.0
1707.1362068653107,1505.0,1015.5384615384615,14.538461538461538,1.7814167574971723e76,1.9230769230769231,0.0015910800005547287,6.683299399864858e-6,0.016327234540403968,-0.9998754934347219,0.00650215789432358,0.009121431252312915,0.02962919380877952,6.683299399864858e-6,-0.9998079815461697,4.0
1713.0778279304504,1510.0,1020.5384615384615,14.538461538461538,1.7814167574971723e76,1.9230769230769231,0.0015910800005547287,6.683299399864858e-6,0.016327234540403968,-0.9998754934347219,0.00650215789432358,0.009121431252312915,0.02962919380877952,6.683299399864858e-6,-0.9998079815461697,4.0
1718.9617969989777,1515.0,1025.5384615384614,14.538461538461538,1.7814167574971723e76,1.9230769230769231,0.0015910800005547287,6.683299399864858e-6,0.016327234540403968,-0.9998754934347219,0.00650215789432358,0.009121431252312915,0.02962919380877952,6.683299399864858e-6,-0.9998079815461697,4.0
1724.8422420024872,1520.0,1030.5384615384614,14.538461538461538,1.7814167574971723e76,1.9230769230769231,0.0015910800005547287,6.683299399864858e-6,0.016327234540403968,-0.9998754934347219,0.00650215789432358,0.009121431252312915,0.02962919380877952,6.683299399864858e-6,-0.9998079815461697,4.0
1730.7699840068817,1525.0,1035.5384615384614,14.538461538461538,1.7814167574971723e76,1.9230769230769231,0.0015910800005547287,6.683299399864858e-6,0.016327234540403968,-0.9998754934347219,0.00650215789432358,0.009121431252312915,0.02962919380877952,6.683299399864858e-6,-0.9998079815461697,4.0
1736.762228012085,1530.0,1040.5384615384614,14.538461538461538,1.7814167574971723e76,1.9230769230769231,0.0015910800005547287,6.683299399864858e-6,0.016327234540403968,-0.9998754934347219,0.00650215789432358,0.009121431252312915,0.02962919380877952,6.683299399864858e-6,-0.9998079815461697,4.0
1742.8802950382233,1535.0,1045.5384615384614,14.538461538461538,1.7814167574971723e76,1.9230769230769231,0.0015910800005547287,6.683299399864858e-6,0.016327234540403968,-0.9998754934347219,0.00650215789432358,0.009121431252312915,0.02962919380877952,6.683299399864858e-6,-0.9998079815461697,4.0
1748.8775479793549,1540.0,1050.5384615384614,14.538461538461538,1.7814167574971723e76,1.9230769230769231,0.0015910800005547287,6.683299399864858e-6,0.016327234540403968,-0.9998754934347219,0.00650215789432358,0.009121431252312915,0.02962919380877952,6.683299399864858e-6,-0.9998079815461697,4.0
1754.770367860794,1545.0,1055.5384615384614,14.538461538461538,1.7814167574971723e76,1.9230769230769231,0.0015910800005547287,6.683299399864858e-6,0.016327234540403968,-0.9998754934347219,0.00650215789432358,0.009121431252312915,0.02962919380877952,6.683299399864858e-6,-0.9998079815461697,4.0
1760.7284178733826,1550.0,1060.5384615384614,14.538461538461538,1.7814167574971723e76,1.9230769230769231,0.0015910800005547287,6.683299399864858e-6,0.016327234540403968,-0.9998754934347219,0.00650215789432358,0.009121431252312915,0.02962919380877952,6.683299399864858e-6,-0.9998079815461697,4.0
1766.670763015747,1555.0,1065.5384615384614,14.538461538461538,1.7814167574971723e76,1.9230769230769231,0.0015910800005547287,6.683299399864858e-6,0.016327234540403968,-0.9998754934347219,0.00650215789432358,0.009121431252312915,0.02962919380877952,6.683299399864858e-6,-0.9998079815461697,4.0
1772.5417058467865,1560.0,1070.5384615384614,14.538461538461538,1.7814167574971723e76,1.9230769230769231,0.0015910800005547287,6.683299399864858e-6,0.016327234540403968,-0.9998754934347219,0.00650215789432358,0.009121431252312915,0.02962919380877952,6.683299399864858e-6,-0.9998079815461697,4.0
1778.5137269496918,1565.0,1056.423076923077,14.538461538461538,1.7814167574971723e76,1.9230769230769231,0.0015910800005547287,6.683299399864858e-6,0.016327234540403968,-0.9998754934347219,0.00650215789432358,0.009121431252312915,0.02962919380877952,6.683299399864858e-6,-0.9998079815461697,4.0
1784.4060218334198,1570.0,1061.423076923077,14.538461538461538,1.7814167574971723e76,1.9230769230769231,0.0015910800005547287,6.683299399864858e-6,0.016327234540403968,-0.9998754934347219,0.00650215789432358,0.009121431252312915,0.02962919380877952,6.683299399864858e-6,-0.9998079815461697,4.0
1790.2891929149628,1575.0,1066.423076923077,14.538461538461538,1.7814167574971723e76,1.9230769230769231,0.0015910800005547287,6.683299399864858e-6,0.016327234540403968,-0.9998754934347219,0.00650215789432358,0.009121431252312915,0.02962919380877952,6.683299399864858e-6,-0.9998079815461697,4.0
1796.3144190311432,1580.0,1071.423076923077,14.538461538461538,1.7814167574971723e76,1.9230769230769231,0.0015910800005547287,6.683299399864858e-6,0.016327234540403968,-0.9998754934347219,0.00650215789432358,0.009121431252312915,0.02962919380877952,6.683299399864858e-6,-0.9998079815461697,4.0
