time,generation,mean age hall_of_fame,mean compl,mean recursive_compl,mean n_params,min mae,min mse,min max_ae,min minus_r2,min mare,min q75_are,min max_are,min ms_processed_e,min minus_spearman,max penalty
10.978414058685303,1.0,0.0,6.8,39577.6,0.8,0.33569596414049496,0.16849599753300612,0.8023275238201029,-0.9011767280389131,1.0,1.0,1.0,0.16849599753300612,-1.0,0.0
16.999996185302734,13.0,5.0,11.363636363636363,81.0,2.0,0.04617047852433079,0.004757704067317309,0.1324433593702683,-0.9972095961338027,0.10183074896619751,0.0821061849203594,0.4765189509804532,0.004757704067317309,-1.0,0.0
22.901376008987427,34.0,12.444444444444445,12.38888888888889,74.72222222222223,2.4444444444444446,0.04234707780346156,0.004611361662189563,0.13578542907069435,-0.9972954262752489,0.05116275136822047,0.0835577764740379,0.16201269774943766,0.004611361662189563,-1.0,0.0
28.102415084838867,53.0,20.85,11.55,101.1,2.5,0.04333907421180298,0.004213410619968045,0.10553636284703405,-0.9975288254339735,0.07165131354366942,0.08469941170530325,0.15887850400268477,0.004213410619968045,-1.0,0.0
33.197914123535156,67.0,27.272727272727273,12.136363636363637,850.4545454545455,2.590909090909091,0.04312378028798322,0.004166697215248893,0.1055363676215566,-0.997556222948255,0.06766805843291929,0.0843563781474502,0.1588795627906792,0.004166697215248893,-1.0,0.0
38.4354190826416,84.0,32.91304347826087,12.91304347826087,152.0,2.782608695652174,0.04333906772600163,0.003971538287287336,0.10553633429976728,-0.9976706840873678,0.05511265525122658,0.07916999759548245,0.1588795627906792,0.003971538287287336,-1.0,0.0
43.61096715927124,102.0,33.035714285714285,13.357142857142858,4.788502832122356e152,2.7857142857142856,0.030135140596218708,0.0019884293307443606,0.08517136861571473,-0.9988337818381172,0.043542789612673986,0.06493254421157621,0.09829490005400172,0.0019884293307443606,-1.0,0.0
48.64692497253418,119.0,39.107142857142854,13.285714285714286,4.788502832122356e152,2.892857142857143,0.030132517443797337,0.0019884293306864404,0.08517121628555602,-0.9988337818381512,0.05226471840286712,0.07458295592916835,0.12311631660659725,0.0019884293306864404,-1.0,0.0
53.78074598312378,136.0,55.19230769230769,12.0,5.156849203824076e152,2.730769230769231,0.034690828242477496,0.001858171407736598,0.08048653735815181,-0.9989101783955366,0.05457795013159402,0.0517081915248424,0.15788013270283288,0.001858171407736598,-1.0,0.0
59.05583119392395,154.0,78.54545454545455,9.681818181818182,6.094458149973908e152,2.227272727272727,0.019972302619162094,0.0007371222684260623,0.056743204669547076,-0.9995676761735128,0.07663470483877305,0.030373755538429553,0.3560614901444435,0.0007371222684260623,-1.0,0.0
64.08584904670715,171.0,88.72727272727273,9.681818181818182,6.094458149973908e152,2.227272727272727,0.019972302619162094,0.0007371222684260623,0.056743204669547076,-0.9995676761735128,0.07663464812049439,0.030373755538429553,0.3560610318878691,0.0007371222684260623,-1.0,0.0
69.1319510936737,188.0,87.56521739130434,11.217391304347826,5.829481708670694e152,2.652173913043478,0.01930504004328079,0.0006402170082272054,0.048440062038556664,-0.999624511321073,0.05829282826230272,0.030373755531462654,0.313587069951999,0.0006402170082272054,-1.0,0.0
74.23982810974121,205.0,93.48,11.2,5.363123171977039e152,2.64,0.01930626485378277,0.0006402163871572417,0.04841402183005883,-0.999624511685332,0.05840284026529488,0.030152611669674707,0.3145449800199042,0.0006402163871572417,-1.0,0.0
79.38085198402405,222.0,101.76923076923077,11.884615384615385,5.156849203824076e152,2.769230769230769,0.01279061538949746,0.00034421397676641575,0.03383694851366137,-0.9997981177479772,0.0572844974066094,0.019811185772420054,0.30495531039308255,0.00034421397676641575,-1.0,0.0
84.64135599136353,240.0,108.22222222222223,12.407407407407407,4.965854788867628e152,2.888888888888889,0.012790615326128886,0.0003442139747112275,0.03383694843249874,-0.9997981177491826,0.05649233021852597,0.019811185696398954,0.2976029106528142,0.0003442139747112275,-1.0,0.0
89.69775319099426,257.0,100.34782608695652,12.391304347826088,5.829481708670694e152,2.8260869565217392,0.012790615254200319,0.00034421397236251777,0.033836948340218775,-0.99979811775056,0.06172777266110973,0.019811185611515843,0.3434400006944561,0.00034421397236251777,-1.0,0.0
94.76479697227478,274.0,102.2,13.52,5.363123171977039e152,3.08,0.012790615191103031,0.0003442139703074481,0.03383694825952155,-0.9997981177517654,0.04980007975652867,0.019811185537249133,0.13979450612862046,0.0003442139703074481,-1.0,0.0
99.83655214309692,291.0,108.12,13.52,5.363123171977039e152,3.08,0.01279061512796715,0.0003442139682524425,0.033836948178805226,-0.9997981177529707,0.04913816397693515,0.019811185462988566,0.13985659945567502,0.0003442139682524425,-1.0,0.0
104.91902208328247,308.0,116.26923076923077,14.076923076923077,5.156849203824076e152,3.230769230769231,0.013552463453625173,0.0003429739577439812,0.030991371332440565,-0.9997988450218525,0.04876081306732073,0.02057930868300451,0.13989177759808274,0.0003429739577439812,-1.0,0.0
110.04170298576355,325.0,120.72,13.52,5.363123171977039e152,3.08,0.01279054841712277,0.0003429522407540725,0.031000165087354592,-0.9997988577589146,0.04857451040987993,0.019811106894777053,0.13990908618423578,0.0003429522407540725,-1.0,0.0
115.06918501853943,342.0,125.68,13.52,5.363123171977039e152,3.08,0.012790548381562869,0.00034293398062143477,0.031007596841964524,-0.9997988684685225,0.040713899271543626,0.019811106852953488,0.11096150683242952,0.00034293398062143477,-1.0,0.0
120.32675409317017,360.0,142.17391304347825,12.956521739130435,5.829481708670694e152,2.9565217391304346,0.012790548311716311,0.00034292497054994714,0.0310112769759745,-0.9997988737529492,0.021467632871717542,0.019811106770619265,0.09260997184746624,0.00034292497054994714,-1.0,0.0
125.5317440032959,378.0,141.875,13.25,5.586586637476082e152,3.125,0.002050056218421867,9.40275327977004e-6,0.006680207967507968,-0.999994485264587,0.02146734499729773,0.006293722290755034,0.09261003619018554,9.40275327977004e-6,-1.0,0.0
130.71760296821594,396.0,162.6086956521739,12.043478260869565,5.829481708670694e152,2.782608695652174,0.002050056218421867,9.40275327977004e-6,0.006680207967507968,-0.999994485264587,0.021467262896686726,0.006293722290755034,0.09261006039138467,9.40275327977004e-6,-1.0,0.0
135.94607520103455,414.0,164.75,12.666666666666666,5.586586637476082e152,2.9166666666666665,0.002050056218421867,9.40275327977004e-6,0.006680207967507968,-0.999994485264587,0.021467219428454615,0.006293722290755034,0.09261007386529777,9.40275327977004e-6,-1.0,0.0
141.11419415473938,432.0,164.57692307692307,12.961538461538462,5.156849203824076e152,3.0,0.002050056218421867,9.40275327977004e-6,0.006680207967507968,-0.999994485264587,0.02146720889385079,0.006293722290755034,0.09261007718790164,9.40275327977004e-6,-1.0,0.0
146.30015110969543,450.0,173.0,12.961538461538462,5.156849203824076e152,3.0,0.002050056218421867,9.40275327977004e-6,0.006680207967507968,-0.999994485264587,0.02146720889385079,0.006293722290755034,0.09261007718790164,9.40275327977004e-6,-1.0,0.0
151.43467211723328,468.0,185.57692307692307,12.961538461538462,5.156849203824076e152,3.0,0.002050056218421867,9.40275327977004e-6,0.006680207967507968,-0.999994485264587,0.04171536646699278,0.006293722290755034,0.11097764652793962,9.40275327977004e-6,-1.0,0.0
156.72664999961853,486.0,199.73076923076923,12.923076923076923,5.156849203824076e152,3.0,0.002050056218421867,9.40275327977004e-6,0.006680207967507968,-0.999994485264587,0.04171536646699278,0.006293722290755034,0.11097764652793962,9.40275327977004e-6,-1.0,0.0
161.73203110694885,503.0,197.71428571428572,13.428571428571429,4.788502832122356e152,3.107142857142857,0.002050056218421867,9.40275327977004e-6,0.006680207967507968,-0.999994485264587,0.04171536646699278,0.006293722290755034,0.11097764652793962,9.40275327977004e-6,-1.0,0.0
166.81684613227844,520.0,223.92307692307693,12.923076923076923,5.156849203824076e152,3.0,0.002050056218421867,9.40275327977004e-6,0.006680207967507968,-0.999994485264587,0.04171536646699278,0.006293722290755034,0.11097764652793962,9.40275327977004e-6,-1.0,0.0
171.85755801200867,537.0,236.53846153846155,12.923076923076923,5.156849203824076e152,3.0,0.002050056218421867,9.40275327977004e-6,0.006680207967507968,-0.999994485264587,0.04171536646699278,0.006293722290755034,0.11097764652793962,9.40275327977004e-6,-1.0,0.0
177.0188431739807,554.0,251.3846153846154,12.923076923076923,5.156849203824076e152,3.0,0.002050056218421867,9.40275327977004e-6,0.006680207967507968,-0.999994485264587,0.04171536646699278,0.006293722290755034,0.11097764652793962,9.40275327977004e-6,-1.0,0.0
182.08317804336548,571.0,268.38461538461536,12.923076923076923,5.156849203824076e152,3.0,0.002050056218421867,9.40275327977004e-6,0.006680207967507968,-0.999994485264587,0.04171536646699278,0.006293722290755034,0.11097764652793962,9.40275327977004e-6,-1.0,0.0
187.1411051750183,588.0,285.38461538461536,12.923076923076923,5.156849203824076e152,3.0,0.002050056218421867,9.40275327977004e-6,0.006680207967507968,-0.999994485264587,0.04171536646699278,0.006293722290755034,0.11097764652793962,9.40275327977004e-6,-1.0,0.0
192.15544509887695,605.0,302.38461538461536,12.923076923076923,5.156849203824076e152,3.0,0.002050056218421867,9.40275327977004e-6,0.006680207967507968,-0.999994485264587,0.04171536646699278,0.006293722290755034,0.11097764652793962,9.40275327977004e-6,-1.0,0.0
197.21524310112,622.0,299.74074074074076,13.407407407407407,4.965854788867628e152,3.111111111111111,0.002050056218421867,9.40275327977004e-6,0.006680207967507968,-0.999994485264587,0.04171536646699278,0.006293722290755034,0.11097764652793962,9.40275327977004e-6,-1.0,0.0
202.22290015220642,639.0,320.2692307692308,13.115384615384615,5.156849203824076e152,3.0,0.002050056218421867,9.40275327977004e-6,0.006680207967507968,-0.999994485264587,0.04171536646699278,0.006293722290755034,0.11097764652793962,9.40275327977004e-6,-1.0,0.0
207.2331190109253,656.0,325.14814814814815,13.296296296296296,4.965854788867628e152,3.037037037037037,0.002050056218421867,9.40275327977004e-6,0.006680207967507968,-0.999994485264587,0.04171536646699278,0.006293722290755034,0.11097764652793962,9.40275327977004e-6,-1.0,0.0
212.375892162323,674.0,343.14814814814815,13.296296296296296,4.965854788867628e152,3.037037037037037,0.002050056218421867,9.40275327977004e-6,0.006680207967507968,-0.999994485264587,0.04171536646699278,0.006293722290755034,0.11097764652793962,9.40275327977004e-6,-1.0,0.0
217.5886800289154,692.0,350.1111111111111,13.296296296296296,4.965854788867628e152,3.037037037037037,0.002050056218421867,9.40275327977004e-6,0.006680207967507968,-0.999994485264587,0.04171536646699278,0.006293722290755034,0.11097764652793962,9.40275327977004e-6,-1.0,0.0
222.77158498764038,710.0,356.0740740740741,13.296296296296296,4.965854788867628e152,3.037037037037037,0.002050056218421867,9.40275327977004e-6,0.006680207967507968,-0.999994485264587,0.04171536646699278,0.006293722290755034,0.11097764652793962,9.40275327977004e-6,-1.0,0.0
227.91150999069214,728.0,350.55555555555554,13.296296296296296,4.965854788867628e152,3.037037037037037,0.002050056218421867,9.40275327977004e-6,0.006680207967507968,-0.999994485264587,0.04171536655366096,0.006293722290755034,0.11097764666599409,9.40275327977004e-6,-1.0,0.0
233.13884806632996,746.0,344.0,13.25,4.788502832122356e152,3.0357142857142856,0.002050056218421867,9.40275327977004e-6,0.006680207967507968,-0.999994485264587,0.04171536655366096,0.006293722290755034,0.11097764666599409,9.40275327977004e-6,-1.0,0.0
238.39242815971375,764.0,360.5,12.23076923076923,5.156849203824076e152,2.769230769230769,0.002050056218421867,9.40275327977004e-6,0.006680207967507968,-0.999994485264587,0.04171536655366096,0.006293722290755034,0.11097764666599409,9.40275327977004e-6,-1.0,0.0
243.67089319229126,782.0,376.61538461538464,12.23076923076923,5.156849203824076e152,2.769230769230769,0.002050056218421867,9.40275327977004e-6,0.006680207967507968,-0.999994485264587,0.04171536655366096,0.006293722290755034,0.11097764666599409,9.40275327977004e-6,-1.0,0.0
248.9291889667511,800.0,379.3703703703704,12.296296296296296,4.965854788867628e152,2.7777777777777777,0.002050056218421867,9.40275327977004e-6,0.006680207967507968,-0.999994485264587,0.04171536655366096,0.006293722290755034,0.11097764666599409,9.40275327977004e-6,-1.0,0.0
254.0969500541687,818.0,372.5769230769231,12.23076923076923,5.156849203824076e152,2.769230769230769,0.002050056199744115,9.402753279769859e-6,0.006680208005134329,-0.999994485264587,0.04171536655366096,0.006293722317200615,0.11097764666599409,9.402753279769859e-6,-1.0,0.0
259.3285160064697,836.0,386.0,12.23076923076923,5.156849203824076e152,2.769230769230769,0.002050056199744115,9.402753279769859e-6,0.006680208005134329,-0.999994485264587,0.04171536655366096,0.006293722317200615,0.11097764666599409,9.402753279769859e-6,-1.0,0.0
264.6125190258026,854.0,403.2307692307692,12.23076923076923,5.156849203824076e152,2.769230769230769,0.002050056199744115,9.402753279769859e-6,0.006680208005134329,-0.999994485264587,0.04171536655366096,0.006293722317200615,0.11097764666599409,9.402753279769859e-6,-1.0,0.0
269.8783149719238,872.0,401.037037037037,12.88888888888889,4.965854788867628e152,2.925925925925926,0.000753191031970249,1.2182628808735655e-6,0.002374529514630042,-0.9999992854861495,0.02076390383965146,0.0022024563750095835,0.11097764666599409,1.2182628808735655e-6,-1.0,0.0
274.89739298820496,889.0,408.2962962962963,12.88888888888889,4.965854788867628e152,2.925925925925926,0.000753191031970249,1.2182628808735655e-6,0.002374529514630042,-0.9999992854861495,0.02076390383965146,0.0022024563750095835,0.11097764666599409,1.2182628808735655e-6,-1.0,0.0
279.9621880054474,906.0,423.2962962962963,12.88888888888889,4.965854788867628e152,2.925925925925926,0.0007531910216097045,1.2182628808735485e-6,0.002374529532474778,-0.9999992854861495,0.020763903984536813,0.002202456390810822,0.11097764666599409,1.2182628808735485e-6,-1.0,0.0
285.23531317710876,924.0,431.8888888888889,12.88888888888889,4.965854788867628e152,2.925925925925926,0.0007531910216097045,1.2182628808735485e-6,0.002374529532474778,-0.9999992854861495,0.020763903984536813,0.002202456390810822,0.11097764666599409,1.2182628808735485e-6,-1.0,0.0
290.5148561000824,942.0,441.0,12.88888888888889,4.965854788867628e152,2.925925925925926,0.000753191025744633,1.2182628808735255e-6,0.002374529523867108,-0.9999992854861495,0.020763903914670357,0.0022024563836360953,0.11097764666599409,1.2182628808735255e-6,-1.0,0.0
295.58162903785706,959.0,440.92857142857144,13.285714285714286,4.788502832122356e152,3.0357142857142856,0.000753191025744633,1.2182628808735255e-6,0.002374529523867108,-0.9999992854861495,0.020763903914670357,0.0022024563836360953,0.11097764666599409,1.2182628808735255e-6,-1.0,0.0
300.6038980484009,976.0,415.65384615384613,13.615384615384615,5.156849203824076e152,3.1153846153846154,0.000753191025744633,1.2182628808735255e-6,0.002374529523867108,-0.9999992854861495,0.020763903914670357,0.0022024563836360953,0.11097764666599409,1.2182628808735255e-6,-1.0,0.0
305.649286031723,993.0,431.34615384615387,13.615384615384615,5.156849203824076e152,3.1153846153846154,0.000753191025744633,1.2182628808735255e-6,0.002374529523867108,-0.9999992854861495,0.020763903914670357,0.0022024563836360953,0.11097764666599409,1.2182628808735255e-6,-1.0,0.0
310.75660514831543,1010.0,448.34615384615387,13.615384615384615,5.156849203824076e152,3.1153846153846154,0.000753191025744633,1.2182628808735255e-6,0.002374529523867108,-0.9999992854861495,0.020763903914670357,0.0022024563836360953,0.11097764666599409,1.2182628808735255e-6,-1.0,0.0
315.81048703193665,1027.0,465.34615384615387,13.615384615384615,5.156849203824076e152,3.1153846153846154,0.000753191025744633,1.2182628808735255e-6,0.002374529523867108,-0.9999992854861495,0.020763903914670357,0.0022024563836360953,0.11097764666599409,1.2182628808735255e-6,-1.0,0.0
320.86921310424805,1044.0,479.88461538461536,13.615384615384615,5.156849203824076e152,3.1153846153846154,0.000753191025744633,1.2182628808735255e-6,0.002374529523867108,-0.9999992854861495,0.020763903914670357,0.0022024563836360953,0.11097764666599409,1.2182628808735255e-6,-1.0,0.0
326.06784415245056,1062.0,492.6923076923077,13.615384615384615,5.156849203824076e152,3.1538461538461537,0.000753191025744633,1.2182628808735255e-6,0.002374529523867108,-0.9999992854861495,0.020763903914670357,0.0022024563836360953,0.11097764666599409,1.2182628808735255e-6,-1.0,0.0
331.30347299575806,1080.0,502.5769230769231,13.615384615384615,5.156849203824076e152,3.1538461538461537,0.000753191025744633,1.2182628808735255e-6,0.002374529523867108,-0.9999992854861495,0.020763903914670357,0.0022024563836360953,0.11097764666599409,1.2182628808735255e-6,-1.0,0.0
336.51110005378723,1098.0,500.77777777777777,14.11111111111111,4.965854788867628e152,3.259259259259259,0.000753191025744633,1.2182628808735255e-6,0.002374529523867108,-0.9999992854861495,0.020763903914670357,0.0022024563836360953,0.11097764666599409,1.2182628808735255e-6,-1.0,0.0
341.5219039916992,1115.0,514.2222222222222,14.11111111111111,4.965854788867628e152,3.259259259259259,0.000753191025744633,1.2182628808735255e-6,0.002374529523867108,-0.9999992854861495,0.020763903914670357,0.0022024563836360953,0.11097764666599409,1.2182628808735255e-6,-1.0,0.0
346.72857117652893,1133.0,531.6296296296297,14.11111111111111,4.965854788867628e152,3.259259259259259,0.000753191025744633,1.2182628808735255e-6,0.002374529523867108,-0.9999992854861495,0.020763903914670357,0.0022024563836360953,0.11097764666599409,1.2182628808735255e-6,-1.0,0.0
351.9140021800995,1151.0,529.7142857142857,14.642857142857142,4.788502832122356e152,3.392857142857143,0.000753191025744633,1.2182628808735255e-6,0.002374529523867108,-0.9999992854861495,0.020763903914670357,0.0022024563836360953,0.11097764666599409,1.2182628808735255e-6,-1.0,0.0
357.1918480396271,1165.0,535.3214285714286,14.642857142857142,4.788502832122356e152,3.392857142857143,0.0007531910312720002,1.2182628808734871e-6,0.002374529516077426,-0.9999992854861495,0.020763903851400443,0.0022024563762185175,0.11097764666599409,1.2182628808734871e-6,-1.0,0.0
362.26211619377136,1182.0,550.6785714285714,14.642857142857142,4.788502832122356e152,3.392857142857143,0.0007531910312720002,1.2182628808734871e-6,0.002374529516077426,-0.9999992854861495,0.020763903851400443,0.0022024563762185175,0.11097764666599409,1.2182628808734871e-6,-1.0,0.0
367.3851230144501,1199.0,517.1785714285714,14.642857142857142,4.788502832122356e152,3.392857142857143,0.0007531910312720002,1.2182628808734871e-6,0.002374529516077426,-0.9999992854861495,0.020763903851400443,0.0022024563762185175,0.1109776465262655,1.2182628808734871e-6,-1.0,0.0
372.4734721183777,1216.0,514.6206896551724,14.448275862068966,4.623382044807792e152,3.3448275862068964,0.0007531910312720002,1.2182628808734871e-6,0.002374529516077426,-0.9999992854861495,0.020763903851400443,0.0022024563762185175,0.1109776465262655,1.2182628808734871e-6,-1.0,0.0
377.49392199516296,1233.0,487.5,14.266666666666667,4.469269309980866e152,3.3,0.0007531910312720002,1.2182628808734871e-6,0.002374529516077426,-0.9999992854861495,0.020763903851400443,0.0022024563762185175,0.1109776465262655,1.2182628808734871e-6,-1.0,0.0
382.60889410972595,1250.0,511.17857142857144,14.642857142857142,4.788502832122356e152,3.392857142857143,0.0007531910312720002,1.2182628808734871e-6,0.002374529516077426,-0.9999992854861495,0.020763903851400443,0.0022024563762185175,0.1109776465262655,1.2182628808734871e-6,-1.0,0.0
387.70646119117737,1267.0,511.85714285714283,14.642857142857142,4.788502832122356e152,3.392857142857143,0.0007531910312720002,1.2182628808734871e-6,0.002374529516077426,-0.9999992854861495,0.020763903851400443,0.0022024563762185175,0.1109776465262655,1.2182628808734871e-6,-1.0,0.0
393.00892400741577,1285.0,512.7142857142857,14.642857142857142,4.788502832122356e152,3.392857142857143,0.0007531910312720002,1.2182628808734871e-6,0.002374529516077426,-0.9999992854861495,0.019775528562128584,0.0022024563762185175,0.1109776465262655,1.2182628808734871e-6,-1.0,0.0
398.03206515312195,1302.0,528.5,14.642857142857142,4.788502832122356e152,3.392857142857143,0.0007531910312720002,1.2182628808734871e-6,0.002374529516077426,-0.9999992854861495,0.019775528562128584,0.0022024563762185175,0.1109776465262655,1.2182628808734871e-6,-1.0,0.0
403.3233301639557,1320.0,545.5714285714286,14.642857142857142,4.788502832122356e152,3.392857142857143,0.0007531910312720002,1.2182628808734871e-6,0.002374529516077426,-0.9999992854861495,0.019775528562128584,0.0022024563762185175,0.1109776465262655,1.2182628808734871e-6,-1.0,0.0
408.6058750152588,1338.0,514.5357142857143,14.642857142857142,4.788502832122356e152,3.392857142857143,0.0007531910312720002,1.2182628808734871e-6,0.002374529516077426,-0.9999992854861495,0.019775528562128584,0.0022024563762185175,0.1109776465262655,1.2182628808734871e-6,-1.0,0.0
413.63187313079834,1355.0,523.8571428571429,14.642857142857142,4.788502832122356e152,3.392857142857143,0.0007531910330770975,1.2182628808734848e-6,0.0023745295127386486,-0.9999992854861495,0.019775528562128584,0.002202456373238013,0.1109776465262655,1.2182628808734848e-6,-1.0,0.0
418.88076519966125,1373.0,514.7142857142857,14.642857142857142,4.788502832122356e152,3.392857142857143,0.0007531910330770975,1.2182628808734848e-6,0.0023745295127386486,-0.9999992854861495,0.019775528562128584,0.002202456373238013,0.1109776465262655,1.2182628808734848e-6,-1.0,0.0
424.0916771888733,1391.0,509.0357142857143,14.642857142857142,4.788502832122356e152,3.392857142857143,0.0007531910330770975,1.2182628808734848e-6,0.0023745295127386486,-0.9999992854861495,0.019775528562128584,0.002202456373238013,0.11097764653114013,1.2182628808734848e-6,-1.0,0.0
429.34630012512207,1409.0,518.7142857142857,14.642857142857142,4.788502832122356e152,3.392857142857143,0.0007531910265067851,1.2182628808734837e-6,0.0023745295223080044,-0.9999992854861495,0.019775528562128584,0.002202456382320672,0.11097764653114013,1.2182628808734837e-6,-1.0,0.0
434.4990541934967,1427.0,535.3214285714286,14.642857142857142,4.788502832122356e152,3.392857142857143,0.0007531910265067851,1.2182628808734837e-6,0.0023745295223080044,-0.9999992854861495,0.019775528562128584,0.002202456382320672,0.11097764653114013,1.2182628808734837e-6,-1.0,0.0
439.5336129665375,1444.0,532.2068965517242,14.862068965517242,6.198941844352813e306,3.413793103448276,0.0007531910465541282,1.2182628808734645e-6,0.0023745294878282867,-0.9999992854861495,0.019775528562128584,0.0022024563509826208,0.11097764653114013,1.2182628808734645e-6,-1.0,0.0
444.5936481952667,1461.0,510.46666666666664,14.933333333333334,5.992310449541053e306,3.433333333333333,0.0007531910465541282,1.2182628808734645e-6,0.0023745294878282867,-0.9999992854861495,0.019775528562128584,0.0022024563509826208,0.11097764653114013,1.2182628808734645e-6,-1.0,0.0
449.6850531101227,1478.0,522.3333333333334,14.933333333333334,5.992310449541053e306,3.433333333333333,0.0007531910465541282,1.2182628808734645e-6,0.0023745294878282867,-0.9999992854861495,0.019775528562128584,0.0022024563509826208,0.11097764653114013,1.2182628808734645e-6,-1.0,0.0
454.76865220069885,1495.0,538.7666666666667,14.933333333333334,5.992310449541053e306,3.433333333333333,0.0007531910465541282,1.2182628808734645e-6,0.0023745294878282867,-0.9999992854861495,0.019775528562128584,0.0022024563509826208,0.11097764653114013,1.2182628808734645e-6,-1.0,0.0
459.9654850959778,1512.0,547.6333333333333,14.933333333333334,5.992310449541053e306,3.433333333333333,0.0007531910465541282,1.2182628808734645e-6,0.0023745294878282867,-0.9999992854861495,0.020763903621329995,0.0022024563509826208,0.11097764653114013,1.2182628808734645e-6,-1.0,0.0
465.0927720069885,1529.0,554.3,14.933333333333334,5.992310449541053e306,3.433333333333333,0.0007531910465541282,1.2182628808734645e-6,0.0023745294878282867,-0.9999992854861495,0.020763903621329995,0.0022024563509826208,0.11097764653114013,1.2182628808734645e-6,-1.0,0.0
470.10700702667236,1546.0,559.2666666666667,14.933333333333334,5.992310449541053e306,3.433333333333333,0.0007531910465541282,1.2182628808734645e-6,0.0023745294878282867,-0.9999992854861495,0.020763903621329995,0.0022024563509826208,0.11097764653114013,1.2182628808734645e-6,-1.0,0.0
475.3803081512451,1564.0,572.4666666666667,14.933333333333334,5.992310449541053e306,3.433333333333333,0.0007531910124624573,1.2182628808734573e-6,0.0023745295510871536,-0.9999992854861495,0.020763904135753887,0.002202456406578585,0.11097764653114013,1.2182628808734573e-6,-1.0,0.0
480.6079361438751,1582.0,589.8333333333334,14.933333333333334,5.992310449541053e306,3.433333333333333,0.0007531910124624573,1.2182628808734573e-6,0.0023745295510871536,-0.9999992854861495,0.020763904135753887,0.002202456406578585,0.11097764653114013,1.2182628808734573e-6,-1.0,0.0
485.640114068985,1599.0,600.0333333333333,14.933333333333334,5.992310449541053e306,3.433333333333333,0.0007531910124624573,1.2182628808734573e-6,0.0023745295510871536,-0.9999992854861495,0.020763904135753887,0.002202456406578585,0.11097764653114013,1.2182628808734573e-6,-1.0,0.0
490.709575176239,1616.0,611.7666666666667,14.933333333333334,5.992310449541053e306,3.433333333333333,0.0007531910254348414,1.2182628808734526e-6,0.0023745295511386436,-0.9999992854861495,0.02076390413768081,0.002202456407805162,0.11097764653114013,1.2182628808734526e-6,-1.0,0.0
495.9907920360565,1634.0,629.1666666666666,14.933333333333334,5.992310449541053e306,3.433333333333333,0.0007531910254348414,1.2182628808734526e-6,0.0023745295511386436,-0.9999992854861495,0.02076390413768081,0.002202456407805162,0.11097764653114013,1.2182628808734526e-6,-1.0,0.0
501.1952910423279,1652.0,646.6333333333333,14.933333333333334,5.992310449541053e306,3.433333333333333,0.0007531910254348414,1.2182628808734526e-6,0.0023745295511386436,-0.9999992854861495,0.02076390413768081,0.002202456407805162,0.11097764653114013,1.2182628808734526e-6,-1.0,0.0
506.3388121128082,1670.0,641.3333333333334,14.933333333333334,5.992310449541053e306,3.433333333333333,0.00012786726381548903,3.691989619586508e-8,0.00039721675383632034,-0.9999999783464,0.0034865677142217983,0.0004146824935942607,0.026892938682554702,3.691989619586508e-8,-1.0,0.0
511.367947101593,1687.0,657.0666666666667,14.933333333333334,5.992310449541053e306,3.433333333333333,0.00012786726381548903,3.691989619586508e-8,0.00039721675383632034,-0.9999999783464,0.0034865677142217983,0.0004146824935942607,0.026892938682554702,3.691989619586508e-8,-1.0,0.0
516.6106300354004,1705.0,673.3793103448276,14.96551724137931,Inf,3.4482758620689653,0.00012786726381548903,3.691989619586508e-8,0.00039721675383632034,-0.9999999783464,0.0034865677142217983,0.0004146824935942607,0.026892938682554702,3.691989619586508e-8,-1.0,0.0
521.8686091899872,1723.0,687.8965517241379,14.96551724137931,Inf,3.4482758620689653,0.00012786726373381478,3.691989619583628e-8,0.0003972167538671568,-0.9999999783464,0.0034865677144264758,0.00041468249350819366,0.026892938684642435,3.691989619583628e-8,-1.0,0.0
527.0232741832733,1741.0,683.551724137931,14.96551724137931,Inf,3.4482758620689653,0.00012786726373381478,3.691989619583628e-8,0.0003972167538671568,-0.9999999783464,0.0034865677144264758,0.00041468249350819366,0.026892938684642435,3.691989619583628e-8,-1.0,0.0
532.2708721160889,1759.0,699.9310344827586,14.96551724137931,Inf,3.4482758620689653,0.00012786726373381478,3.691989619583628e-8,0.0003972167538671568,-0.9999999783464,0.0034865677144264758,0.00041468249350819366,0.026892938684642435,3.691989619583628e-8,-1.0,0.0
537.4199740886688,1777.0,714.2758620689655,14.96551724137931,Inf,3.4482758620689653,0.00012786726373381478,3.691989619583628e-8,0.0003972167538671568,-0.9999999783464,0.0034865677144264758,0.00041468249350819366,0.026892938684642435,3.691989619583628e-8,-1.0,0.0
542.6624920368195,1795.0,728.7931034482758,14.96551724137931,Inf,3.4482758620689653,0.00012786726373381478,3.691989619583628e-8,0.0003972167538671568,-0.9999999783464,0.0034865677144264758,0.00041468249350819366,0.026892938684642435,3.691989619583628e-8,-1.0,0.0
547.8878409862518,1813.0,736.9310344827586,14.96551724137931,Inf,3.4482758620689653,0.00012786726373381478,3.691989619583628e-8,0.0003972167538671568,-0.9999999783464,0.0034865677144264758,0.00041468249350819366,0.026892938684642435,3.691989619583628e-8,-1.0,0.0
552.8957271575928,1830.0,727.7333333333333,15.3,Inf,3.533333333333333,0.00012786726373381478,3.691989619583628e-8,0.0003972167538671568,-0.9999999783464,0.0034865677144264758,0.00041468249350819366,0.026892938684642435,3.691989619583628e-8,-1.0,0.0
558.1223411560059,1848.0,744.1333333333333,15.3,Inf,3.533333333333333,0.00012786726373381478,3.691989619583628e-8,0.0003972167538671568,-0.9999999783464,0.0034865677144264758,0.00041468249350819366,0.026892938684642435,3.691989619583628e-8,-1.0,0.0
563.2941360473633,1866.0,757.6333333333333,15.3,Inf,3.533333333333333,0.00012786726373381478,3.691989619583628e-8,0.0003972167538671568,-0.9999999783464,0.0034865677144264758,0.00041468249350819366,0.026892938684642435,3.691989619583628e-8,-1.0,0.0
568.4667611122131,1884.0,723.1,15.3,Inf,3.533333333333333,0.00012786726373381478,3.691989619583628e-8,0.0003972167538671568,-0.9999999783464,0.0034865677144264758,0.00041468249350819366,0.026892938684642435,3.691989619583628e-8,-1.0,0.0
573.6508450508118,1902.0,714.4666666666667,15.3,Inf,3.533333333333333,0.00012786726373381478,3.691989619583628e-8,0.0003972167538671568,-0.9999999783464,0.0034865677144264758,0.00041468249350819366,0.026892938684642435,3.691989619583628e-8,-1.0,0.0
578.7084140777588,1919.0,730.5666666666667,15.3,Inf,3.533333333333333,0.00012786726373381478,3.691989619583628e-8,0.0003972167538671568,-0.9999999783464,0.0034865677144264758,0.00041468249350819366,0.026892938684642435,3.691989619583628e-8,-1.0,0.0
583.7204720973969,1936.0,741.8666666666667,15.3,Inf,3.533333333333333,0.00012786726373381478,3.691989619583628e-8,0.0003972167538671568,-0.9999999783464,0.0034865677144264758,0.00041468249350819366,0.026892938684642435,3.691989619583628e-8,-1.0,0.0
589.002259016037,1954.0,734.6206896551724,15.10344827586207,6.198941844352813e306,3.5172413793103448,0.00012786726356450858,3.691989619583266e-8,0.00039721675355265315,-0.9999999783464,0.0034865677117463132,0.0004146824940432214,0.02689293866334946,3.691989619583266e-8,-1.0,0.0
594.2802910804749,1972.0,750.1034482758621,15.10344827586207,6.198941844352813e306,3.5172413793103448,0.00012786726356450858,3.691989619583266e-8,0.00039721675355265315,-0.9999999783464,0.0034865677117463132,0.0004146824940432214,0.02689293866334946,3.691989619583266e-8,-1.0,0.0
599.5528140068054,1990.0,766.2758620689655,15.10344827586207,6.198941844352813e306,3.5172413793103448,0.00012786726356450858,3.691989619583266e-8,0.00039721675355265315,-0.9999999783464,0.0034865677117463132,0.0004146824940432214,0.02689293866334946,3.691989619583266e-8,-1.0,0.0
604.8274581432343,2008.0,763.5862068965517,15.10344827586207,6.198941844352813e306,3.5172413793103448,0.00012786726356450858,3.691989619583266e-8,0.00039721675355265315,-0.9999999783464,0.0034865677117463132,0.0004146824940432214,0.02689293866334946,3.691989619583266e-8,-1.0,0.0
609.9000701904297,2025.0,776.7931034482758,15.10344827586207,6.198941844352813e306,3.5172413793103448,0.00012786726356450858,3.691989619583266e-8,0.00039721675355265315,-0.9999999783464,0.0034865677117463132,0.0004146824940432214,0.02689293866334946,3.691989619583266e-8,-1.0,0.0
615.187215089798,2043.0,788.2758620689655,15.10344827586207,6.198941844352813e306,3.5172413793103448,0.00012786726356450858,3.691989619583266e-8,0.00039721675355265315,-0.9999999783464,0.0034865677117463132,0.0004146824940432214,0.02689293866334946,3.691989619583266e-8,-1.0,0.0
620.4559240341187,2061.0,804.5862068965517,15.10344827586207,6.198941844352813e306,3.5172413793103448,0.00012786726356450858,3.691989619583266e-8,0.00039721675355265315,-0.9999999783464,0.0034865677117463132,0.0004146824940432214,0.02689293866334946,3.691989619583266e-8,-1.0,0.0
625.4991691112518,2078.0,819.7586206896551,15.10344827586207,6.198941844352813e306,3.5172413793103448,0.00012786726356450858,3.691989619583266e-8,0.00039721675355265315,-0.9999999783464,0.0034865677117463132,0.0004146824940432214,0.02689293866334946,3.691989619583266e-8,-1.0,0.0
630.6097881793976,2095.0,834.6896551724138,15.10344827586207,6.198941844352813e306,3.5172413793103448,0.00012786726356450858,3.691989619583266e-8,0.00039721675355265315,-0.9999999783464,0.0034865677117463132,0.0004146824940432214,0.02689293866334946,3.691989619583266e-8,-1.0,0.0
635.6764471530914,2112.0,843.7586206896551,15.10344827586207,6.198941844352813e306,3.5172413793103448,0.00012786726356450858,3.691989619583266e-8,0.00039721675355265315,-0.9999999783464,0.0034865677117463132,0.0004146824940432214,0.02689293866334946,3.691989619583266e-8,-1.0,0.0
640.8808450698853,2129.0,853.9310344827586,15.10344827586207,6.198941844352813e306,3.5172413793103448,0.00012786726356450858,3.691989619583266e-8,0.00039721675355265315,-0.9999999783464,0.0034865677117463132,0.0004146824940432214,0.02689293866334946,3.691989619583266e-8,-1.0,0.0
645.892678976059,2146.0,868.8965517241379,15.10344827586207,6.198941844352813e306,3.5172413793103448,0.00012786726356450858,3.691989619583266e-8,0.00039721675355265315,-0.9999999783464,0.0034865677117463132,0.0004146824940432214,0.02689293866334946,3.691989619583266e-8,-1.0,0.0
650.9810070991516,2163.0,862.5862068965517,15.10344827586207,6.198941844352813e306,3.4827586206896552,0.00012786726356450858,3.691989619583266e-8,0.00039721675355265315,-0.9999999783464,0.0034865677117463132,0.0004146824940432214,0.02689293866334946,3.691989619583266e-8,-1.0,0.0
656.0722320079803,2180.0,877.3448275862069,15.10344827586207,6.198941844352813e306,3.4827586206896552,0.00012786726356450858,3.691989619583266e-8,0.00039721675355265315,-0.9999999783464,0.0034865677117463132,0.0004146824940432214,0.02689293866334946,3.691989619583266e-8,-1.0,0.0
661.3060250282288,2197.0,871.1379310344828,15.10344827586207,6.198941844352813e306,3.4827586206896552,0.00012786726356450858,3.691989619583266e-8,0.00039721675355265315,-0.9999999783464,0.0034865677117463132,0.0004146824940432214,0.02689293866334946,3.691989619583266e-8,-1.0,0.0
666.5142731666565,2214.0,886.4137931034483,15.10344827586207,6.198941844352813e306,3.4827586206896552,0.00012786726356450858,3.691989619583266e-8,0.00039721675355265315,-0.9999999783464,0.0034865677117463132,0.0004146824940432214,0.02689293866334946,3.691989619583266e-8,-1.0,0.0
671.75776720047,2231.0,901.7241379310345,15.10344827586207,6.198941844352813e306,3.4482758620689653,0.00012786726356450858,3.691989619583266e-8,0.00039721675355265315,-0.9999999783464,0.0034865677117463132,0.0004146824940432214,0.02689293866334946,3.691989619583266e-8,-1.0,0.0
676.9480831623077,2248.0,884.2413793103449,15.10344827586207,6.198941844352813e306,3.4482758620689653,0.00012786726356450858,3.691989619583266e-8,0.00039721675355265315,-0.9999999783464,0.0034865677117463132,0.0004146824940432214,0.02689293866334946,3.691989619583266e-8,-1.0,0.0
682.1634349822998,2265.0,899.7931034482758,15.10344827586207,6.198941844352813e306,3.4482758620689653,0.00012786726356450858,3.691989619583266e-8,0.00039721675355265315,-0.9999999783464,0.0034865677117463132,0.0004146824940432214,0.02689293866334946,3.691989619583266e-8,-1.0,0.0
687.379762172699,2282.0,885.1,15.3,5.992310449541053e306,3.466666666666667,0.00012786726356450858,3.691989619583266e-8,0.00039721675355265315,-0.9999999783464,0.0034865677117463132,0.0004146824940432214,0.02689293866334946,3.691989619583266e-8,-1.0,0.0
692.6939380168915,2299.0,894.9666666666667,15.3,5.992310449541053e306,3.466666666666667,0.00012786726356450858,3.691989619583266e-8,0.00039721675355265315,-0.9999999783464,0.0034865677117463132,0.0004146824940432214,0.02689293866334946,3.691989619583266e-8,-1.0,0.0
697.9326710700989,2316.0,907.0666666666667,15.3,5.992310449541053e306,3.466666666666667,0.00012786726356450858,3.691989619583266e-8,0.00039721675355265315,-0.9999999783464,0.0034865677117463132,0.0004146824940432214,0.02689293866334946,3.691989619583266e-8,-1.0,0.0
703.1616439819336,2333.0,867.2,15.3,5.992310449541053e306,3.466666666666667,0.00012786726356450858,3.691989619583266e-8,0.00039721675355265315,-0.9999999783464,0.0034865677117463132,0.0004146824940432214,0.02689293866334946,3.691989619583266e-8,-1.0,0.0
708.1776521205902,2349.0,873.9333333333333,15.3,5.992310449541053e306,3.466666666666667,0.00012786726356450858,3.691989619583266e-8,0.00039721675355265315,-0.9999999783464,0.0034865677117463132,0.0004146824940432214,0.02689293866334946,3.691989619583266e-8,-1.0,0.0
713.4489781856537,2366.0,859.7741935483871,15.064516129032258,5.799010112459083e306,3.4193548387096775,0.00012786726356450858,3.691989619583266e-8,0.00039721675355265315,-0.9999999783464,0.0034865677117463132,0.0004146824940432214,0.02689293866334946,3.691989619583266e-8,-1.0,0.0
718.5380120277405,2382.0,851.9032258064516,15.064516129032258,5.799010112459083e306,3.4193548387096775,0.00012786726356450858,3.691989619583266e-8,0.00039721675355265315,-0.9999999783464,0.0034865677117463132,0.0004146824940432214,0.02689293866334946,3.691989619583266e-8,-1.0,0.0
723.8390350341797,2399.0,866.9354838709677,15.064516129032258,5.799010112459083e306,3.4193548387096775,0.00012786726356450858,3.691989619583266e-8,0.00039721675355265315,-0.9999999783464,0.0034865677117463132,0.0004146824940432214,0.02689293866334946,3.691989619583266e-8,-1.0,0.0
729.1511871814728,2416.0,864.8064516129032,15.064516129032258,5.799010112459083e306,3.4193548387096775,0.00012786726356450858,3.691989619583266e-8,0.00039721675355265315,-0.9999999783464,0.0034865677117463132,0.0004146824940432214,0.02689293866334946,3.691989619583266e-8,-1.0,0.0
734.2317640781403,2432.0,851.96875,15.03125,5.6177910464447366e306,3.40625,0.00012786726356450858,3.691989619583266e-8,0.00039721675355265315,-0.9999999783464,0.0034865677117463132,0.0004146824940432214,0.02689293866334946,3.691989619583266e-8,-1.0,0.0
739.2843441963196,2448.0,866.03125,15.03125,5.6177910464447366e306,3.40625,0.00012786726356450858,3.691989619583266e-8,0.00039721675355265315,-0.9999999783464,0.0034865677117463132,0.0004146824940432214,0.02689293866334946,3.691989619583266e-8,-1.0,0.0
744.3226811885834,2464.0,879.9375,15.03125,5.6177910464447366e306,3.40625,0.00012786726356450858,3.691989619583266e-8,0.00039721675355265315,-0.9999999783464,0.0034865677117463132,0.0004146824940432214,0.02689293866334946,3.691989619583266e-8,-1.0,0.0
749.3905000686646,2480.0,867.3636363636364,14.818181818181818,5.4475549541282296e306,3.3636363636363638,0.00012786726356450858,3.691989619583266e-8,0.00039721675355265315,-0.9999999783464,0.0034865677117463132,0.0004146824940432214,0.02689293866334946,3.691989619583266e-8,-1.0,0.0
754.5395550727844,2496.0,872.7878787878788,14.818181818181818,5.4475549541282296e306,3.3636363636363638,0.00012786726356450858,3.691989619583266e-8,0.00039721675355265315,-0.9999999783464,0.0034865677117463132,0.0004146824940432214,0.02689293866334946,3.691989619583266e-8,-1.0,0.0
759.6455950737,2512.0,887.5151515151515,14.818181818181818,5.4475549541282296e306,3.3636363636363638,0.00012786726356450858,3.691989619583266e-8,0.00039721675355265315,-0.9999999783464,0.0034865677117463132,0.0004146824940432214,0.02689293866334946,3.691989619583266e-8,-1.0,0.0
764.6771950721741,2528.0,901.8181818181819,14.818181818181818,5.4475549541282296e306,3.3636363636363638,0.00012786726356450858,3.691989619583266e-8,0.00039721675355265315,-0.9999999783464,0.0034865677117463132,0.0004146824940432214,0.02689293866334946,3.691989619583266e-8,-1.0,0.0
769.6815421581268,2544.0,912.060606060606,14.818181818181818,5.4475549541282296e306,3.3636363636363638,0.00012786726356450858,3.691989619583266e-8,0.00039721675355265315,-0.9999999783464,0.0034865677117463132,0.0004146824940432214,0.02689293866334946,3.691989619583266e-8,-1.0,0.0
774.7566001415253,2560.0,932.7333333333333,14.966666666666667,5.992310449541053e306,3.4,0.00012786726356450858,3.691989619583266e-8,0.00039721675355265315,-0.9999999783464,0.0034865677117463132,0.0004146824940432214,0.02689293866334946,3.691989619583266e-8,-1.0,0.0
780.0659930706024,2577.0,936.1333333333333,14.966666666666667,5.992310449541053e306,3.4,0.00012786726356450858,3.691989619583266e-8,0.00039721675355265315,-0.9999999783464,0.0034865677117463132,0.0004146824940432214,0.02689293866334946,3.691989619583266e-8,-1.0,0.0
785.3129420280457,2594.0,925.3,14.966666666666667,5.992310449541053e306,3.4,0.00012786726356450858,3.691989619583266e-8,0.00039721675355265315,-0.9999999783464,0.0034865677117463132,0.0004146824940432214,0.02689293866334946,3.691989619583266e-8,-1.0,0.0
790.4888021945953,2611.0,941.1666666666666,14.966666666666667,5.992310449541053e306,3.4,0.00012786726356450858,3.691989619583266e-8,0.00039721675355265315,-0.9999999783464,0.0034865677117463132,0.0004146824940432214,0.02689293866334946,3.691989619583266e-8,-1.0,0.0
795.6829860210419,2628.0,955.0333333333333,14.966666666666667,5.992310449541053e306,3.4,0.00012786726356450858,3.691989619583266e-8,0.00039721675355265315,-0.9999999783464,0.0034865677117463132,0.0004146824940432214,0.02689293866334946,3.691989619583266e-8,-1.0,0.0
800.9259040355682,2645.0,937.6451612903226,14.741935483870968,5.799010112459083e306,3.3548387096774195,0.00012786726356450858,3.691989619583266e-8,0.00039721675355265315,-0.9999999783464,0.0034865677117463132,0.0004146824940432214,0.02689293866334946,3.691989619583266e-8,-1.0,0.0
806.1105191707611,2662.0,951.6451612903226,14.741935483870968,5.799010112459083e306,3.3548387096774195,0.00012786726356450858,3.691989619583266e-8,0.00039721675355265315,-0.9999999783464,0.0034865677117463132,0.0004146824940432214,0.02689293866334946,3.691989619583266e-8,-1.0,0.0
811.1837990283966,2678.0,966.7741935483871,14.741935483870968,5.799010112459083e306,3.3548387096774195,0.00012786726356450858,3.691989619583266e-8,0.00039721675355265315,-0.9999999783464,0.0034865677117463132,0.0004146824940432214,0.02689293866334946,3.691989619583266e-8,-1.0,0.0
816.1840350627899,2694.0,971.2258064516129,14.741935483870968,5.799010112459083e306,3.3548387096774195,0.00012786726356450858,3.691989619583266e-8,0.00039721675355265315,-0.9999999783464,0.0034865677117463132,0.0004146824940432214,0.02689293866334946,3.691989619583266e-8,-1.0,0.0
821.2975280284882,2710.0,974.0322580645161,14.741935483870968,5.799010112459083e306,3.3548387096774195,0.00012786726356450858,3.691989619583266e-8,0.00039721675355265315,-0.9999999783464,0.0034865677117463132,0.0004146824940432214,0.02689293866334946,3.691989619583266e-8,-1.0,0.0
826.3612949848175,2726.0,986.8387096774194,14.741935483870968,5.799010112459083e306,3.3548387096774195,0.00012786726356450858,3.691989619583266e-8,0.00039721675355265315,-0.9999999783464,0.0034865677117463132,0.0004146824940432214,0.02689293866334946,3.691989619583266e-8,-1.0,0.0
831.3670961856842,2742.0,1001.8064516129032,14.741935483870968,5.799010112459083e306,3.3548387096774195,0.00012786726356450858,3.691989619583266e-8,0.00039721675355265315,-0.9999999783464,0.0034865677117463132,0.0004146824940432214,0.02689293866334946,3.691989619583266e-8,-1.0,0.0
836.6155281066895,2759.0,1017.483870967742,14.741935483870968,5.799010112459083e306,3.3548387096774195,0.00012786726356450858,3.691989619583266e-8,0.00039721675355265315,-0.9999999783464,0.0034865677117463132,0.0004146824940432214,0.02689293866334946,3.691989619583266e-8,-1.0,0.0
841.6271049976349,2775.0,1032.516129032258,14.741935483870968,5.799010112459083e306,3.3548387096774195,0.00012786726356450858,3.691989619583266e-8,0.00039721675355265315,-0.9999999783464,0.0034865677117463132,0.0004146824940432214,0.02689293866334946,3.691989619583266e-8,-1.0,0.0
846.7152240276337,2791.0,1047.4516129032259,14.741935483870968,5.799010112459083e306,3.3548387096774195,0.00012786726356450858,3.691989619583266e-8,0.00039721675355265315,-0.9999999783464,0.0034865677117463132,0.0004146824940432214,0.02689293866334946,3.691989619583266e-8,-1.0,0.0
851.7193250656128,2807.0,1062.4516129032259,14.741935483870968,5.799010112459083e306,3.3548387096774195,0.00012786726356450858,3.691989619583266e-8,0.00039721675355265315,-0.9999999783464,0.0034865677117463132,0.0004146824940432214,0.02689293866334946,3.691989619583266e-8,-1.0,0.0
856.9933621883392,2824.0,1063.741935483871,14.741935483870968,5.799010112459083e306,3.3548387096774195,0.00012786726356450858,3.691989619583266e-8,0.00039721675355265315,-0.9999999783464,0.0004755651931995117,0.0004146824940432214,0.001271048634309547,3.691989619583266e-8,-1.0,0.0
861.9977080821991,2840.0,1045.774193548387,14.741935483870968,5.799010112459083e306,3.3225806451612905,0.00012786726356450858,3.691989619583266e-8,0.00039721675355265315,-0.9999999783464,0.0004755651931995117,0.0004146824940432214,0.001271048634309547,3.691989619583266e-8,-1.0,0.0
867.0557641983032,2856.0,1061.1290322580646,14.741935483870968,5.799010112459083e306,3.3225806451612905,0.00012786726356450858,3.691989619583266e-8,0.00039721675355265315,-0.9999999783464,0.0004755651931995117,0.0004146824940432214,0.001271048634309547,3.691989619583266e-8,-1.0,0.0
872.2578401565552,2873.0,1106.9333333333334,14.5,5.992310449541053e306,3.2666666666666666,0.00012786726356450858,3.691989619583266e-8,0.00039721675355265315,-0.9999999783464,0.0004755651931995117,0.0004146824940432214,0.001271048634309547,3.691989619583266e-8,-1.0,0.0
877.2972371578217,2889.0,1119.7333333333333,14.5,5.992310449541053e306,3.2666666666666666,0.00012786726356450858,3.691989619583266e-8,0.00039721675355265315,-0.9999999783464,0.0004755651931995117,0.0004146824940432214,0.001271048634309547,3.691989619583266e-8,-1.0,0.0
882.3654971122742,2905.0,1135.1666666666667,14.5,5.992310449541053e306,3.2666666666666666,0.00012786726356450858,3.691989619583266e-8,0.00039721675355265315,-0.9999999783464,0.0004755651931995117,0.0004146824940432214,0.001271048634309547,3.691989619583266e-8,-1.0,0.0
887.5115060806274,2921.0,1150.7333333333333,14.5,5.992310449541053e306,3.2666666666666666,0.00012786726356450858,3.691989619583266e-8,0.00039721675355265315,-0.9999999783464,0.0004755651931995117,0.0004146824940432214,0.001271048634309547,3.691989619583266e-8,-1.0,0.0
892.5791041851044,2937.0,1166.2333333333333,14.5,5.992310449541053e306,3.2666666666666666,0.00012786726356450858,3.691989619583266e-8,0.00039721675355265315,-0.9999999783464,0.0004755651931995117,0.0004146824940432214,0.001271048634309547,3.691989619583266e-8,-1.0,0.0
897.7174201011658,2953.0,1143.4516129032259,14.806451612903226,5.799010112459083e306,3.3225806451612905,0.00012786726356450858,3.691989619583266e-8,0.00039721675355265315,-0.9999999783464,0.0004755651931995117,0.0004146824940432214,0.001271048634309547,3.691989619583266e-8,-1.0,0.0
902.7986841201782,2969.0,1158.5483870967741,14.806451612903226,5.799010112459083e306,3.3225806451612905,0.00012786726356450858,3.691989619583266e-8,0.00039721675355265315,-0.9999999783464,0.0004755651931995117,0.0004146824940432214,0.001271048634309547,3.691989619583266e-8,-1.0,0.0
907.870521068573,2985.0,1145.3225806451612,14.806451612903226,5.799010112459083e306,3.3225806451612905,0.00012786726356450858,3.691989619583266e-8,0.00039721675355265315,-0.9999999783464,0.0004755651931995117,0.0004146824940432214,0.001271048634309547,3.691989619583266e-8,-1.0,0.0
912.9499201774597,3001.0,1160.1935483870968,14.806451612903226,5.799010112459083e306,3.3225806451612905,0.00012786726356450858,3.691989619583266e-8,0.00039721675355265315,-0.9999999783464,0.0004755651931995117,0.0004146824940432214,0.001271048634309547,3.691989619583266e-8,-1.0,0.0
918.0886650085449,3017.0,1165.3870967741937,14.806451612903226,5.799010112459083e306,3.3225806451612905,0.00012786726356450858,3.691989619583266e-8,0.00039721675355265315,-0.9999999783464,0.0004755651931995117,0.0004146824940432214,0.001271048634309547,3.691989619583266e-8,-1.0,0.0
923.282811164856,3033.0,1180.483870967742,14.806451612903226,5.799010112459083e306,3.3225806451612905,0.00012786726356450858,3.691989619583266e-8,0.00039721675355265315,-0.9999999783464,0.0004755651931995117,0.0004146824940432214,0.001271048634309547,3.691989619583266e-8,-1.0,0.0
928.4193370342255,3049.0,1158.7096774193549,14.806451612903226,5.799010112459083e306,3.3225806451612905,0.00012786726265883374,3.6919896195825225e-8,0.0003972167525729091,-0.9999999783464,0.0004755651931995117,0.00041468249883711326,0.001271048634309547,3.6919896195825225e-8,-1.0,0.0
933.5477011203766,3065.0,1173.0,14.806451612903226,5.799010112459083e306,3.3225806451612905,0.00012786726265883374,3.6919896195825225e-8,0.0003972167525729091,-0.9999999783464,0.0004755651931995117,0.00041468249883711326,0.001271048634309547,3.6919896195825225e-8,-1.0,0.0
938.6598742008209,3081.0,1188.3548387096773,14.806451612903226,5.799010112459083e306,3.3225806451612905,0.00012786726265883374,3.6919896195825225e-8,0.0003972167525729091,-0.9999999783464,0.0004755651931995117,0.00041468249883711326,0.001271048634309547,3.6919896195825225e-8,-1.0,0.0
943.7613470554352,3097.0,1203.8387096774193,14.806451612903226,5.799010112459083e306,3.3225806451612905,0.00012786726265883374,3.6919896195825225e-8,0.0003972167525729091,-0.9999999783464,0.0004755651931995117,0.00041468249883711326,0.001271048634309547,3.6919896195825225e-8,-1.0,0.0
948.8219511508942,3113.0,1219.3225806451612,14.806451612903226,5.799010112459083e306,3.3225806451612905,0.00012786726265883374,3.6919896195825225e-8,0.0003972167525729091,-0.9999999783464,0.0004755651931995117,0.00041468249883711326,0.001271048634309547,3.6919896195825225e-8,-1.0,0.0
953.9130799770355,3129.0,1217.0,14.806451612903226,5.799010112459083e306,3.3225806451612905,0.00012786726265883374,3.6919896195825225e-8,0.0003972167525729091,-0.9999999783464,0.0004755651931995117,0.00041468249883711326,0.001271048634309547,3.6919896195825225e-8,-1.0,0.0
959.0313880443573,3145.0,1232.3870967741937,14.806451612903226,5.799010112459083e306,3.3225806451612905,0.00012786726265883374,3.6919896195825225e-8,0.0003972167525729091,-0.9999999783464,0.0004755651931995117,0.00041468249883711326,0.001271048634309547,3.6919896195825225e-8,-1.0,0.0
964.285010099411,3162.0,1209.09375,14.71875,5.6177910464447366e306,3.3125,0.00012786726265883374,3.6919896195825225e-8,0.0003972167525729091,-0.9999999783464,0.0004755651931995117,0.00041468249883711326,0.001271048634309547,3.6919896195825225e-8,-1.0,0.0
969.3471400737762,3178.0,1218.4375,14.71875,5.6177910464447366e306,3.3125,0.00012786726265883374,3.6919896195825225e-8,0.0003972167525729091,-0.9999999783464,0.0004755651931995117,0.00041468249883711326,0.001271048634309547,3.6919896195825225e-8,-1.0,0.0
974.3984291553497,3194.0,1233.84375,14.71875,5.6177910464447366e306,3.3125,0.00012786726265883374,3.6919896195825225e-8,0.0003972167525729091,-0.9999999783464,0.0004755651931995117,0.00041468249883711326,0.001271048634309547,3.6919896195825225e-8,-1.0,0.0
979.6378421783447,3211.0,1238.46875,14.71875,5.6177910464447366e306,3.3125,0.00012786726265883374,3.6919896195825225e-8,0.0003972167525729091,-0.9999999783464,0.0004755651931995117,0.00041468249883711326,0.001271048634309547,3.6919896195825225e-8,-1.0,0.0
984.7045819759369,3227.0,1252.1875,14.71875,5.6177910464447366e306,3.3125,0.00012786726265883374,3.6919896195825225e-8,0.0003972167525729091,-0.9999999783464,0.0004755651931995117,0.00041468249883711326,0.001271048634309547,3.6919896195825225e-8,-1.0,0.0
989.7381210327148,3243.0,1261.90625,14.71875,5.6177910464447366e306,3.3125,0.00012786726265883374,3.6919896195825225e-8,0.0003972167525729091,-0.9999999783464,0.0004755651931995117,0.00041468249883711326,0.001271048634309547,3.6919896195825225e-8,-1.0,0.0
994.9846069812775,3260.0,1269.125,14.71875,5.6177910464447366e306,3.3125,0.00012786726265883374,3.6919896195825225e-8,0.0003972167525729091,-0.9999999783464,0.0004755651931995117,0.00041468249883711326,0.001271048634309547,3.6919896195825225e-8,-1.0,0.0
1000.0898590087891,3276.0,1162.6875,14.71875,5.6177910464447366e306,3.3125,0.00012786726265883374,3.6919896195825225e-8,0.0003972167525729091,-0.9999999783464,0.0004755651931995117,0.00041468249883711326,0.001271048634309547,3.6919896195825225e-8,-1.0,0.0
1005.151731967926,3292.0,1177.375,14.71875,5.6177910464447366e306,3.3125,0.00012786726265883374,3.6919896195825225e-8,0.0003972167525729091,-0.9999999783464,0.0004755651931995117,0.00041468249883711326,0.001271048634309547,3.6919896195825225e-8,-1.0,0.0
1010.322879076004,3308.0,1187.25,14.71875,5.6177910464447366e306,3.3125,0.00012786726265883374,3.6919896195825225e-8,0.0003972167525729091,-0.9999999783464,0.0004755651931995117,0.00041468249883711326,0.001271048634309547,3.6919896195825225e-8,-1.0,0.0
1015.4209940433502,3324.0,1202.28125,14.71875,5.6177910464447366e306,3.3125,0.00012786726265883374,3.6919896195825225e-8,0.0003972167525729091,-0.9999999783464,0.0004755651931995117,0.00041468249883711326,0.001271048634309547,3.6919896195825225e-8,-1.0,0.0
1020.450423002243,3340.0,1217.25,14.71875,5.6177910464447366e306,3.3125,0.00012786726265883374,3.6919896195825225e-8,0.0003972167525729091,-0.9999999783464,0.0004755651931995117,0.00041468249883711326,0.001271048634309547,3.6919896195825225e-8,-1.0,0.0
1025.4626700878143,3356.0,1267.516129032258,14.32258064516129,5.799010112459083e306,3.225806451612903,0.00012786726265883374,3.6919896195825225e-8,0.0003972167525729091,-0.9999999783464,0.0004755651931995117,0.00041468249883711326,0.001271048634309547,3.6919896195825225e-8,-1.0,0.0
1030.5855159759521,3372.0,1177.516129032258,14.32258064516129,5.799010112459083e306,3.225806451612903,0.00012786726265883374,3.6919896195825225e-8,0.0003972167525729091,-0.9999999783464,0.0004755651931995117,0.00041468249883711326,0.001271048634309547,3.6919896195825225e-8,-1.0,0.0
1035.691642999649,3388.0,1192.7096774193549,14.32258064516129,5.799010112459083e306,3.225806451612903,0.00012786726265883374,3.6919896195825225e-8,0.0003972167525729091,-0.9999999783464,0.0004755651931995117,0.00041468249883711326,0.001271048634309547,3.6919896195825225e-8,-1.0,0.0
1040.7822949886322,3404.0,1208.225806451613,14.32258064516129,5.799010112459083e306,3.225806451612903,0.00012786726265883374,3.6919896195825225e-8,0.0003972167525729091,-0.9999999783464,0.0004755651931995117,0.00041468249883711326,0.001271048634309547,3.6919896195825225e-8,-1.0,0.0
1045.8864459991455,3420.0,1221.9032258064517,14.32258064516129,5.799010112459083e306,3.225806451612903,0.00012786726265883374,3.6919896195825225e-8,0.0003972167525729091,-0.9999999783464,0.0004755651931995117,0.00041468249883711326,0.001271048634309547,3.6919896195825225e-8,-1.0,0.0
1051.035803079605,3436.0,1198.75,14.71875,Inf,3.3125,0.00012786726265883374,3.6919896195825225e-8,0.0003972167525729091,-0.9999999783464,0.0004755651931995117,0.00041468249883711326,0.001271048634309547,3.6919896195825225e-8,-1.0,0.0
1056.1720790863037,3452.0,1213.84375,14.71875,Inf,3.3125,0.00012786726265883374,3.6919896195825225e-8,0.0003972167525729091,-0.9999999783464,0.0004755651931995117,0.00041468249883711326,0.001271048634309547,3.6919896195825225e-8,-1.0,0.0
1061.3254210948944,3468.0,1190.5151515151515,14.575757575757576,Inf,3.272727272727273,0.00012786726265883374,3.6919896195825225e-8,0.0003972167525729091,-0.9999999783464,0.0004755651931995117,0.00041468249883711326,0.001271048634309547,3.6919896195825225e-8,-1.0,0.0
1066.4592790603638,3484.0,1205.84375,14.1875,5.6177910464447366e306,3.1875,0.00012786726265883374,3.6919896195825225e-8,0.0003972167525729091,-0.9999999783464,0.0004755651931995117,0.00041468249883711326,0.001271048634309547,3.6919896195825225e-8,-1.0,0.0
1071.498591184616,3500.0,1220.71875,14.1875,5.6177910464447366e306,3.1875,0.00012786726265883374,3.6919896195825225e-8,0.0003972167525729091,-0.9999999783464,0.0004755651931995117,0.00041468249883711326,0.001271048634309547,3.6919896195825225e-8,-1.0,0.0
1076.7507541179657,3517.0,1237.25,14.1875,5.6177910464447366e306,3.1875,0.00012786726265883374,3.6919896195825225e-8,0.0003972167525729091,-0.9999999783464,0.0004755651931995117,0.00041468249883711326,0.001271048634309547,3.6919896195825225e-8,-1.0,0.0
1081.8048431873322,3533.0,1227.21875,14.1875,5.6177910464447366e306,3.1875,0.00012786726265883374,3.6919896195825225e-8,0.0003972167525729091,-0.9999999783464,0.0004755651931995117,0.00041468249883711326,0.001271048634309547,3.6919896195825225e-8,-1.0,0.0
1086.8456361293793,3549.0,1242.65625,14.1875,5.6177910464447366e306,3.1875,0.00012786726265883374,3.6919896195825225e-8,0.0003972167525729091,-0.9999999783464,0.0004755651931995117,0.00041468249883711326,0.001271048634309547,3.6919896195825225e-8,-1.0,0.0
1091.9675550460815,3565.0,1258.21875,14.1875,5.6177910464447366e306,3.1875,0.00012786726265883374,3.6919896195825225e-8,0.0003972167525729091,-0.9999999783464,0.0004755651931995117,0.00041468249883711326,0.001271048634309547,3.6919896195825225e-8,-1.0,0.0
1097.0972990989685,3581.0,1273.84375,14.1875,5.6177910464447366e306,3.1875,0.00012786726265883374,3.6919896195825225e-8,0.0003972167525729091,-0.9999999783464,0.0004755651931995117,0.00041468249883711326,0.001271048634309547,3.6919896195825225e-8,-1.0,0.0
1102.307114124298,3597.0,1289.15625,14.1875,5.6177910464447366e306,3.1875,0.00012786726265883374,3.6919896195825225e-8,0.0003972167525729091,-0.9999999783464,0.0004755651931995117,0.00041468249883711326,0.001271048634309547,3.6919896195825225e-8,-1.0,0.0
1107.4916241168976,3613.0,1304.65625,14.1875,5.6177910464447366e306,3.1875,0.00012786726265883374,3.6919896195825225e-8,0.0003972167525729091,-0.9999999783464,0.0004755651931995117,0.00041468249883711326,0.001271048634309547,3.6919896195825225e-8,-1.0,0.0
1112.702404975891,3629.0,1320.28125,14.1875,5.6177910464447366e306,3.1875,0.00012786726265883374,3.6919896195825225e-8,0.0003972167525729091,-0.9999999783464,0.0004755651931995117,0.00041468249883711326,0.001271048634309547,3.6919896195825225e-8,-1.0,0.0
1117.8123691082,3645.0,1335.75,14.1875,5.6177910464447366e306,3.1875,0.00012786726265883374,3.6919896195825225e-8,0.0003972167525729091,-0.9999999783464,0.0004755651931995117,0.00041468249883711326,0.001271048634309547,3.6919896195825225e-8,-1.0,0.0
1122.9931571483612,3661.0,1351.21875,14.1875,5.6177910464447366e306,3.1875,0.00012786726265883374,3.6919896195825225e-8,0.0003972167525729091,-0.9999999783464,0.0004755651931995117,0.00041468249883711326,0.001271048634309547,3.6919896195825225e-8,-1.0,0.0
1128.1252150535583,3677.0,1366.65625,14.1875,5.6177910464447366e306,3.1875,0.00012786726265883374,3.6919896195825225e-8,0.0003972167525729091,-0.9999999783464,0.0004755651931995117,0.00041468249883711326,0.001271048634309547,3.6919896195825225e-8,-1.0,0.0
1133.1562900543213,3693.0,1382.65625,14.1875,5.6177910464447366e306,3.1875,0.00012786726265883374,3.6919896195825225e-8,0.0003972167525729091,-0.9999999783464,0.0004755651931995117,0.00041468249883711326,0.001271048634309547,3.6919896195825225e-8,-1.0,0.0
1138.3005590438843,3709.0,1398.65625,14.1875,5.6177910464447366e306,3.1875,0.00012786726265883374,3.6919896195825225e-8,0.0003972167525729091,-0.9999999783464,0.0004755651931995117,0.00041468249883711326,0.001271048634309547,3.6919896195825225e-8,-1.0,0.0
1143.401288986206,3725.0,1414.65625,14.1875,5.6177910464447366e306,3.1875,0.00012786726265883374,3.6919896195825225e-8,0.0003972167525729091,-0.9999999783464,0.0004755651931995117,0.00041468249883711326,0.001271048634309547,3.6919896195825225e-8,-1.0,0.0
1148.4534220695496,3741.0,1430.65625,14.1875,5.6177910464447366e306,3.1875,0.00012786726265883374,3.6919896195825225e-8,0.0003972167525729091,-0.9999999783464,0.0004755651931995117,0.00041468249883711326,0.001271048634309547,3.6919896195825225e-8,-1.0,0.0
1153.5669000148773,3757.0,1446.65625,14.1875,5.6177910464447366e306,3.1875,0.00012786726265883374,3.6919896195825225e-8,0.0003972167525729091,-0.9999999783464,0.0004755651931995117,0.00041468249883711326,0.001271048634309547,3.6919896195825225e-8,-1.0,0.0
1158.6386580467224,3773.0,1418.78125,14.1875,5.6177910464447366e306,3.1875,0.00012786726265883374,3.6919896195825225e-8,0.0003972167525729091,-0.9999999783464,0.0004755651931995117,0.00041468249883711326,0.001271048634309547,3.6919896195825225e-8,-1.0,0.0
1163.7531871795654,3789.0,1434.78125,14.1875,5.6177910464447366e306,3.1875,0.00012786726265883374,3.6919896195825225e-8,0.0003972167525729091,-0.9999999783464,0.0004755651931995117,0.00041468249883711326,0.001271048634309547,3.6919896195825225e-8,-1.0,0.0
1168.8276829719543,3805.0,1450.78125,14.1875,5.6177910464447366e306,3.1875,0.00012786726265883374,3.6919896195825225e-8,0.0003972167525729091,-0.9999999783464,0.0004755651931995117,0.00041468249883711326,0.001271048634309547,3.6919896195825225e-8,-1.0,0.0
1173.9697370529175,3821.0,1466.78125,14.1875,5.6177910464447366e306,3.1875,0.00012786726265883374,3.6919896195825225e-8,0.0003972167525729091,-0.9999999783464,0.0004755651931995117,0.00041468249883711326,0.001271048634309547,3.6919896195825225e-8,-1.0,0.0
1179.0868151187897,3837.0,1482.78125,14.1875,5.6177910464447366e306,3.1875,0.00012786726265883374,3.6919896195825225e-8,0.0003972167525729091,-0.9999999783464,0.0004755651931995117,0.00041468249883711326,0.001271048634309547,3.6919896195825225e-8,-1.0,0.0
1184.256824016571,3853.0,1498.78125,14.1875,5.6177910464447366e306,3.1875,0.00012786726265883374,3.6919896195825225e-8,0.0003972167525729091,-0.9999999783464,0.0004755651931995117,0.00041468249883711326,0.001271048634309547,3.6919896195825225e-8,-1.0,0.0
1189.3858461380005,3869.0,1514.78125,14.1875,5.6177910464447366e306,3.1875,0.00012786726265883374,3.6919896195825225e-8,0.0003972167525729091,-0.9999999783464,0.0004755651931995117,0.00041468249883711326,0.001271048634309547,3.6919896195825225e-8,-1.0,0.0
1194.4744021892548,3885.0,1515.25,14.1875,5.6177910464447366e306,3.1875,0.00012786726265883374,3.6919896195825225e-8,0.0003972167525729091,-0.9999999783464,0.0004755651931995117,0.00041468249883711326,0.001271048634309547,3.6919896195825225e-8,-1.0,0.0
1199.6635591983795,3901.0,1511.84375,14.1875,5.6177910464447366e306,3.1875,0.00012786726265883374,3.6919896195825225e-8,0.0003972167525729091,-0.9999999783464,0.0004755651931995117,0.00041468249883711326,0.001271048634309547,3.6919896195825225e-8,-1.0,0.0
1204.862461090088,3917.0,1527.78125,14.1875,5.6177910464447366e306,3.1875,0.00012786726265883374,3.6919896195825225e-8,0.0003972167525729091,-0.9999999783464,0.0004755651931995117,0.00041468249883711326,0.001271048634309547,3.6919896195825225e-8,-1.0,0.0
1209.9377009868622,3933.0,1543.78125,14.1875,5.6177910464447366e306,3.1875,0.00012786726265883374,3.6919896195825225e-8,0.0003972167525729091,-0.9999999783464,0.0004755651931995117,0.00041468249883711326,0.001271048634309547,3.6919896195825225e-8,-1.0,0.0
1214.9459080696106,3949.0,1479.75,14.1875,5.6177910464447366e306,3.1875,0.00012786726265883374,3.6919896195825225e-8,0.0003972167525729091,-0.9999999783464,0.0004755651931995117,0.00041468249883711326,0.001271048634309547,3.6919896195825225e-8,-1.0,0.0
1220.0732400417328,3965.0,1495.75,14.1875,5.6177910464447366e306,3.1875,0.00012786726265883374,3.6919896195825225e-8,0.0003972167525729091,-0.9999999783464,0.0004755651931995117,0.00041468249883711326,0.001271048634309547,3.6919896195825225e-8,-1.0,0.0
1225.260545015335,3981.0,1510.84375,14.1875,5.6177910464447366e306,3.1875,0.00012786726265883374,3.6919896195825225e-8,0.0003972167525729091,-0.9999999783464,0.0004755651931995117,0.00041468249883711326,0.001271048634309547,3.6919896195825225e-8,-1.0,0.0
1230.4421360492706,3997.0,1526.84375,14.1875,5.6177910464447366e306,3.1875,0.00012786726265883374,3.6919896195825225e-8,0.0003972167525729091,-0.9999999783464,0.0004755651931995117,0.00041468249883711326,0.001271048634309547,3.6919896195825225e-8,-1.0,0.0
1235.7111310958862,4013.0,1542.84375,14.1875,5.6177910464447366e306,3.1875,0.00012786726265883374,3.6919896195825225e-8,0.0003972167525729091,-0.9999999783464,0.0004755651931995117,0.00041468249883711326,0.001271048634309547,3.6919896195825225e-8,-1.0,0.0
1240.8765830993652,4029.0,1558.84375,14.1875,5.6177910464447366e306,3.1875,0.00012786726265883374,3.6919896195825225e-8,0.0003972167525729091,-0.9999999783464,0.0004755651931995117,0.00041468249883711326,0.001271048634309547,3.6919896195825225e-8,-1.0,0.0
1245.9205679893494,4045.0,1574.84375,14.1875,5.6177910464447366e306,3.1875,0.00012786726265883374,3.6919896195825225e-8,0.0003972167525729091,-0.9999999783464,0.0004755651931995117,0.00041468249883711326,0.001271048634309547,3.6919896195825225e-8,-1.0,0.0
1251.0522630214691,4061.0,1590.84375,14.1875,5.6177910464447366e306,3.1875,0.00012786726265883374,3.6919896195825225e-8,0.0003972167525729091,-0.9999999783464,0.0004755651931995117,0.00041468249883711326,0.001271048634309547,3.6919896195825225e-8,-1.0,0.0
1256.1926321983337,4077.0,1606.84375,14.1875,5.6177910464447366e306,3.1875,0.00012786726265883374,3.6919896195825225e-8,0.0003972167525729091,-0.9999999783464,0.0004755651931995117,0.00041468249883711326,0.001271048634309547,3.6919896195825225e-8,-1.0,0.0
1261.3635289669037,4093.0,1622.84375,14.1875,5.6177910464447366e306,3.1875,0.00012786726265883374,3.6919896195825225e-8,0.0003972167525729091,-0.9999999783464,0.0004755651931995117,0.00041468249883711326,0.001271048634309547,3.6919896195825225e-8,-1.0,0.0
1266.4737989902496,4109.0,1638.84375,14.1875,5.6177910464447366e306,3.1875,0.00012786726265883374,3.6919896195825225e-8,0.0003972167525729091,-0.9999999783464,0.0004755651931995117,0.00041468249883711326,0.001271048634309547,3.6919896195825225e-8,-1.0,0.0
1271.7422070503235,4125.0,1654.84375,14.1875,5.6177910464447366e306,3.1875,0.00012786726265883374,3.6919896195825225e-8,0.0003972167525729091,-0.9999999783464,0.0004755651931995117,0.00041468249883711326,0.001271048634309547,3.6919896195825225e-8,-1.0,0.0
1277.0206501483917,4141.0,1670.84375,14.1875,5.6177910464447366e306,3.1875,0.00012786726265883374,3.6919896195825225e-8,0.0003972167525729091,-0.9999999783464,0.0004755651931995117,0.00041468249883711326,0.001271048634309547,3.6919896195825225e-8,-1.0,0.0
1282.1820330619812,4157.0,1686.84375,14.1875,5.6177910464447366e306,3.1875,0.00012786726265883374,3.6919896195825225e-8,0.0003972167525729091,-0.9999999783464,0.0004755651931995117,0.00041468249883711326,0.001271048634309547,3.6919896195825225e-8,-1.0,0.0
1287.2660591602325,4173.0,1702.84375,14.1875,5.6177910464447366e306,3.1875,0.00012786726265883374,3.6919896195825225e-8,0.0003972167525729091,-0.9999999783464,0.0004755651931995117,0.00041468249883711326,0.001271048634309547,3.6919896195825225e-8,-1.0,0.0
1292.287959098816,4189.0,1721.7096774193549,14.32258064516129,5.799010112459083e306,3.225806451612903,0.00012786726265883374,3.6919896195825225e-8,0.0003972167525729091,-0.9999999783464,0.0004755651931995117,0.00041468249883711326,0.001271048634309547,3.6919896195825225e-8,-1.0,0.0
1297.369884967804,4205.0,1737.6451612903227,14.32258064516129,5.799010112459083e306,3.225806451612903,0.00012786726265883374,3.6919896195825225e-8,0.0003972167525729091,-0.9999999783464,0.0004755651931995117,0.00041468249883711326,0.001271048634309547,3.6919896195825225e-8,-1.0,0.0
1302.4281170368195,4221.0,1753.6451612903227,14.32258064516129,5.799010112459083e306,3.225806451612903,0.00012786726265883374,3.6919896195825225e-8,0.0003972167525729091,-0.9999999783464,0.0004755651931995117,0.00041468249883711326,0.001271048634309547,3.6919896195825225e-8,-1.0,0.0
1307.5354549884796,4237.0,1769.6451612903227,14.32258064516129,5.799010112459083e306,3.225806451612903,0.00012786726265883374,3.6919896195825225e-8,0.0003972167525729091,-0.9999999783464,0.0004755651931995117,0.00041468249883711326,0.001271048634309547,3.6919896195825225e-8,-1.0,0.0
1312.6200850009918,4253.0,1785.6451612903227,14.32258064516129,5.799010112459083e306,3.225806451612903,0.00012786726265883374,3.6919896195825225e-8,0.0003972167525729091,-0.9999999783464,0.0004755651931995117,0.00041468249883711326,0.001271048634309547,3.6919896195825225e-8,-1.0,0.0
1317.903126001358,4270.0,1802.6451612903227,14.32258064516129,5.799010112459083e306,3.225806451612903,0.00012786726265883374,3.6919896195825225e-8,0.0003972167525729091,-0.9999999783464,0.0004755651931995117,0.00041468249883711326,0.001271048634309547,3.6919896195825225e-8,-1.0,0.0
1322.9361641407013,4286.0,1794.3870967741937,14.32258064516129,5.799010112459083e306,3.225806451612903,0.00012786726265883374,3.6919896195825225e-8,0.0003972167525729091,-0.9999999783464,0.0004755651931995117,0.00041468249883711326,0.001271048634309547,3.6919896195825225e-8,-1.0,0.0
1328.1676571369171,4303.0,1811.3870967741937,14.32258064516129,5.799010112459083e306,3.225806451612903,0.00012786726265883374,3.6919896195825225e-8,0.0003972167525729091,-0.9999999783464,0.0004755651931995117,0.00041468249883711326,0.001271048634309547,3.6919896195825225e-8,-1.0,0.0
1333.4748480319977,4320.0,1828.3870967741937,14.32258064516129,5.799010112459083e306,3.225806451612903,0.00012786726265883374,3.6919896195825225e-8,0.0003972167525729091,-0.9999999783464,0.0004755651931995117,0.00041468249883711326,0.001271048634309547,3.6919896195825225e-8,-1.0,0.0
1338.7226610183716,4337.0,1845.3870967741937,14.32258064516129,5.799010112459083e306,3.225806451612903,0.00012786726265883374,3.6919896195825225e-8,0.0003972167525729091,-0.9999999783464,0.0004755651931995117,0.00041468249883711326,0.001271048634309547,3.6919896195825225e-8,-1.0,0.0
1344.0199511051178,4354.0,1804.3125,14.3125,5.6177910464447366e306,3.21875,0.00012786726265883374,3.6919896195825225e-8,0.0003972167525729091,-0.9999999783464,0.0004755651931995117,0.00041468249883711326,0.001271048634309547,3.6919896195825225e-8,-1.0,0.0
1349.3297710418701,4371.0,1821.3125,14.3125,5.6177910464447366e306,3.21875,0.00012786726265883374,3.6919896195825225e-8,0.0003972167525729091,-0.9999999783464,0.0004755651931995117,0.00041468249883711326,0.001271048634309547,3.6919896195825225e-8,-1.0,0.0
1354.348559141159,4387.0,1784.28125,14.3125,5.6177910464447366e306,3.21875,0.00012786726265883374,3.6919896195825225e-8,0.0003972167525729091,-0.9999999783464,0.0004755651931995117,0.00041468249883711326,0.001271048634309547,3.6919896195825225e-8,-1.0,0.0
1359.6748750209808,4404.0,1801.28125,14.3125,5.6177910464447366e306,3.21875,0.00012786726265883374,3.6919896195825225e-8,0.0003972167525729091,-0.9999999783464,0.0004755651931995117,0.00041468249883711326,0.001271048634309547,3.6919896195825225e-8,-1.0,0.0
1364.7469100952148,4420.0,1852.8709677419354,14.32258064516129,5.799010112459083e306,3.225806451612903,0.00012786726265883374,3.6919896195825225e-8,0.0003972167525729091,-0.9999999783464,0.0004755651931995117,0.00041468249883711326,0.001271048634309547,3.6919896195825225e-8,-1.0,0.0
1369.7606110572815,4436.0,1868.8709677419354,14.32258064516129,5.799010112459083e306,3.225806451612903,0.00012786726265883374,3.6919896195825225e-8,0.0003972167525729091,-0.9999999783464,0.0004755651931995117,0.00041468249883711326,0.001271048634309547,3.6919896195825225e-8,-1.0,0.0
1374.924880027771,4452.0,1884.8709677419354,14.32258064516129,5.799010112459083e306,3.225806451612903,0.00012786726265883374,3.6919896195825225e-8,0.0003972167525729091,-0.9999999783464,0.0004755651931995117,0.00041468249883711326,0.001271048634309547,3.6919896195825225e-8,-1.0,0.0
1380.1176781654358,4468.0,1884.8709677419354,14.32258064516129,5.799010112459083e306,3.225806451612903,0.00012786726265883374,3.6919896195825225e-8,0.0003972167525729091,-0.9999999783464,0.0004755651931995117,0.00041468249883711326,0.001271048634309547,3.6919896195825225e-8,-1.0,0.0
1385.2384281158447,4484.0,1900.8709677419354,14.32258064516129,5.799010112459083e306,3.225806451612903,0.00012786726265883374,3.6919896195825225e-8,0.0003972167525729091,-0.9999999783464,0.0004755651931995117,0.00041468249883711326,0.001271048634309547,3.6919896195825225e-8,-1.0,0.0
1390.3811371326447,4500.0,1857.0625,14.71875,5.6177910464447366e306,3.3125,0.00012786726265883374,3.6919896195825225e-8,0.0003972167525729091,-0.9999999783464,0.0004755651931995117,0.00041468249883711326,0.001271048634309547,3.6919896195825225e-8,-1.0,0.0
1395.4971191883087,4516.0,1872.46875,14.71875,5.6177910464447366e306,3.3125,0.00012786726265883374,3.6919896195825225e-8,0.0003972167525729091,-0.9999999783464,0.0004755651931995117,0.00041468249883711326,0.001271048634309547,3.6919896195825225e-8,-1.0,0.0
1400.6166369915009,4532.0,1888.40625,14.71875,5.6177910464447366e306,3.3125,0.00012786726265883374,3.6919896195825225e-8,0.0003972167525729091,-0.9999999783464,0.0004755651931995117,0.00041468249883711326,0.001271048634309547,3.6919896195825225e-8,-1.0,0.0
1405.776484966278,4548.0,1904.40625,14.71875,5.6177910464447366e306,3.3125,0.00012786726265883374,3.6919896195825225e-8,0.0003972167525729091,-0.9999999783464,0.0004755651931995117,0.00041468249883711326,0.001271048634309547,3.6919896195825225e-8,-1.0,0.0
1410.951012134552,4564.0,1920.40625,14.71875,5.6177910464447366e306,3.3125,0.00012786726265883374,3.6919896195825225e-8,0.0003972167525729091,-0.9999999783464,0.0004755651931995117,0.00041468249883711326,0.001271048634309547,3.6919896195825225e-8,-1.0,0.0
1416.127289056778,4580.0,1936.40625,14.71875,5.6177910464447366e306,3.3125,0.00012786726265883374,3.6919896195825225e-8,0.0003972167525729091,-0.9999999783464,0.0004755651931995117,0.00041468249883711326,0.001271048634309547,3.6919896195825225e-8,-1.0,0.0
1421.2164521217346,4596.0,1952.40625,14.71875,5.6177910464447366e306,3.3125,0.00012786726265883374,3.6919896195825225e-8,0.0003972167525729091,-0.9999999783464,0.0004755651931995117,0.00041468249883711326,0.001271048634309547,3.6919896195825225e-8,-1.0,0.0
1426.2768771648407,4612.0,1968.40625,14.71875,5.6177910464447366e306,3.3125,0.00012786726265883374,3.6919896195825225e-8,0.0003972167525729091,-0.9999999783464,0.0004755651931995117,0.00041468249883711326,0.001271048634309547,3.6919896195825225e-8,-1.0,0.0
1431.3972010612488,4628.0,1984.40625,14.71875,5.6177910464447366e306,3.3125,0.00012786726265883374,3.6919896195825225e-8,0.0003972167525729091,-0.9999999783464,0.0004755651931995117,0.00041468249883711326,0.001271048634309547,3.6919896195825225e-8,-1.0,0.0
1436.4733321666718,4644.0,1993.625,14.71875,5.6177910464447366e306,3.3125,0.00012786726265883374,3.6919896195825225e-8,0.0003972167525729091,-0.9999999783464,0.0004755651931995117,0.00041468249883711326,0.001271048634309547,3.6919896195825225e-8,-1.0,0.0
1441.5649390220642,4660.0,1965.8125,14.71875,5.6177910464447366e306,3.3125,0.00012786726265883374,3.6919896195825225e-8,0.0003972167525729091,-0.9999999783464,0.0004755651931995117,0.00041468249883711326,0.001271048634309547,3.6919896195825225e-8,-1.0,0.0
1446.669762134552,4676.0,1957.65625,14.71875,5.6177910464447366e306,3.3125,0.00012786726265883374,3.6919896195825225e-8,0.0003972167525729091,-0.9999999783464,0.0004755651931995117,0.00041468249883711326,0.001271048634309547,3.6919896195825225e-8,-1.0,0.0
1451.805279970169,4692.0,1973.65625,14.71875,5.6177910464447366e306,3.3125,0.00012786726265883374,3.6919896195825225e-8,0.0003972167525729091,-0.9999999783464,0.0004755651931995117,0.00041468249883711326,0.001271048634309547,3.6919896195825225e-8,-1.0,0.0
1456.8173019886017,4708.0,1989.65625,14.71875,5.6177910464447366e306,3.3125,0.00012786726265883374,3.6919896195825225e-8,0.0003972167525729091,-0.9999999783464,0.0004755651931995117,0.00041468249883711326,0.001271048634309547,3.6919896195825225e-8,-1.0,0.0
1461.9156889915466,4724.0,1953.3125,14.71875,5.6177910464447366e306,3.3125,0.0001278672638158607,3.6919896195823306e-8,0.00039721675379355247,-0.9999999783464,0.0004755651931995117,0.00041468249354720493,0.001271048634309547,3.6919896195823306e-8,-1.0,0.0
1467.0566070079803,4740.0,1969.3125,14.71875,5.6177910464447366e306,3.3125,0.0001278672638158607,3.6919896195823306e-8,0.00039721675379355247,-0.9999999783464,0.0004755651931995117,0.00041468249354720493,0.001271048634309547,3.6919896195823306e-8,-1.0,0.0
1472.188728094101,4756.0,1985.3125,14.71875,5.6177910464447366e306,3.3125,0.0001278672638158607,3.6919896195823306e-8,0.00039721675379355247,-0.9999999783464,0.0004755651931995117,0.00041468249354720493,0.001271048634309547,3.6919896195823306e-8,-1.0,0.0
1477.4044620990753,4773.0,2002.3125,14.71875,5.6177910464447366e306,3.3125,0.0001278672638158607,3.6919896195823306e-8,0.00039721675379355247,-0.9999999783464,0.0004755651931995117,0.00041468249354720493,0.001271048634309547,3.6919896195823306e-8,-1.0,0.0
1482.657508134842,4790.0,2019.3125,14.71875,5.6177910464447366e306,3.3125,0.0001278672638158607,3.6919896195823306e-8,0.00039721675379355247,-0.9999999783464,0.0004755651931995117,0.00041468249354720493,0.001271048634309547,3.6919896195823306e-8,-1.0,0.0
1487.9238669872284,4807.0,2036.3125,14.71875,5.6177910464447366e306,3.3125,0.0001278672638158607,3.6919896195823306e-8,0.00039721675379355247,-0.9999999783464,0.0004755651931995117,0.00041468249354720493,0.001271048634309547,3.6919896195823306e-8,-1.0,0.0
1492.9427280426025,4823.0,1990.2424242424242,14.545454545454545,5.4475549541282296e306,3.272727272727273,0.0001278672638158607,3.6919896195823306e-8,0.00039721675379355247,-0.9999999783464,0.0004755651931995117,0.00041468249354720493,0.001271048634309547,3.6919896195823306e-8,-1.0,0.0
1497.9806611537933,4839.0,2006.2424242424242,14.545454545454545,5.4475549541282296e306,3.272727272727273,0.0001278672638158607,3.6919896195823306e-8,0.00039721675379355247,-0.9999999783464,0.0004755651931995117,0.00041468249354720493,0.001271048634309547,3.6919896195823306e-8,-1.0,0.0
1503.0540850162506,4855.0,2022.2424242424242,14.545454545454545,5.4475549541282296e306,3.272727272727273,0.0001278672638158607,3.6919896195823306e-8,0.00039721675379355247,-0.9999999783464,0.0004755651931995117,0.00041468249354720493,0.001271048634309547,3.6919896195823306e-8,-1.0,0.0
1508.3082451820374,4872.0,2039.2424242424242,14.545454545454545,5.4475549541282296e306,3.272727272727273,0.0001278672638158607,3.6919896195823306e-8,0.00039721675379355247,-0.9999999783464,0.0004755651931995117,0.00041468249354720493,0.001271048634309547,3.6919896195823306e-8,-1.0,0.0
1513.3100271224976,4888.0,2055.242424242424,14.545454545454545,5.4475549541282296e306,3.272727272727273,0.0001278672638158607,3.6919896195823306e-8,0.00039721675379355247,-0.9999999783464,0.0004755651931995117,0.00041468249354720493,0.001271048634309547,3.6919896195823306e-8,-1.0,0.0
1518.3256759643555,4904.0,2071.242424242424,14.545454545454545,5.4475549541282296e306,3.272727272727273,0.0001278672638158607,3.6919896195823306e-8,0.00039721675379355247,-0.9999999783464,0.0004755651931995117,0.00041468249354720493,0.001271048634309547,3.6919896195823306e-8,-1.0,0.0
1523.5926351547241,4921.0,2088.242424242424,14.545454545454545,5.4475549541282296e306,3.272727272727273,0.0001278672638158607,3.6919896195823306e-8,0.00039721675379355247,-0.9999999783464,0.0004755651931995117,0.00041468249354720493,0.001271048634309547,3.6919896195823306e-8,-1.0,0.0
1528.8291170597076,4938.0,2105.242424242424,14.545454545454545,5.4475549541282296e306,3.272727272727273,0.0001278672638158607,3.6919896195823306e-8,0.00039721675379355247,-0.9999999783464,0.0004755651931995117,0.00041468249354720493,0.001271048634309547,3.6919896195823306e-8,-1.0,0.0
1533.8579590320587,4954.0,2121.242424242424,14.545454545454545,5.4475549541282296e306,3.272727272727273,0.0001278672638158607,3.6919896195823306e-8,0.00039721675379355247,-0.9999999783464,0.0004755651931995117,0.00041468249354720493,0.001271048634309547,3.6919896195823306e-8,-1.0,0.0
1538.8883380889893,4970.0,2137.242424242424,14.545454545454545,5.4475549541282296e306,3.272727272727273,0.0001278672638158607,3.6919896195823306e-8,0.00039721675379355247,-0.9999999783464,0.0004755651931995117,0.00041468249354720493,0.001271048634309547,3.6919896195823306e-8,-1.0,0.0
1543.901360988617,4986.0,2153.242424242424,14.545454545454545,5.4475549541282296e306,3.272727272727273,0.0001278672638158607,3.6919896195823306e-8,0.00039721675379355247,-0.9999999783464,0.0004755651931995117,0.00041468249354720493,0.001271048634309547,3.6919896195823306e-8,-1.0,0.0
1549.2029161453247,5003.0,2170.242424242424,14.545454545454545,5.4475549541282296e306,3.272727272727273,0.0001278672638158607,3.6919896195823306e-8,0.00039721675379355247,-0.9999999783464,0.0004755651931995117,0.00041468249354720493,0.001271048634309547,3.6919896195823306e-8,-1.0,0.0
1554.2090799808502,5019.0,2186.242424242424,14.545454545454545,5.4475549541282296e306,3.272727272727273,0.0001278672638158607,3.6919896195823306e-8,0.00039721675379355247,-0.9999999783464,0.0004755651931995117,0.00041468249354720493,0.001271048634309547,3.6919896195823306e-8,-1.0,0.0
1559.2685129642487,5035.0,2202.242424242424,14.545454545454545,5.4475549541282296e306,3.272727272727273,0.0001278672638158607,3.6919896195823306e-8,0.00039721675379355247,-0.9999999783464,0.0004755651931995117,0.00041468249354720493,0.001271048634309547,3.6919896195823306e-8,-1.0,0.0
1564.3794720172882,5051.0,2218.242424242424,14.545454545454545,5.4475549541282296e306,3.272727272727273,0.0001278672638158607,3.6919896195823306e-8,0.00039721675379355247,-0.9999999783464,0.0004755651931995117,0.00041468249354720493,0.001271048634309547,3.6919896195823306e-8,-1.0,0.0
1569.5858161449432,5068.0,2235.242424242424,14.545454545454545,5.4475549541282296e306,3.272727272727273,0.0001278672638158607,3.6919896195823306e-8,0.00039721675379355247,-0.9999999783464,0.0004755651931995117,0.00041468249354720493,0.001271048634309547,3.6919896195823306e-8,-1.0,0.0
1574.8728761672974,5085.0,2252.242424242424,14.545454545454545,5.4475549541282296e306,3.272727272727273,0.0001278672638158607,3.6919896195823306e-8,0.00039721675379355247,-0.9999999783464,0.0004755651931995117,0.00041468249354720493,0.001271048634309547,3.6919896195823306e-8,-1.0,0.0
1579.897987127304,5101.0,2268.242424242424,14.545454545454545,5.4475549541282296e306,3.272727272727273,0.0001278672638158607,3.6919896195823306e-8,0.00039721675379355247,-0.9999999783464,0.0004755651931995117,0.00041468249354720493,0.001271048634309547,3.6919896195823306e-8,-1.0,0.0
1584.9028911590576,5117.0,2284.242424242424,14.545454545454545,5.4475549541282296e306,3.272727272727273,0.0001278672638158607,3.6919896195823306e-8,0.00039721675379355247,-0.9999999783464,0.0004755651931995117,0.00041468249354720493,0.001271048634309547,3.6919896195823306e-8,-1.0,0.0
1590.2022070884705,5134.0,2301.242424242424,14.545454545454545,5.4475549541282296e306,3.272727272727273,0.0001278672638158607,3.6919896195823306e-8,0.00039721675379355247,-0.9999999783464,0.0004755651931995117,0.00041468249354720493,0.001271048634309547,3.6919896195823306e-8,-1.0,0.0
1595.2845921516418,5150.0,2317.242424242424,14.545454545454545,5.4475549541282296e306,3.272727272727273,0.0001278672638158607,3.6919896195823306e-8,0.00039721675379355247,-0.9999999783464,0.0004755651931995117,0.00041468249354720493,0.001271048634309547,3.6919896195823306e-8,-1.0,0.0
1600.5065350532532,5166.0,2333.242424242424,14.545454545454545,5.4475549541282296e306,3.272727272727273,0.0001278672638158607,3.6919896195823306e-8,0.00039721675379355247,-0.9999999783464,0.0004755651931995117,0.00041468249354720493,0.001271048634309547,3.6919896195823306e-8,-1.0,0.0
1605.6549310684204,5182.0,2292.6363636363635,14.545454545454545,5.4475549541282296e306,3.272727272727273,0.0001278672638158607,3.6919896195823306e-8,0.00039721675379355247,-0.9999999783464,0.0004755651931995117,0.00041468249354720493,0.001271048634309547,3.6919896195823306e-8,-1.0,0.0
1610.8198189735413,5198.0,2308.6363636363635,14.545454545454545,5.4475549541282296e306,3.272727272727273,0.0001278672638158607,3.6919896195823306e-8,0.00039721675379355247,-0.9999999783464,0.0004755651931995117,0.00041468249354720493,0.001271048634309547,3.6919896195823306e-8,-1.0,0.0
1615.9792699813843,5214.0,2324.6363636363635,14.545454545454545,5.4475549541282296e306,3.272727272727273,0.0001278672638158607,3.6919896195823306e-8,0.00039721675379355247,-0.9999999783464,0.0004755651931995117,0.00041468249354720493,0.001271048634309547,3.6919896195823306e-8,-1.0,0.0
1621.1296331882477,5230.0,2340.6363636363635,14.545454545454545,5.4475549541282296e306,3.272727272727273,0.0001278672638158607,3.6919896195823306e-8,0.00039721675379355247,-0.9999999783464,0.0004755651931995117,0.00041468249354720493,0.001271048634309547,3.6919896195823306e-8,-1.0,0.0
1626.278638124466,5246.0,2356.6363636363635,14.545454545454545,5.4475549541282296e306,3.272727272727273,0.0001278672638158607,3.6919896195823306e-8,0.00039721675379355247,-0.9999999783464,0.0004755651931995117,0.00041468249354720493,0.001271048634309547,3.6919896195823306e-8,-1.0,0.0
1631.4788300991058,5262.0,2372.6363636363635,14.545454545454545,5.4475549541282296e306,3.272727272727273,0.0001278672638158607,3.6919896195823306e-8,0.00039721675379355247,-0.9999999783464,0.0004755651931995117,0.00041468249354720493,0.001271048634309547,3.6919896195823306e-8,-1.0,0.0
1636.7129530906677,5278.0,2314.2727272727275,14.545454545454545,5.4475549541282296e306,3.272727272727273,0.0001278672638158607,3.6919896195823306e-8,0.00039721675379355247,-0.9999999783464,0.0004755651920757907,0.00041468249354720493,0.0012710486246795018,3.6919896195823306e-8,-1.0,0.0
1641.9819431304932,5294.0,2330.2727272727275,14.545454545454545,5.4475549541282296e306,3.272727272727273,0.0001278672638158607,3.6919896195823306e-8,0.00039721675379355247,-0.9999999783464,0.0004755651920757907,0.00041468249354720493,0.0012710486246795018,3.6919896195823306e-8,-1.0,0.0
1647.2776131629944,5310.0,2325.7272727272725,14.545454545454545,5.4475549541282296e306,3.272727272727273,0.0001278672638158607,3.6919896195823306e-8,0.00039721675379355247,-0.9999999783464,0.0004755651920757907,0.00041468249354720493,0.0012710486246795018,3.6919896195823306e-8,-1.0,0.0
1652.53906416893,5326.0,2341.7272727272725,14.545454545454545,5.4475549541282296e306,3.272727272727273,0.0001278672638158607,3.6919896195823306e-8,0.00039721675379355247,-0.9999999783464,0.0004755651920757907,0.00041468249354720493,0.0012710486246795018,3.6919896195823306e-8,-1.0,0.0
1657.7238399982452,5342.0,2357.7272727272725,14.545454545454545,5.4475549541282296e306,3.272727272727273,0.0001278672638158607,3.6919896195823306e-8,0.00039721675379355247,-0.9999999783464,0.0004755651920757907,0.00041468249354720493,0.0012710486246795018,3.6919896195823306e-8,-1.0,0.0
1662.9963691234589,5358.0,2373.7272727272725,14.545454545454545,5.4475549541282296e306,3.272727272727273,0.0001278672638158607,3.6919896195823306e-8,0.00039721675379355247,-0.9999999783464,0.0004755651920757907,0.00041468249354720493,0.0012710486246795018,3.6919896195823306e-8,-1.0,0.0
1668.229120016098,5374.0,2389.7272727272725,14.545454545454545,5.4475549541282296e306,3.272727272727273,0.0001278672638158607,3.6919896195823306e-8,0.00039721675379355247,-0.9999999783464,0.0004755651920757907,0.00041468249354720493,0.0012710486246795018,3.6919896195823306e-8,-1.0,0.0
1673.4308941364288,5390.0,2405.7272727272725,14.545454545454545,5.4475549541282296e306,3.272727272727273,0.0001278672638158607,3.6919896195823306e-8,0.00039721675379355247,-0.9999999783464,0.0004755651920757907,0.00041468249354720493,0.0012710486246795018,3.6919896195823306e-8,-1.0,0.0
1678.5757970809937,5406.0,2421.7272727272725,14.545454545454545,5.4475549541282296e306,3.272727272727273,0.0001278672638158607,3.6919896195823306e-8,0.00039721675379355247,-0.9999999783464,0.0004755651920757907,0.00041468249354720493,0.0012710486246795018,3.6919896195823306e-8,-1.0,0.0
1683.8744480609894,5422.0,2437.7272727272725,14.545454545454545,5.4475549541282296e306,3.272727272727273,0.0001278672638158607,3.6919896195823306e-8,0.00039721675379355247,-0.9999999783464,0.0004755651920757907,0.00041468249354720493,0.0012710486246795018,3.6919896195823306e-8,-1.0,0.0
1689.0772001743317,5438.0,2453.7272727272725,14.545454545454545,5.4475549541282296e306,3.272727272727273,0.0001278672638158607,3.6919896195823306e-8,0.00039721675379355247,-0.9999999783464,0.0004755651920757907,0.00041468249354720493,0.0012710486246795018,3.6919896195823306e-8,-1.0,0.0
1694.2597501277924,5454.0,2469.7272727272725,14.545454545454545,5.4475549541282296e306,3.272727272727273,0.0001278672638158607,3.6919896195823306e-8,0.00039721675379355247,-0.9999999783464,0.0004755651920757907,0.00041468249354720493,0.0012710486246795018,3.6919896195823306e-8,-1.0,0.0
1699.3428649902344,5470.0,2412.676470588235,14.647058823529411,5.287332749595046e306,3.2941176470588234,0.0001278672638158607,3.6919896195823306e-8,0.00039721675379355247,-0.9999999783464,0.0004755651920757907,0.00041468249354720493,0.0012710486246795018,3.6919896195823306e-8,-1.0,0.0
1704.4809980392456,5486.0,2428.676470588235,14.647058823529411,5.287332749595046e306,3.2941176470588234,0.0001278672638158607,3.6919896195823306e-8,0.00039721675379355247,-0.9999999783464,0.0004755651920757907,0.00041468249354720493,0.0012710486246795018,3.6919896195823306e-8,-1.0,0.0
1709.6556441783905,5502.0,2379.6176470588234,14.647058823529411,5.287332749595046e306,3.2941176470588234,0.0001278672638158607,3.6919896195823306e-8,0.00039721675379355247,-0.9999999783464,0.0004755651920757907,0.00041468249354720493,0.0012710486246795018,3.6919896195823306e-8,-1.0,0.0
1714.8657851219177,5518.0,2337.3333333333335,14.818181818181818,5.4475549541282296e306,3.3333333333333335,0.0001278672638158607,3.6919896195823306e-8,0.00039721675379355247,-0.9999999783464,0.0004755651920757907,0.00041468249354720493,0.0012710486246795018,3.6919896195823306e-8,-1.0,0.0
1720.0667910575867,5534.0,2353.3333333333335,14.818181818181818,5.4475549541282296e306,3.3333333333333335,0.0001278672638158607,3.6919896195823306e-8,0.00039721675379355247,-0.9999999783464,0.0004755651920757907,0.00041468249354720493,0.0012710486246795018,3.6919896195823306e-8,-1.0,0.0
1725.2241761684418,5550.0,2369.3333333333335,14.818181818181818,5.4475549541282296e306,3.3333333333333335,0.0001278672638158607,3.6919896195823306e-8,0.00039721675379355247,-0.9999999783464,0.0004755651920757907,0.00041468249354720493,0.0012710486246795018,3.6919896195823306e-8,-1.0,0.0
1730.4211580753326,5566.0,2385.3333333333335,14.818181818181818,5.4475549541282296e306,3.3333333333333335,0.0001278672638158607,3.6919896195823306e-8,0.00039721675379355247,-0.9999999783464,0.0004755651920757907,0.00041468249354720493,0.0012710486246795018,3.6919896195823306e-8,-1.0,0.0
1735.5959692001343,5582.0,2401.3333333333335,14.818181818181818,5.4475549541282296e306,3.3333333333333335,0.0001278672638158607,3.6919896195823306e-8,0.00039721675379355247,-0.9999999783464,0.0004755651920757907,0.00041468249354720493,0.0012710486246795018,3.6919896195823306e-8,-1.0,0.0
1740.6199440956116,5598.0,2417.3333333333335,14.818181818181818,5.4475549541282296e306,3.3333333333333335,0.0001278672638158607,3.6919896195823306e-8,0.00039721675379355247,-0.9999999783464,0.0004755651920757907,0.00041468249354720493,0.0012710486246795018,3.6919896195823306e-8,-1.0,0.0
1745.790871143341,5614.0,2433.3333333333335,14.818181818181818,5.4475549541282296e306,3.3333333333333335,0.0001278672638158607,3.6919896195823306e-8,0.00039721675379355247,-0.9999999783464,0.0004755651920757907,0.00041468249354720493,0.0012710486246795018,3.6919896195823306e-8,-1.0,0.0
1750.908919095993,5630.0,2449.3333333333335,14.818181818181818,5.4475549541282296e306,3.3333333333333335,0.0001278672638158607,3.6919896195823306e-8,0.00039721675379355247,-0.9999999783464,0.0004755651920757907,0.00041468249354720493,0.0012710486246795018,3.6919896195823306e-8,-1.0,0.0
1756.1173980236053,5646.0,2465.3333333333335,14.818181818181818,5.4475549541282296e306,3.3333333333333335,0.0001278672638158607,3.6919896195823306e-8,0.00039721675379355247,-0.9999999783464,0.0004755651920757907,0.00041468249354720493,0.0012710486246795018,3.6919896195823306e-8,-1.0,0.0
1761.2666001319885,5662.0,2481.3333333333335,14.818181818181818,5.4475549541282296e306,3.3333333333333335,0.0001278672638158607,3.6919896195823306e-8,0.00039721675379355247,-0.9999999783464,0.0004755651920757907,0.00041468249354720493,0.0012710486246795018,3.6919896195823306e-8,-1.0,0.0
1766.4731440544128,5678.0,2497.3333333333335,14.818181818181818,5.4475549541282296e306,3.3333333333333335,0.0001278672638158607,3.6919896195823306e-8,0.00039721675379355247,-0.9999999783464,0.0004755651920757907,0.00041468249354720493,0.0012710486246795018,3.6919896195823306e-8,-1.0,0.0
1771.6740400791168,5694.0,2477.7272727272725,14.818181818181818,5.4475549541282296e306,3.3333333333333335,0.0001278672638158607,3.6919896195823306e-8,0.00039721675379355247,-0.9999999783464,0.0004755651920757907,0.00041468249354720493,0.0012710486246795018,3.6919896195823306e-8,-1.0,0.0
1776.800358057022,5710.0,2351.1714285714284,14.885714285714286,5.136266099606616e306,3.342857142857143,0.0001278672638158607,3.6919896195823306e-8,0.00039721675379355247,-0.9999999783464,0.0004755651920757907,0.00041468249354720493,0.0012710486246795018,3.6919896195823306e-8,-1.0,0.0
1781.9417471885681,5726.0,2366.714285714286,14.885714285714286,5.136266099606616e306,3.342857142857143,0.0001278672638158607,3.6919896195823306e-8,0.00039721675379355247,-0.9999999783464,0.0004755651920757907,0.00041468249354720493,0.0012710486246795018,3.6919896195823306e-8,-1.0,0.0
1787.0471940040588,5742.0,2382.714285714286,14.885714285714286,5.136266099606616e306,3.342857142857143,0.0001278672638158607,3.6919896195823306e-8,0.00039721675379355247,-0.9999999783464,0.0004755651920757907,0.00041468249354720493,0.0012710486246795018,3.6919896195823306e-8,-1.0,0.0
1792.197585105896,5758.0,2398.714285714286,14.885714285714286,5.136266099606616e306,3.342857142857143,0.0001278672638158607,3.6919896195823306e-8,0.00039721675379355247,-0.9999999783464,0.0004755651920757907,0.00041468249354720493,0.0012710486246795018,3.6919896195823306e-8,-1.0,0.0
1797.377883195877,5774.0,2414.714285714286,14.885714285714286,5.136266099606616e306,3.342857142857143,0.0001278672638158607,3.6919896195823306e-8,0.00039721675379355247,-0.9999999783464,0.0004755651920757907,0.00041468249354720493,0.0012710486246795018,3.6919896195823306e-8,-1.0,0.0
