time,generation,mean age hall_of_fame,mean compl,mean recursive_compl,mean n_params,min mae,min mse,min max_ae,min minus_r2,min mare,min q75_are,min max_are,min ms_processed_e,min minus_spearman,max penalty
10.514164209365845,1.0,0.0,8.0,28286.0,1.0,0.14354197706807817,0.030662615055879885,0.31980621731595016,-0.9808011432562429,0.2926861945898258,0.34363319877209864,1.0,0.030662615055879885,-1.0,0.0
15.694984197616577,8.0,2.888888888888889,6.555555555555555,1.2865787693035132e76,1.4444444444444444,0.10334855647078224,0.013688450273657513,0.18186461635546114,-0.9914292177829889,0.29268619444383465,0.22039858009265306,1.0,0.013688450273657513,-1.0,0.0
20.7203950881958,25.0,11.384615384615385,8.846153846153847,8.907083787485862e75,2.076923076923077,0.02401174202154729,0.0007930794404982288,0.04492846916006776,-0.9995034272668265,0.04935462731607614,0.0455208720621521,0.21554473126946727,0.0007930794404982288,-1.0,0.0
25.948267221450806,41.0,19.4,11.266666666666667,7.71947261582108e75,2.466666666666667,0.024011735780686858,0.0007930794404030382,0.044928468745440764,-0.9995034272668861,0.041974375849460864,0.045520831427771066,0.08737131826831437,0.0007930794404030382,-1.0,0.0
31.103511095046997,60.0,26.066666666666666,8.733333333333333,7.71947261582108e75,1.9333333333333333,0.02185451430400241,0.0006856200573732982,0.044987071328660644,-0.9995707110682449,0.049279101746377556,0.04543586532553028,0.21538727090255144,0.0006856200573732982,-1.0,0.0
36.34149718284607,78.0,29.125,11.1875,14713.3125,2.4375,0.01151850848643517,0.00023524832563864706,0.025831569235531093,-0.9998527034013598,0.06332606841510396,0.02858429320334803,0.27859620077317093,0.00023524832563864706,-1.0,0.0
41.545166015625,96.0,29.863636363636363,13.090909090909092,8305.272727272728,2.9545454545454546,0.011518508486153472,0.00023524832563864354,0.025831569236388963,-0.9998527034013598,0.0633260684132075,0.02858429320261622,0.27859620077317093,0.00023524832563864354,-1.0,0.0
47.76495409011841,114.0,44.523809523809526,12.476190476190476,13623.761904761905,2.8095238095238093,0.011518508486153472,0.00023524832563864354,0.025831568830021356,-0.9998527034013598,0.041644386394121206,0.02858429320261622,0.08551063864319142,0.00023524832563864354,-1.0,0.0
53.00861310958862,133.0,54.25,12.25,14458.55,2.75,0.011518508486153472,0.00023524832563864354,0.025831568830021356,-0.9998527034013598,0.041644386394121206,0.02858429320261622,0.08551063864319142,0.00023524832563864354,-1.0,0.0
58.20152401924133,152.0,62.130434782608695,12.782608695652174,12580.565217391304,2.8260869565217392,0.011518508486153472,0.00023524832563864354,0.025831568830021356,-0.9998527034013598,0.04164438028618039,0.027414391989122856,0.08551062888046951,0.00023524832563864354,-1.0,0.0
63.36924719810486,170.0,71.30434782608695,12.73913043478261,9.327170733873111e153,2.9130434782608696,0.008200766255287855,0.0001574695991484161,0.025831568830021356,-0.999901403182017,0.008965418779278776,0.014044126013849332,0.0274376178020143,0.0001574695991484161,-1.0,0.0
68.42912602424622,183.0,73.16666666666667,13.416666666666666,7.490388061926316e306,3.0,0.007485260661331569,0.00012407135517572053,0.024611208284944786,-0.9999223149046589,0.009069596654762316,0.014046750296222921,0.027437156843174326,0.00012407135517572053,-1.0,0.0
73.67781519889832,200.0,79.375,13.416666666666666,7.490388061926316e306,3.0416666666666665,0.007485261866541792,0.00012407135517568008,0.024611202548307842,-0.999922314904659,0.008964333766148549,0.01404667096661607,0.02743724481765281,0.00012407135517568008,-1.0,0.0
78.98545002937317,217.0,93.08333333333333,13.416666666666666,Inf,3.0416666666666665,0.007485261866541792,0.00012407135517568008,0.024611202548307842,-0.999922314904659,0.00896431313467628,0.014046747131245459,0.02743716091781561,0.00012407135517568008,-1.0,0.0
84.19202899932861,234.0,103.36,13.96,Inf,3.12,0.007485261866541792,0.00012407135517568008,0.024611022597093357,-0.999922314904659,0.00896431313467628,0.014046747131245459,0.02743716091781561,0.00012407135517568008,-1.0,0.0
89.33965611457825,251.0,102.32,14.56,Inf,3.24,0.007485261866541792,0.00012407135517568008,0.024611137364633384,-0.999922314904659,0.00896431313467628,0.014046747131245459,0.02743716091781561,0.00012407135517568008,-1.0,0.0
94.58860611915588,268.0,109.9090909090909,13.545454545454545,Inf,3.0,0.007485261866541792,0.00012407135517568008,0.02461117815525693,-0.999922314904659,0.00896431313467628,0.014046747131245459,0.02743716091781561,0.00012407135517568008,-1.0,0.0
99.6538770198822,284.0,111.04,14.88,Inf,3.32,0.0070543524941778565,0.00010144544680056454,0.018564342993250937,-0.9999364817189635,0.00896431313467628,0.014046747131245459,0.02743716091781561,0.00010144544680056454,-1.0,0.0
104.67923712730408,300.0,116.58333333333333,14.833333333333334,Inf,3.2916666666666665,0.0065848384983912735,8.68233683757524e-5,0.01654442752362606,-0.9999456370760152,0.00896431313467628,0.014046747131245459,0.02743716091781561,8.68233683757524e-5,-1.0,0.0
109.80826020240784,316.0,124.08695652173913,14.26086956521739,Inf,3.217391304347826,0.006266940460700681,7.817350091048454e-5,0.015910974088110402,-0.9999510530382877,0.00896431313467628,0.014046747131245459,0.02743716091781561,7.817350091048454e-5,-1.0,0.0
114.82325911521912,332.0,140.57142857142858,13.142857142857142,1.2769340885659616e153,3.142857142857143,0.005948558109445752,7.035307852793753e-5,0.015276525800193855,-0.9999559496581202,0.00896431313467628,0.014046747131245459,0.02743716091781561,7.035307852793753e-5,-1.0,0.0
119.84221601486206,348.0,147.0952380952381,13.142857142857142,1.2769340885659616e153,3.0952380952380953,0.0058537551532470014,6.823932549640952e-5,0.015107261141748159,-0.999957273147378,0.01849487137620244,0.014461361420975018,0.07608389479067039,6.823932549640952e-5,-1.0,0.0
124.85112404823303,364.0,153.72727272727272,13.772727272727273,1.2188916299947816e153,3.1818181818181817,0.005394229938031003,4.3475219678306626e-5,0.010190524114625177,-0.9999727787563786,0.017469014534142208,0.012444412776190775,0.07608389479067039,4.3475219678306626e-5,-1.0,0.0
129.85795521736145,380.0,155.04347826086956,14.173913043478262,7.816057108097024e306,3.3043478260869565,0.005394229938031003,4.3475219678306626e-5,0.010190524114625177,-0.9999727787563786,0.01635058990079177,0.012444412776190775,0.038420298416388464,4.3475219678306626e-5,-1.0,0.0
134.94853901863098,397.0,156.24,14.64,Inf,3.4,0.005394229938031003,4.3475219678306626e-5,0.010190524114625177,-0.9999727787563786,0.01635058990079177,0.012444412776190775,0.038420298416388464,4.3475219678306626e-5,-1.0,0.0
140.16604113578796,415.0,175.91304347826087,13.0,Inf,3.0869565217391304,0.0053942299381130624,4.3475219678305196e-5,0.010190524110233135,-0.9999727787563786,0.01635058990079177,0.01244441277838678,0.038420298416388464,4.3475219678305196e-5,-1.0,0.0
145.31350708007812,433.0,189.69565217391303,13.0,Inf,3.0869565217391304,0.0053942299381130624,4.3475219678305196e-5,0.010190524110233135,-0.9999727787563786,0.01635058990079177,0.01244441277838678,0.038420298416388464,4.3475219678305196e-5,-1.0,0.0
150.32742404937744,451.0,206.17391304347825,13.0,Inf,3.0869565217391304,0.0053942299381130624,4.3475219678305196e-5,0.010190524110233135,-0.9999727787563786,0.01635058990079177,0.01244441277838678,0.038420298416388464,4.3475219678305196e-5,-1.0,0.0
155.39081001281738,469.0,206.68,14.12,Inf,3.32,0.0053942299381130624,4.3475219678305196e-5,0.010190524110233135,-0.9999727787563786,0.01635058990079177,0.01244441277838678,0.038420298416388464,4.3475219678305196e-5,-1.0,0.0
160.44243621826172,487.0,218.75,13.5,Inf,3.25,0.005095017273839844,4.3475219678305196e-5,0.010190524110233135,-0.9999727787563786,0.01746901453344483,0.01244441277838678,0.09725936934528762,4.3475219678305196e-5,-1.0,0.0
165.57490301132202,505.0,226.52,13.96,Inf,3.36,0.005095017283799294,4.3475219678305196e-5,0.010190524110233135,-0.9999727787563786,0.015697414643268192,0.011440460428848487,0.08362872735694371,4.3475219678305196e-5,-1.0,0.0
170.68572306632996,523.0,230.16,13.96,Inf,3.4,0.0010159422397667166,2.2215497177176517e-6,0.002784935712084803,-0.9999986090157443,0.008020613055246014,0.0038622737044077004,0.053554630127454046,2.2215497177176517e-6,-1.0,0.0
175.72480511665344,541.0,213.59259259259258,15.074074074074074,Inf,3.6296296296296298,0.0007671666677415674,7.759862235336345e-7,0.0016922100469568546,-0.9999995141298837,0.002119622784921705,0.002158132272349303,0.008907564889883906,7.759862235336345e-7,-1.0,0.0
180.9883930683136,560.0,231.53846153846155,14.923076923076923,Inf,3.6153846153846154,0.0002434422606211904,1.0683452436921716e-7,0.0006239935856103829,-0.9999999331074428,0.0015764751498369388,0.0007268483360660541,0.010222987654541998,1.0683452436921716e-7,-1.0,0.0
186.26090121269226,579.0,243.57692307692307,14.923076923076923,Inf,3.6153846153846154,0.0002434422606211904,1.0683452436921716e-7,0.0006239935856103829,-0.9999999331074428,0.0015764751498369388,0.0007268483360660541,0.010222987654541998,1.0683452436921716e-7,-1.0,0.0
191.39335107803345,597.0,255.03846153846155,14.923076923076923,Inf,3.6153846153846154,0.0002434422606211904,1.0683452436921716e-7,0.0006239935856103829,-0.9999999331074428,0.0015764751498369388,0.0007268483360660541,0.010222987654541998,1.0683452436921716e-7,-1.0,0.0
196.45842123031616,615.0,250.0,14.923076923076923,Inf,3.6153846153846154,0.0002434422606211904,1.0683452436921716e-7,0.0006239935856103829,-0.9999999331074428,0.0015764751498369388,0.0007268483360660541,0.010222987654541998,1.0683452436921716e-7,-1.0,0.0
201.56951212882996,633.0,214.84,14.76,Inf,3.56,0.00024344226063913437,1.0683452436919878e-7,0.0006239935856106049,-0.9999999331074428,0.001576475149677421,0.0007268483359594256,0.010222987653239665,1.0683452436919878e-7,-1.0,0.0
206.8369960784912,651.0,222.36,14.76,Inf,3.56,0.00024344226063913437,1.0683452436919878e-7,0.0006239935856106049,-0.9999999331074428,0.001576475149677421,0.0007268483359594256,0.010222987653239665,1.0683452436919878e-7,-1.0,0.0
212.10824418067932,669.0,223.48,14.76,Inf,3.56,0.00024344226063913437,1.0683452436919878e-7,0.0006239935856106049,-0.9999999331074428,0.001576475149677421,0.0007268483359594256,0.010222987653239665,1.0683452436919878e-7,-1.0,0.0
217.2742202281952,687.0,240.54166666666666,14.375,Inf,3.4583333333333335,0.00024344226063913437,1.0683452436919878e-7,0.0006239935856106049,-0.9999999331074428,0.001576475149677421,0.0007268483359594256,0.010222987653239665,1.0683452436919878e-7,-1.0,0.0
222.36899399757385,705.0,253.79166666666666,14.375,Inf,3.4583333333333335,0.00024344226063913437,1.0683452436919878e-7,0.0006239935856106049,-0.9999999331074428,0.001576475149677421,0.0007268483359594256,0.010222987653239665,1.0683452436919878e-7,-1.0,0.0
227.54048919677734,723.0,265.3333333333333,14.333333333333334,Inf,3.4583333333333335,0.00024344226063913437,1.0683452436919878e-7,0.0006239935856106049,-0.9999999331074428,0.001576475149677421,0.0007268483359594256,0.010222987653239665,1.0683452436919878e-7,-1.0,0.0
232.67952919006348,741.0,271.92,14.88,Inf,3.6,0.00024344226063913437,1.0683452436919878e-7,0.0006239935856106049,-0.9999999331074428,0.001576475149677421,0.0007268483359594256,0.010222987653239665,1.0683452436919878e-7,-1.0,0.0
237.75005221366882,759.0,255.08,14.88,Inf,3.6,0.00024344226063913437,1.0683452436919878e-7,0.0006239935856106049,-0.9999999331074428,0.001576475149677421,0.0007268483359594256,0.010222987653239665,1.0683452436919878e-7,-1.0,0.0
242.8035011291504,777.0,269.4,14.88,Inf,3.6,0.00024344226063913437,1.0683452436919878e-7,0.0006239935856106049,-0.9999999331074428,0.001576475149677421,0.0007268483359594256,0.010222987653239665,1.0683452436919878e-7,-1.0,0.0
247.99481415748596,796.0,285.56,14.88,Inf,3.56,0.00024344226063913437,1.0683452436919878e-7,0.0006239935856106049,-0.9999999331074428,0.001576475149677421,0.0007268483359594256,0.010222987653239665,1.0683452436919878e-7,-1.0,0.0
253.0437581539154,814.0,286.68,14.88,Inf,3.6,0.00024344225938258395,1.0683452436917959e-7,0.000623993592251737,-0.9999999331074428,0.0015764751399194817,0.0007268483245128634,0.010222987585159694,1.0683452436917959e-7,-1.0,0.0
258.08513617515564,832.0,289.96,14.88,Inf,3.6,0.0002434422594226075,1.0683452436917937e-7,0.000623993592261729,-0.9999999331074428,0.001576475139593304,0.0007268483242933822,0.01022298758243974,1.0683452436917937e-7,-1.0,0.0
263.3545880317688,851.0,305.24,14.8,Inf,3.6,0.0002434422606301277,1.068345243691697e-7,0.0006239935856106049,-0.9999999331074428,0.0015764751497881152,0.0007268483360302452,0.010222987654119274,1.068345243691697e-7,-1.0,0.0
268.52973318099976,870.0,323.44,14.8,Inf,3.6,0.0002434422606301277,1.068345243691697e-7,0.0006239935856106049,-0.9999999331074428,0.0015764751497881152,0.0007268483360302452,0.010222987654119274,1.068345243691697e-7,-1.0,0.0
273.56845712661743,888.0,337.04,14.8,Inf,3.6,4.7715553121277336e-5,5.343232047050491e-9,0.00016449165492848916,-0.9999999966544293,8.939878837704874e-5,0.00018091712013378956,0.0002559511068932307,5.343232047050491e-9,-1.0,0.0
278.81703305244446,907.0,343.4782608695652,14.043478260869565,Inf,3.4347826086956523,8.678288665425575e-6,1.6824809433620398e-10,2.9140177779996e-5,-0.9999999998946544,1.817702425723035e-5,3.200628857880453e-5,6.182961401116725e-5,1.6824809433620398e-10,-1.0,0.0
284.02536511421204,926.0,329.0,14.043478260869565,Inf,3.4347826086956523,8.678004308651337e-6,1.682479398859184e-10,2.913994858178004e-5,-0.9999999998946545,1.8171361448680193e-5,3.200658023599788e-5,6.178707984098832e-5,1.682479398859184e-10,-1.0,0.0
289.19223523139954,945.0,336.2173913043478,14.043478260869565,Inf,3.4347826086956523,8.678004308651337e-6,1.682479398859184e-10,2.913994858178004e-5,-0.9999999998946545,1.8171361448680193e-5,3.200658023599788e-5,6.178707984098832e-5,1.682479398859184e-10,-1.0,0.0
294.29351711273193,964.0,335.7826086956522,14.043478260869565,Inf,3.4347826086956523,8.677787668362295e-6,1.682478558373041e-10,2.9139982495762773e-5,-0.9999999998946546,1.8168648043827855e-5,3.2006630302584816e-5,6.176794053039908e-5,1.682478558373041e-10,-1.0,0.0
299.404176235199,983.0,353.95652173913044,14.043478260869565,Inf,3.4347826086956523,8.677787668362295e-6,1.682478558373041e-10,2.9139982495762773e-5,-0.9999999998946546,1.8168648043827855e-5,3.2006630302584816e-5,6.176794053039908e-5,1.682478558373041e-10,-1.0,0.0
304.5541191101074,1002.0,364.9130434782609,14.043478260869565,Inf,3.4347826086956523,8.677774827189726e-6,1.6824784981177795e-10,2.913997749676156e-5,-0.9999999998946546,1.816843408026689e-5,3.200663934396663e-5,6.176636396283793e-5,1.6824784981177795e-10,-1.0,0.0
309.6970820426941,1021.0,378.8695652173913,14.043478260869565,Inf,3.4347826086956523,8.677774827189726e-6,1.6824784981177795e-10,2.913997749676156e-5,-0.9999999998946546,1.816843408026689e-5,3.200663934396663e-5,6.176636396283793e-5,1.6824784981177795e-10,-1.0,0.0
314.8035190105438,1040.0,394.8695652173913,14.043478260869565,Inf,3.4347826086956523,8.677204113879781e-6,1.682477720075078e-10,2.913981740315652e-5,-0.9999999998946546,1.816992992452105e-5,3.20084891040534e-5,6.177682991972813e-5,1.682477720075078e-10,-1.0,0.0
319.87767720222473,1059.0,411.2608695652174,14.043478260869565,Inf,3.4347826086956523,8.677204113879781e-6,1.682477720075078e-10,2.913981740315652e-5,-0.9999999998946546,1.816992992452105e-5,3.20084891040534e-5,6.177682991972813e-5,1.682477720075078e-10,-1.0,0.0
325.0608470439911,1078.0,422.5652173913044,14.043478260869565,Inf,3.4347826086956523,8.677204113879781e-6,1.682477720075078e-10,2.913981740315652e-5,-0.9999999998946546,1.816992992452105e-5,3.20084891040534e-5,6.177682991972813e-5,1.682477720075078e-10,-1.0,0.0
330.3077402114868,1097.0,440.8695652173913,14.043478260869565,Inf,3.4347826086956523,8.677204113879781e-6,1.682477720075078e-10,2.913981740315652e-5,-0.9999999998946546,1.816992992452105e-5,3.20084891040534e-5,6.177682991972813e-5,1.682477720075078e-10,-1.0,0.0
335.47978019714355,1116.0,459.1304347826087,14.043478260869565,Inf,3.4347826086956523,8.677204113879781e-6,1.682477720075078e-10,2.913981740315652e-5,-0.9999999998946546,1.816992992452105e-5,3.20084891040534e-5,6.177682991972813e-5,1.682477720075078e-10,-1.0,0.0
340.73569416999817,1135.0,439.39130434782606,14.043478260869565,Inf,3.4347826086956523,8.677204113879781e-6,1.682477720075078e-10,2.913981740315652e-5,-0.9999999998946546,1.816992992452105e-5,3.20084891040534e-5,6.177682991972813e-5,1.682477720075078e-10,-1.0,0.0
345.79760813713074,1153.0,457.39130434782606,14.043478260869565,Inf,3.4347826086956523,8.677204113879781e-6,1.682477720075078e-10,2.913981740315652e-5,-0.9999999998946546,1.816992992452105e-5,3.20084891040534e-5,6.177682991972813e-5,1.682477720075078e-10,-1.0,0.0
350.8160791397095,1171.0,451.2608695652174,14.043478260869565,Inf,3.4347826086956523,8.677204113879781e-6,1.682477720075078e-10,2.913981740315652e-5,-0.9999999998946546,1.816992992452105e-5,3.20084891040534e-5,6.177682991972813e-5,1.682477720075078e-10,-1.0,0.0
355.9819371700287,1190.0,468.0869565217391,14.043478260869565,Inf,3.4347826086956523,8.677204113879781e-6,1.682477720075078e-10,2.913981740315652e-5,-0.9999999998946546,1.816992992452105e-5,3.20084891040534e-5,6.177682991972813e-5,1.682477720075078e-10,-1.0,0.0
361.20129013061523,1209.0,462.2173913043478,14.043478260869565,Inf,3.4347826086956523,8.677204113879781e-6,1.682477720075078e-10,2.913981740315652e-5,-0.9999999998946546,1.816992992452105e-5,3.20084891040534e-5,6.177682991972813e-5,1.682477720075078e-10,-1.0,0.0
366.4541392326355,1228.0,470.9130434782609,14.0,Inf,3.4347826086956523,8.677204113879781e-6,1.682477720075078e-10,2.913981740315652e-5,-0.9999999998946546,1.816992992452105e-5,3.20084891040534e-5,6.177682991972813e-5,1.682477720075078e-10,-1.0,0.0
371.70683908462524,1247.0,454.7916666666667,14.625,Inf,3.5833333333333335,8.677204113879781e-6,1.682477720075078e-10,2.913981740315652e-5,-0.9999999998946546,1.816992992452105e-5,3.20084891040534e-5,6.177682991972813e-5,1.682477720075078e-10,-1.0,0.0
376.86899399757385,1266.0,470.375,14.625,Inf,3.5833333333333335,8.677204113879781e-6,1.682477720075078e-10,2.913981740315652e-5,-0.9999999998946546,1.816992992452105e-5,3.20084891040534e-5,6.177682991972813e-5,1.682477720075078e-10,-1.0,0.0
381.88162207603455,1284.0,458.32,14.6,Inf,3.6,8.677587441749228e-6,1.6824776228752429e-10,2.91399057287256e-5,-0.9999999998946546,1.816531841456007e-5,3.200676994994238e-5,6.174342267580615e-5,1.6824776228752429e-10,-1.0,0.0
386.95081901550293,1302.0,460.44,14.6,Inf,3.6,8.677587441749228e-6,1.6824776228752429e-10,2.91399057287256e-5,-0.9999999998946546,1.816531841456007e-5,3.200676994994238e-5,6.174342267580615e-5,1.6824776228752429e-10,-1.0,0.0
392.1921901702881,1320.0,477.4,14.6,Inf,3.6,8.67754755271271e-6,1.6824774365158124e-10,2.9139889584750556e-5,-0.9999999998946546,1.8164653064748405e-5,3.2006797702676176e-5,6.173852384281628e-5,1.6824774365158124e-10,-1.0,0.0
397.3434360027313,1338.0,490.68,14.6,Inf,3.6,8.648452303599945e-6,1.6824608095819478e-10,2.9104811674285358e-5,-0.9999999998946557,1.7509620832396608e-5,3.2049446640740036e-5,5.67413938855226e-5,1.6824608095819478e-10,-1.0,0.0
402.48915219306946,1356.0,484.0,14.538461538461538,Inf,3.576923076923077,8.648277138481424e-6,1.6824581830900926e-10,2.9105850092525642e-5,-0.9999999998946558,1.7514202411703635e-5,3.2048449173816647e-5,5.678343784916785e-5,1.6824581830900926e-10,-1.0,0.0
407.6969561576843,1374.0,470.34615384615387,14.538461538461538,Inf,3.576923076923077,8.648183204481956e-6,1.6824567507275493e-10,2.9106424142444354e-5,-0.9999999998946559,1.7516841307681733e-5,3.204790723409692e-5,5.6807441316540034e-5,1.6824567507275493e-10,-1.0,0.0
412.74687910079956,1391.0,486.7307692307692,14.538461538461538,Inf,3.576923076923077,8.64797083685847e-6,1.6824188575995027e-10,2.912540743804648e-5,-0.9999999998946583,1.7655290152966235e-5,3.203066475156387e-5,5.796820479808786e-5,1.6824188575995027e-10,-1.0,0.0
417.91080808639526,1409.0,503.9230769230769,14.538461538461538,Inf,3.576923076923077,8.648397375343557e-6,1.682418503140386e-10,2.9125716759947906e-5,-0.9999999998946584,1.7658988392112997e-5,3.20295856252412e-5,5.799700935518519e-5,1.682418503140386e-10,-1.0,0.0
423.16867208480835,1427.0,521.3076923076923,14.538461538461538,Inf,3.576923076923077,8.648715872891337e-6,1.6824181708216045e-10,2.9125999559176385e-5,-0.9999999998946584,1.766356208444016e-5,3.202894627612894e-5,5.8032027838605325e-5,1.6824181708216045e-10,-1.0,0.0
428.2112891674042,1444.0,537.6538461538462,14.538461538461538,Inf,3.576923076923077,8.635690469885153e-6,1.6824128989182151e-10,2.9159044237725418e-5,-0.9999999998946587,1.7781419218871688e-5,3.201042511718521e-5,5.9178635805879145e-5,1.6824128989182151e-10,-1.0,0.0
433.3741841316223,1461.0,554.0384615384615,14.538461538461538,Inf,3.576923076923077,8.6372917237924e-6,1.6824102053128035e-10,2.9158533824680255e-5,-0.9999999998946588,1.7774619431971515e-5,3.200691997673576e-5,5.912176381621076e-5,1.6824102053128035e-10,-1.0,0.0
438.4619390964508,1478.0,565.5384615384615,14.538461538461538,Inf,3.576923076923077,8.639380300187564e-6,1.6824087826313433e-10,2.9157241410060486e-5,-0.9999999998946589,1.777142444698151e-5,3.2004077758395094e-5,5.908538793286266e-5,1.6824087826313433e-10,-1.0,0.0
443.64026713371277,1495.0,581.8461538461538,14.538461538461538,Inf,3.576923076923077,8.640136609647069e-6,1.6824085017777434e-10,2.915663717140138e-5,-0.9999999998946589,1.7771581375716665e-5,3.200355105986635e-5,5.908038817123063e-5,1.6824085017777434e-10,-1.0,0.0
448.8471040725708,1512.0,579.28,14.6,Inf,3.6,8.640806335699462e-6,1.682408323327305e-10,2.9156033746979837e-5,-0.9999999998946589,1.7772410487923555e-5,3.2003319341840296e-5,5.908041391898678e-5,1.682408323327305e-10,-1.0,0.0
453.99404406547546,1529.0,595.6,14.6,Inf,3.6,8.641693393640452e-6,1.682408155746039e-10,2.915513950130233e-5,-0.9999999998946589,1.7774503742447643e-5,3.200334369620688e-5,5.9086898060111075e-5,1.682408155746039e-10,-1.0,0.0
459.04731917381287,1546.0,588.0,14.6,Inf,3.6,8.642858090063092e-6,1.6824080325559238e-10,2.915384251889197e-5,-0.9999999998946589,1.7778664148046768e-5,3.20038220258434e-5,5.910466168260658e-5,1.6824080325559238e-10,-1.0,0.0
464.16659712791443,1563.0,577.68,14.6,Inf,3.6,8.643449140493913e-6,1.6824080139151812e-10,2.9153150212235523e-5,-0.9999999998946589,1.778123569591651e-5,3.200419852432578e-5,5.9116739784222835e-5,1.6824080139151812e-10,-1.0,0.0
469.33716917037964,1580.0,594.2,14.6,Inf,3.6,8.643448745712483e-6,1.6824080137529065e-10,2.915315010831865e-5,-0.9999999998946589,1.7781237791785992e-5,3.200419994438723e-5,5.911675478026258e-5,1.6824080137529065e-10,-1.0,0.0
474.5640730857849,1597.0,597.64,14.6,Inf,3.6,8.643448745712483e-6,1.6824080137529065e-10,2.915315010831865e-5,-0.9999999998946589,1.7781237791785992e-5,3.200419994438723e-5,5.911675478026258e-5,1.6824080137529065e-10,-1.0,0.0
479.87030506134033,1614.0,614.64,14.6,Inf,3.6,8.643448745712483e-6,1.6824080137529065e-10,2.915315010831865e-5,-0.9999999998946589,1.7781237791785992e-5,3.200419994438723e-5,5.911675478026258e-5,1.6824080137529065e-10,-1.0,0.0
484.98238706588745,1631.0,631.64,14.6,Inf,3.6,8.643448745712483e-6,1.6824080137529065e-10,2.915315010831865e-5,-0.9999999998946589,1.7781237791785992e-5,3.200419994438723e-5,5.911675478026258e-5,1.6824080137529065e-10,-1.0,0.0
490.21223521232605,1648.0,648.64,14.6,Inf,3.6,8.643448745712483e-6,1.6824080137529065e-10,2.915315010831865e-5,-0.9999999998946589,1.7781237791785992e-5,3.200419994438723e-5,5.911675478026258e-5,1.6824080137529065e-10,-1.0,0.0
495.52011013031006,1665.0,665.64,14.6,Inf,3.6,8.643448745712483e-6,1.6824080137529065e-10,2.915315010831865e-5,-0.9999999998946589,1.7781237791785992e-5,3.200419994438723e-5,5.911675478026258e-5,1.6824080137529065e-10,-1.0,0.0
500.7303431034088,1682.0,669.32,14.6,Inf,3.6,8.643448745712483e-6,1.6824080137529065e-10,2.915315010831865e-5,-0.9999999998946589,1.7781237791785992e-5,3.200419994438723e-5,5.911675478026258e-5,1.6824080137529065e-10,-1.0,0.0
506.02688908576965,1699.0,686.16,14.6,Inf,3.6,8.643448745712483e-6,1.6824080137529065e-10,2.915315010831865e-5,-0.9999999998946589,1.7781237791785992e-5,3.200419994438723e-5,5.911675478026258e-5,1.6824080137529065e-10,-1.0,0.0
511.1040952205658,1716.0,689.76,14.6,Inf,3.6,8.643448745712483e-6,1.6824080137529065e-10,2.915315010831865e-5,-0.9999999998946589,1.7781237791785992e-5,3.200419994438723e-5,5.911675478026258e-5,1.6824080137529065e-10,-1.0,0.0
516.2440152168274,1733.0,706.76,14.6,Inf,3.6,8.643448745712483e-6,1.6824080137529065e-10,2.915315010831865e-5,-0.9999999998946589,1.7781237791785992e-5,3.200419994438723e-5,5.911675478026258e-5,1.6824080137529065e-10,-1.0,0.0
521.4975202083588,1751.0,724.76,14.6,Inf,3.6,8.643448745712483e-6,1.6824080137529065e-10,2.915315010831865e-5,-0.9999999998946589,1.7781237791785992e-5,3.200419994438723e-5,5.911675478026258e-5,1.6824080137529065e-10,-1.0,0.0
526.5560250282288,1768.0,741.76,14.6,Inf,3.6,8.643448745712483e-6,1.6824080137529065e-10,2.915315010831865e-5,-0.9999999998946589,1.7781237791785992e-5,3.200419994438723e-5,5.911675478026258e-5,1.6824080137529065e-10,-1.0,0.0
531.6629331111908,1786.0,759.76,14.6,Inf,3.6,8.643448745712483e-6,1.6824080137529065e-10,2.915315010831865e-5,-0.9999999998946589,1.7781237791785992e-5,3.200419994438723e-5,5.911675478026258e-5,1.6824080137529065e-10,-1.0,0.0
536.7866101264954,1804.0,777.76,14.6,Inf,3.6,8.643448745712483e-6,1.6824080137529065e-10,2.915315010831865e-5,-0.9999999998946589,1.7781237791785992e-5,3.200419994438723e-5,5.911675478026258e-5,1.6824080137529065e-10,-1.0,0.0
542.0434420108795,1822.0,795.76,14.6,Inf,3.6,8.643448745712483e-6,1.6824080137529065e-10,2.915315010831865e-5,-0.9999999998946589,1.7781237791785992e-5,3.200419994438723e-5,5.911675478026258e-5,1.6824080137529065e-10,-1.0,0.0
547.2496681213379,1840.0,813.76,14.6,Inf,3.6,8.643448745712483e-6,1.6824080137529065e-10,2.915315010831865e-5,-0.9999999998946589,1.7781237791785992e-5,3.200419994438723e-5,5.911675478026258e-5,1.6824080137529065e-10,-1.0,0.0
552.2655591964722,1857.0,830.76,14.6,Inf,3.6,8.643448745712483e-6,1.6824080137529065e-10,2.915315010831865e-5,-0.9999999998946589,1.7781237791785992e-5,3.200419994438723e-5,5.911675478026258e-5,1.6824080137529065e-10,-1.0,0.0
557.5488831996918,1875.0,848.76,14.6,Inf,3.6,8.643448745712483e-6,1.6824080137529065e-10,2.915315010831865e-5,-0.9999999998946589,1.7781237791785992e-5,3.200419994438723e-5,5.911675478026258e-5,1.6824080137529065e-10,-1.0,0.0
562.8080880641937,1893.0,866.76,14.6,Inf,3.6,8.643448745712483e-6,1.6824080137529065e-10,2.915315010831865e-5,-0.9999999998946589,1.7781237791785992e-5,3.200419994438723e-5,5.911675478026258e-5,1.6824080137529065e-10,-1.0,0.0
568.0709600448608,1911.0,863.12,14.6,Inf,3.6,8.643448745712483e-6,1.6824080137529065e-10,2.915315010831865e-5,-0.9999999998946589,1.7781237791785992e-5,3.200419994438723e-5,5.911675478026258e-5,1.6824080137529065e-10,-1.0,0.0
573.288910150528,1929.0,881.12,14.6,Inf,3.6,8.643448745712483e-6,1.6824080137529065e-10,2.915315010831865e-5,-0.9999999998946589,1.7781237791785992e-5,3.200419994438723e-5,5.911675478026258e-5,1.6824080137529065e-10,-1.0,0.0
578.5147211551666,1947.0,882.16,14.6,Inf,3.6,8.643448745712483e-6,1.6824080137529065e-10,2.915315010831865e-5,-0.9999999998946589,1.7781237791785992e-5,3.200419994438723e-5,5.911675478026258e-5,1.6824080137529065e-10,-1.0,0.0
583.7047390937805,1965.0,900.16,14.6,Inf,3.6,8.643448745712483e-6,1.6824080137529065e-10,2.915315010831865e-5,-0.9999999998946589,1.7781237791785992e-5,3.200419994438723e-5,5.911675478026258e-5,1.6824080137529065e-10,-1.0,0.0
588.9105520248413,1983.0,915.16,14.6,Inf,3.6,8.643448745712483e-6,1.6824080137529065e-10,2.915315010831865e-5,-0.9999999998946589,1.7781237791785992e-5,3.200419994438723e-5,5.911675478026258e-5,1.6824080137529065e-10,-1.0,0.0
594.0626590251923,2001.0,843.8,15.08,Inf,3.72,5.222237312143933e-6,4.4985301300829426e-11,1.1332224711523009e-5,-0.9999999999718332,3.46533948874882e-5,1.890572525417049e-5,0.00011997430411978442,4.4985301300829426e-11,-1.0,0.0
599.1463251113892,2019.0,861.08,15.08,Inf,3.72,5.221895753376553e-6,4.498272373443868e-11,1.133269598854042e-5,-0.9999999999718349,3.465389412741169e-5,1.8903142046688568e-5,0.00011997430411978442,4.498272373443868e-11,-1.0,0.0
604.3518431186676,2037.0,878.4,15.08,Inf,3.72,5.2216064082592425e-6,4.498014881415617e-11,1.1333097122000202e-5,-0.9999999999718364,3.4654264390408e-5,1.8900484605301107e-5,0.00011997430411978442,4.498014881415617e-11,-1.0,0.0
609.5004482269287,2055.0,895.64,15.08,Inf,3.72,5.205668023411207e-6,4.471885386878727e-11,1.1315420839007329e-5,-0.9999999999720001,3.457972778137748e-5,1.8774081409055942e-5,0.00011997430411978442,4.471885386878727e-11,-1.0,0.0
614.6068201065063,2073.0,912.92,15.08,Inf,3.72,5.205582591277617e-6,4.471635148824803e-11,1.1315140509469968e-5,-0.9999999999720016,3.457880444553241e-5,1.877285772734751e-5,0.00011997430411978442,4.471635148824803e-11,-1.0,0.0
619.8068971633911,2091.0,926.4,15.08,Inf,3.72,5.205471640723318e-6,4.471384950569694e-11,1.1314881572487001e-5,-0.9999999999720032,3.457791989356597e-5,1.8771718149353177e-5,0.00011997430411978442,4.471384950569694e-11,-1.0,0.0
624.9374611377716,2109.0,907.4230769230769,14.884615384615385,Inf,3.6538461538461537,5.205368270979997e-6,4.4711764806641224e-11,1.1314674005745429e-5,-0.9999999999720045,3.4577197502485284e-5,1.877080879658244e-5,0.00011997430411978442,4.4711764806641224e-11,-1.0,0.0
630.1633610725403,2127.0,919.0,14.884615384615385,Inf,3.6538461538461537,2.9060228845549305e-6,1.5151620162994798e-11,8.413320225830745e-6,-0.999999999990513,9.755043008599082e-6,9.373445431126369e-6,4.863375165640929e-5,1.5151620162994798e-11,-1.0,0.0
635.2771730422974,2145.0,936.5384615384615,14.884615384615385,Inf,3.6538461538461537,2.9062086540103046e-6,1.5151569805700844e-11,8.413530772299893e-6,-0.9999999999905131,9.756041228839949e-6,9.373389680740848e-6,4.8643328707245154e-5,1.5151569805700844e-11,-1.0,0.0
640.4384760856628,2163.0,953.6153846153846,14.884615384615385,Inf,3.6538461538461537,2.905325559260201e-6,1.5148906628040395e-11,8.411289435072966e-6,-0.9999999999905148,9.749444317598463e-6,9.378911001128384e-6,4.8579668321665564e-5,1.5148906628040395e-11,-1.0,0.0
645.6186752319336,2181.0,970.9230769230769,14.884615384615385,Inf,3.6538461538461537,2.9055998069680775e-6,1.5148827198699868e-11,8.411428748855698e-6,-0.9999999999905148,9.745976700818219e-6,9.377493390414928e-6,4.8554540255926526e-5,1.5148827198699868e-11,-1.0,0.0
650.7721951007843,2199.0,948.9629629629629,15.333333333333334,Inf,3.740740740740741,2.9057809487363292e-6,1.5148754813160465e-11,8.41154676767264e-6,-0.9999999999905149,9.743525873645488e-6,9.376482970731647e-6,4.8536972461555886e-5,1.5148754813160465e-11,-1.0,0.0
655.8754410743713,2212.0,961.2962962962963,15.333333333333334,Inf,3.740740740740741,2.9058182045458777e-6,1.514873296781496e-11,8.411578330647096e-6,-0.9999999999905149,9.742976736447418e-6,9.376254399600364e-6,4.853308671523703e-5,1.514873296781496e-11,-1.0,0.0
661.1244912147522,2230.0,977.0,15.333333333333334,Inf,3.740740740740741,2.9058928515705504e-6,1.5148659913817467e-11,8.411669728203286e-6,-0.9999999999905149,9.741700321806982e-6,9.375715970765027e-6,4.852423326601803e-5,1.5148659913817467e-11,-1.0,0.0
666.14080119133,2247.0,954.6666666666666,15.333333333333334,Inf,3.740740740740741,2.9059122970019266e-6,1.5148609105002144e-11,8.411723135148819e-6,-0.9999999999905149,9.741180821460671e-6,9.375490869297586e-6,4.852079101519164e-5,1.5148609105002144e-11,-1.0,0.0
671.1980891227722,2264.0,969.6296296296297,15.333333333333334,Inf,3.740740740740741,2.6685917179245996e-6,1.4515279079454776e-11,8.488462302946864e-6,-0.9999999999909115,6.868640279567152e-6,9.369421932231674e-6,2.8751318212527586e-5,1.4515279079454776e-11,-1.0,0.0
676.3053150177002,2281.0,985.2592592592592,15.333333333333334,Inf,3.740740740740741,2.550560605596268e-6,1.4420764013401666e-11,8.52696385789109e-6,-0.9999999999909707,5.4292714775887985e-6,9.36741590717983e-6,1.8841518690221736e-5,1.4420764013401666e-11,-1.0,0.0
681.3474390506744,2298.0,965.6428571428571,15.571428571428571,Inf,3.7857142857142856,2.533994286876666e-6,1.441939308599321e-11,8.53219709373576e-6,-0.9999999999909716,5.230356529484877e-6,9.367129701232813e-6,1.7477697318835608e-5,1.441939308599321e-11,-1.0,0.0
686.4411280155182,2315.0,981.3214285714286,15.571428571428571,Inf,3.7857142857142856,2.533994286876666e-6,1.441939308599321e-11,8.53219709373576e-6,-0.9999999999909716,5.230356529484877e-6,9.367129701232813e-6,1.7477697318835608e-5,1.441939308599321e-11,-1.0,0.0
691.4941592216492,2332.0,971.6785714285714,15.571428571428571,Inf,3.7857142857142856,2.533994286876666e-6,1.441939308599321e-11,8.53219709373576e-6,-0.9999999999909716,5.230356529484877e-6,9.367129701232813e-6,1.7477697318835608e-5,1.441939308599321e-11,-1.0,0.0
696.7642421722412,2350.0,1005.3461538461538,14.807692307692308,Inf,3.6153846153846154,2.533994286876666e-6,1.441939308599321e-11,8.53219709373576e-6,-0.9999999999909716,5.230356529484877e-6,9.367129701232813e-6,1.7477697318835608e-5,1.441939308599321e-11,-1.0,0.0
701.9907650947571,2368.0,983.0,14.962962962962964,Inf,3.6666666666666665,2.533994286876666e-6,1.441939308599321e-11,8.53219709373576e-6,-0.9999999999909716,5.230356529484877e-6,9.367129701232813e-6,1.7477697318835608e-5,1.441939308599321e-11,-1.0,0.0
707.2660682201385,2386.0,1001.0,14.962962962962964,Inf,3.6666666666666665,2.533994286876666e-6,1.441939308599321e-11,8.53219709373576e-6,-0.9999999999909716,5.230356529484877e-6,9.367129701232813e-6,1.7477697318835608e-5,1.441939308599321e-11,-1.0,0.0
712.3546941280365,2403.0,1016.7407407407408,14.962962962962964,Inf,3.6666666666666665,2.533994286876666e-6,1.441939308599321e-11,8.53219709373576e-6,-0.9999999999909716,5.230356529484877e-6,9.367129701232813e-6,1.7477697318835608e-5,1.441939308599321e-11,-1.0,0.0
717.3963150978088,2420.0,1030.7407407407406,14.962962962962964,Inf,3.6666666666666665,2.533994286876666e-6,1.441939308599321e-11,8.53219709373576e-6,-0.9999999999909716,5.230356529484877e-6,9.367129701232813e-6,1.7477697318835608e-5,1.441939308599321e-11,-1.0,0.0
722.4499111175537,2437.0,1046.8148148148148,14.962962962962964,Inf,3.6666666666666665,2.533994286876666e-6,1.441939308599321e-11,8.53219709373576e-6,-0.9999999999909716,5.230356529484877e-6,9.367129701232813e-6,1.7477697318835608e-5,1.441939308599321e-11,-1.0,0.0
727.4763221740723,2454.0,1063.8148148148148,14.962962962962964,Inf,3.6666666666666665,2.533994286876666e-6,1.441939308599321e-11,8.53219709373576e-6,-0.9999999999909716,5.230356529484877e-6,9.367129701232813e-6,1.7477697318835608e-5,1.441939308599321e-11,-1.0,0.0
732.4766800403595,2471.0,1080.8148148148148,14.962962962962964,Inf,3.6666666666666665,2.533994286876666e-6,1.441939308599321e-11,8.53219709373576e-6,-0.9999999999909716,5.230356529484877e-6,9.367129701232813e-6,1.7477697318835608e-5,1.441939308599321e-11,-1.0,0.0
737.5082142353058,2488.0,1097.8148148148148,14.962962962962964,Inf,3.6666666666666665,2.533994286876666e-6,1.441939308599321e-11,8.53219709373576e-6,-0.9999999999909716,5.230356529484877e-6,9.367129701232813e-6,1.7477697318835608e-5,1.441939308599321e-11,-1.0,0.0
742.5485360622406,2505.0,1114.8148148148148,14.962962962962964,Inf,3.6666666666666665,2.533994286876666e-6,1.441939308599321e-11,8.53219709373576e-6,-0.9999999999909716,5.230356529484877e-6,9.367129701232813e-6,1.7477697318835608e-5,1.441939308599321e-11,-1.0,0.0
747.8064291477203,2523.0,1132.8148148148148,14.962962962962964,Inf,3.6666666666666665,2.533994286876666e-6,1.441939308599321e-11,8.53219709373576e-6,-0.9999999999909716,5.230356529484877e-6,9.367129701232813e-6,1.7477697318835608e-5,1.441939308599321e-11,-1.0,0.0
753.0233561992645,2541.0,1150.8148148148148,14.962962962962964,Inf,3.6666666666666665,2.533994286876666e-6,1.441939308599321e-11,8.53219709373576e-6,-0.9999999999909716,5.230356529484877e-6,9.367129701232813e-6,1.7477697318835608e-5,1.441939308599321e-11,-1.0,0.0
758.2522752285004,2559.0,1168.8148148148148,14.962962962962964,Inf,3.6666666666666665,2.533994286876666e-6,1.441939308599321e-11,8.53219709373576e-6,-0.9999999999909716,5.230356529484877e-6,9.367129701232813e-6,1.7477697318835608e-5,1.441939308599321e-11,-1.0,0.0
763.519552230835,2577.0,1186.8148148148148,14.962962962962964,Inf,3.6666666666666665,2.533994286876666e-6,1.441939308599321e-11,8.53219709373576e-6,-0.9999999999909716,5.230356529484877e-6,9.367129701232813e-6,1.7477697318835608e-5,1.441939308599321e-11,-1.0,0.0
768.5458450317383,2594.0,1194.6666666666667,14.962962962962964,Inf,3.6666666666666665,2.533994286876666e-6,1.441939308599321e-11,8.53219709373576e-6,-0.9999999999909716,5.230356529484877e-6,9.367129701232813e-6,1.7477697318835608e-5,1.441939308599321e-11,-1.0,0.0
773.8229269981384,2612.0,1193.2962962962963,14.962962962962964,Inf,3.6666666666666665,2.533994286876666e-6,1.441939308599321e-11,8.53219709373576e-6,-0.9999999999909716,5.230356529484877e-6,9.367129701232813e-6,1.7477697318835608e-5,1.441939308599321e-11,-1.0,0.0
779.0433690547943,2630.0,1211.2962962962963,14.962962962962964,Inf,3.6666666666666665,2.533994286876666e-6,1.441939308599321e-11,8.53219709373576e-6,-0.9999999999909716,5.230356529484877e-6,9.367129701232813e-6,1.7477697318835608e-5,1.441939308599321e-11,-1.0,0.0
784.0672280788422,2647.0,1228.2962962962963,14.962962962962964,Inf,3.6666666666666665,2.533994286876666e-6,1.441939308599321e-11,8.53219709373576e-6,-0.9999999999909716,5.230356529484877e-6,9.367129701232813e-6,1.7477697318835608e-5,1.441939308599321e-11,-1.0,0.0
789.1493670940399,2664.0,1245.2962962962963,14.962962962962964,Inf,3.6666666666666665,2.533994286876666e-6,1.441939308599321e-11,8.53219709373576e-6,-0.9999999999909716,5.230356529484877e-6,9.367129701232813e-6,1.7477697318835608e-5,1.441939308599321e-11,-1.0,0.0
794.366149187088,2682.0,1263.2962962962963,14.962962962962964,Inf,3.6666666666666665,2.533994286876666e-6,1.441939308599321e-11,8.53219709373576e-6,-0.9999999999909716,5.230356529484877e-6,9.367129701232813e-6,1.7477697318835608e-5,1.441939308599321e-11,-1.0,0.0
799.4736220836639,2699.0,1270.4074074074074,14.962962962962964,Inf,3.6666666666666665,2.533994286876666e-6,1.441939308599321e-11,8.53219709373576e-6,-0.9999999999909716,5.230356529484877e-6,9.367129701232813e-6,1.7477697318835608e-5,1.441939308599321e-11,-1.0,0.0
804.5857601165771,2716.0,1287.4074074074074,14.962962962962964,Inf,3.6666666666666665,2.533994286876666e-6,1.441939308599321e-11,8.53219709373576e-6,-0.9999999999909716,5.230356529484877e-6,9.367129701232813e-6,1.7477697318835608e-5,1.441939308599321e-11,-1.0,0.0
809.6049430370331,2733.0,1257.8214285714287,14.821428571428571,Inf,3.642857142857143,2.533994286876666e-6,1.441939308599321e-11,8.53219709373576e-6,-0.9999999999909716,5.230356529484877e-6,9.367129701232813e-6,1.7477697318835608e-5,1.441939308599321e-11,-1.0,0.0
814.8836312294006,2751.0,1275.8214285714287,14.821428571428571,Inf,3.642857142857143,2.533994286876666e-6,1.441939308599321e-11,8.53219709373576e-6,-0.9999999999909716,5.230356529484877e-6,9.367129701232813e-6,1.7477697318835608e-5,1.441939308599321e-11,-1.0,0.0
819.980770111084,2768.0,1258.1851851851852,15.0,Inf,3.7037037037037037,2.533994286876666e-6,1.441939308599321e-11,8.53219709373576e-6,-0.9999999999909716,5.230356529484877e-6,9.367129701232813e-6,1.7477697318835608e-5,1.441939308599321e-11,-1.0,0.0
825.0686221122742,2785.0,1216.8148148148148,15.0,Inf,3.7037037037037037,2.533994286876666e-6,1.441939308599321e-11,8.53219709373576e-6,-0.9999999999909716,5.230356529484877e-6,9.367129701232813e-6,1.7477697318835608e-5,1.441939308599321e-11,-1.0,0.0
830.3207612037659,2802.0,1233.0,15.0,Inf,3.7037037037037037,2.533994286876666e-6,1.441939308599321e-11,8.53219709373576e-6,-0.9999999999909716,5.230356529484877e-6,9.367129701232813e-6,1.7477697318835608e-5,1.441939308599321e-11,-1.0,0.0
835.5701131820679,2819.0,1250.0,15.0,Inf,3.7037037037037037,2.533994286876666e-6,1.441939308599321e-11,8.53219709373576e-6,-0.9999999999909716,5.230356529484877e-6,9.367129701232813e-6,1.7477697318835608e-5,1.441939308599321e-11,-1.0,0.0
840.788467168808,2836.0,1204.892857142857,15.071428571428571,Inf,3.7142857142857144,2.533994286876666e-6,1.441939308599321e-11,8.53219709373576e-6,-0.9999999999909716,5.230356529484877e-6,9.367129701232813e-6,1.7477697318835608e-5,1.441939308599321e-11,-1.0,0.0
845.8943700790405,2853.0,1221.892857142857,15.071428571428571,Inf,3.7142857142857144,2.533994286876666e-6,1.441939308599321e-11,8.53219709373576e-6,-0.9999999999909716,5.230356529484877e-6,9.367129701232813e-6,1.7477697318835608e-5,1.441939308599321e-11,-1.0,0.0
850.988447189331,2870.0,1238.892857142857,15.071428571428571,Inf,3.7142857142857144,2.533994286876666e-6,1.441939308599321e-11,8.53219709373576e-6,-0.9999999999909716,5.230356529484877e-6,9.367129701232813e-6,1.7477697318835608e-5,1.441939308599321e-11,-1.0,0.0
856.2473530769348,2888.0,1255.25,15.071428571428571,Inf,3.7142857142857144,2.533994286876666e-6,1.441939308599321e-11,8.53219709373576e-6,-0.9999999999909716,5.230356529484877e-6,9.367129701232813e-6,1.7477697318835608e-5,1.441939308599321e-11,-1.0,0.0
861.3946781158447,2905.0,1272.25,15.071428571428571,Inf,3.7142857142857144,2.533994286876666e-6,1.441939308599321e-11,8.53219709373576e-6,-0.9999999999909716,5.230356529484877e-6,9.367129701232813e-6,1.7477697318835608e-5,1.441939308599321e-11,-1.0,0.0
866.4923701286316,2922.0,1289.25,15.071428571428571,Inf,3.7142857142857144,2.533994286876666e-6,1.441939308599321e-11,8.53219709373576e-6,-0.9999999999909716,5.230356529484877e-6,9.367129701232813e-6,1.7477697318835608e-5,1.441939308599321e-11,-1.0,0.0
871.5353450775146,2939.0,1287.5357142857142,15.071428571428571,Inf,3.7142857142857144,2.533994286876666e-6,1.441939308599321e-11,8.53219709373576e-6,-0.9999999999909716,5.230356529484877e-6,9.367129701232813e-6,1.7477697318835608e-5,1.441939308599321e-11,-1.0,0.0
876.6275000572205,2956.0,1304.5357142857142,15.071428571428571,Inf,3.7142857142857144,2.533994286876666e-6,1.441939308599321e-11,8.53219709373576e-6,-0.9999999999909716,5.230356529484877e-6,9.367129701232813e-6,1.7477697318835608e-5,1.441939308599321e-11,-1.0,0.0
881.7348940372467,2973.0,1284.892857142857,15.071428571428571,Inf,3.7142857142857144,2.533994286876666e-6,1.441939308599321e-11,8.53219709373576e-6,-0.9999999999909716,5.230356529484877e-6,9.367129701232813e-6,1.7477697318835608e-5,1.441939308599321e-11,-1.0,0.0
886.8902950286865,2990.0,1291.5357142857142,15.071428571428571,Inf,3.7142857142857144,2.533994286876666e-6,1.441939308599321e-11,8.53219709373576e-6,-0.9999999999909716,5.230356529484877e-6,9.367129701232813e-6,1.7477697318835608e-5,1.441939308599321e-11,-1.0,0.0
891.9456632137299,3007.0,1303.9642857142858,15.071428571428571,Inf,3.7142857142857144,2.533994286876666e-6,1.441939308599321e-11,8.53219709373576e-6,-0.9999999999909716,5.230356529484877e-6,9.367129701232813e-6,1.7477697318835608e-5,1.441939308599321e-11,-1.0,0.0
897.1895592212677,3025.0,1258.892857142857,15.071428571428571,Inf,3.7142857142857144,2.533994286876666e-6,1.441939308599321e-11,8.53219709373576e-6,-0.9999999999909716,5.230356529484877e-6,9.367129701232813e-6,1.7477697318835608e-5,1.441939308599321e-11,-1.0,0.0
902.2903301715851,3042.0,1275.892857142857,15.071428571428571,Inf,3.7142857142857144,2.533994286876666e-6,1.441939308599321e-11,8.53219709373576e-6,-0.9999999999909716,5.230356529484877e-6,9.367129701232813e-6,1.7477697318835608e-5,1.441939308599321e-11,-1.0,0.0
907.3822681903839,3059.0,1292.892857142857,15.071428571428571,Inf,3.7142857142857144,2.533994286876666e-6,1.441939308599321e-11,8.53219709373576e-6,-0.9999999999909716,5.230356529484877e-6,9.367129701232813e-6,1.7477697318835608e-5,1.441939308599321e-11,-1.0,0.0
912.6373522281647,3077.0,1310.892857142857,15.071428571428571,Inf,3.7142857142857144,2.533994286876666e-6,1.441939308599321e-11,8.53219709373576e-6,-0.9999999999909716,5.230356529484877e-6,9.367129701232813e-6,1.7477697318835608e-5,1.441939308599321e-11,-1.0,0.0
917.8628611564636,3095.0,1294.857142857143,15.071428571428571,Inf,3.7142857142857144,2.533994286876666e-6,1.441939308599321e-11,8.53219709373576e-6,-0.9999999999909716,5.230356529484877e-6,9.367129701232813e-6,1.7477697318835608e-5,1.441939308599321e-11,-1.0,0.0
922.8778610229492,3112.0,1301.1785714285713,15.071428571428571,Inf,3.7142857142857144,2.533994286876666e-6,1.441939308599321e-11,8.53219709373576e-6,-0.9999999999909716,5.230356529484877e-6,9.367129701232813e-6,1.7477697318835608e-5,1.441939308599321e-11,-1.0,0.0
927.9424540996552,3129.0,1288.5357142857142,15.071428571428571,Inf,3.7142857142857144,2.533994286876666e-6,1.441939308599321e-11,8.53219709373576e-6,-0.9999999999909716,5.230356529484877e-6,9.367129701232813e-6,1.7477697318835608e-5,1.441939308599321e-11,-1.0,0.0
932.958930015564,3146.0,1300.3214285714287,15.071428571428571,Inf,3.7142857142857144,2.533994286876666e-6,1.441939308599321e-11,8.53219709373576e-6,-0.9999999999909716,5.230356529484877e-6,9.367129701232813e-6,1.7477697318835608e-5,1.441939308599321e-11,-1.0,0.0
937.9811391830444,3163.0,1316.75,15.071428571428571,Inf,3.7142857142857144,2.533994286876666e-6,1.441939308599321e-11,8.53219709373576e-6,-0.9999999999909716,5.230356529484877e-6,9.367129701232813e-6,1.7477697318835608e-5,1.441939308599321e-11,-1.0,0.0
943.0213270187378,3180.0,1333.1785714285713,15.071428571428571,Inf,3.7142857142857144,2.533994286876666e-6,1.441939308599321e-11,8.53219709373576e-6,-0.9999999999909716,5.230356529484877e-6,9.367129701232813e-6,1.7477697318835608e-5,1.441939308599321e-11,-1.0,0.0
948.1476390361786,3197.0,1349.6785714285713,15.071428571428571,Inf,3.7142857142857144,2.533994286876666e-6,1.441939308599321e-11,8.53219709373576e-6,-0.9999999999909716,5.230356529484877e-6,9.367129701232813e-6,1.7477697318835608e-5,1.441939308599321e-11,-1.0,0.0
953.2564611434937,3214.0,1298.3214285714287,15.071428571428571,Inf,3.7142857142857144,2.533994286876666e-6,1.441939308599321e-11,8.53219709373576e-6,-0.9999999999909716,5.230356529484877e-6,9.367129701232813e-6,1.7477697318835608e-5,1.441939308599321e-11,-1.0,0.0
958.2751750946045,3231.0,1311.0,15.071428571428571,Inf,3.7142857142857144,2.533994286876666e-6,1.441939308599321e-11,8.53219709373576e-6,-0.9999999999909716,5.230356529484877e-6,9.367129701232813e-6,1.7477697318835608e-5,1.441939308599321e-11,-1.0,0.0
963.3903121948242,3248.0,1328.0,15.071428571428571,Inf,3.7142857142857144,2.533994286876666e-6,1.441939308599321e-11,8.53219709373576e-6,-0.9999999999909716,5.230356529484877e-6,9.367129701232813e-6,1.7477697318835608e-5,1.441939308599321e-11,-1.0,0.0
968.4973690509796,3265.0,1341.25,15.071428571428571,Inf,3.7142857142857144,2.533994286876666e-6,1.441939308599321e-11,8.53219709373576e-6,-0.9999999999909716,5.230356529484877e-6,9.367129701232813e-6,1.7477697318835608e-5,1.441939308599321e-11,-1.0,0.0
973.516035079956,3282.0,1358.25,15.071428571428571,Inf,3.7142857142857144,2.533994286876666e-6,1.441939308599321e-11,8.53219709373576e-6,-0.9999999999909716,5.230356529484877e-6,9.367129701232813e-6,1.7477697318835608e-5,1.441939308599321e-11,-1.0,0.0
978.7460770606995,3300.0,1376.25,15.071428571428571,Inf,3.7142857142857144,2.533994286876666e-6,1.441939308599321e-11,8.53219709373576e-6,-0.9999999999909716,5.230356529484877e-6,9.367129701232813e-6,1.7477697318835608e-5,1.441939308599321e-11,-1.0,0.0
983.9772100448608,3318.0,1392.357142857143,15.071428571428571,Inf,3.7142857142857144,2.533994286876666e-6,1.441939308599321e-11,8.53219709373576e-6,-0.9999999999909716,5.230356529484877e-6,9.367129701232813e-6,1.7477697318835608e-5,1.441939308599321e-11,-1.0,0.0
989.0151491165161,3335.0,1409.357142857143,15.071428571428571,Inf,3.7142857142857144,2.533994286876666e-6,1.441939308599321e-11,8.53219709373576e-6,-0.9999999999909716,5.230356529484877e-6,9.367129701232813e-6,1.7477697318835608e-5,1.441939308599321e-11,-1.0,0.0
994.2821400165558,3353.0,1389.607142857143,15.035714285714286,Inf,3.6785714285714284,2.5344963625493697e-6,1.4419391998174088e-11,8.532056987919923e-6,-0.9999999999909716,5.236487643679916e-6,9.367146000001919e-6,1.752005612032144e-5,1.4419391998174088e-11,-1.0,0.0
999.3482851982117,3370.0,1400.0,15.035714285714286,Inf,3.6785714285714284,2.5344963625077363e-6,1.4419391998010241e-11,8.532056987919923e-6,-0.9999999999909716,5.236487643586778e-6,9.367145999880248e-6,1.752005612032144e-5,1.4419391998010241e-11,-1.0,0.0
1004.6352081298828,3388.0,1418.0,15.035714285714286,Inf,3.6785714285714284,2.5344963625077363e-6,1.4419391998010241e-11,8.532056987919923e-6,-0.9999999999909716,5.236487643586778e-6,9.367145999880248e-6,1.752005612032144e-5,1.4419391998010241e-11,-1.0,0.0
1009.8850622177124,3406.0,1436.0,15.035714285714286,Inf,3.6785714285714284,2.5344963625077363e-6,1.4419391998010241e-11,8.532056987919923e-6,-0.9999999999909716,5.236487643586778e-6,9.367145999880248e-6,1.752005612032144e-5,1.4419391998010241e-11,-1.0,0.0
1014.9342350959778,3423.0,1483.3333333333333,14.88888888888889,6.658122721712281e306,3.6296296296296298,2.5344967425370776e-6,1.4419391997661116e-11,8.532057080734567e-6,-0.9999999999909716,5.2364936096239784e-6,9.36714582621406e-6,1.752009958834096e-5,1.4419391997661116e-11,-1.0,0.0
1019.9713480472565,3440.0,1499.7777777777778,14.88888888888889,6.658122721712281e306,3.6296296296296298,2.5344967380406744e-6,1.4419391997215324e-11,8.532057079513322e-6,-0.9999999999909716,5.2364935391499944e-6,9.367145828244593e-6,1.7520099073812832e-5,1.4419391997215324e-11,-1.0,0.0
1024.9742732048035,3457.0,1513.5185185185185,14.88888888888889,6.658122721712281e306,3.6296296296296298,2.5344967380406744e-6,1.4419391997215324e-11,8.532057079513322e-6,-0.9999999999909716,5.2364935391499944e-6,9.367145828244593e-6,1.7520099073812832e-5,1.4419391997215324e-11,-1.0,0.0
1030.230604171753,3475.0,1531.5185185185185,14.88888888888889,6.658122721712281e306,3.6296296296296298,2.5344967380406744e-6,1.4419391997215324e-11,8.532057079513322e-6,-0.9999999999909716,5.2364935391499944e-6,9.367145828244593e-6,1.7520099073812832e-5,1.4419391997215324e-11,-1.0,0.0
1035.2436351776123,3492.0,1548.5185185185185,14.88888888888889,6.658122721712281e306,3.6296296296296298,2.5344967380406744e-6,1.4419391997215324e-11,8.532057079513322e-6,-0.9999999999909716,5.2364935391499944e-6,9.367145828244593e-6,1.7520099073812832e-5,1.4419391997215324e-11,-1.0,0.0
1040.2876770496368,3509.0,1509.9285714285713,15.035714285714286,Inf,3.6785714285714284,2.5344967380406744e-6,1.4419391997215324e-11,8.532057079513322e-6,-0.9999999999909716,5.2364935391499944e-6,9.367145828244593e-6,1.7520099073812832e-5,1.4419391997215324e-11,-1.0,0.0
1045.480045080185,3527.0,1524.5357142857142,15.035714285714286,Inf,3.6785714285714284,2.534493531799846e-6,1.4419391996411941e-11,8.532056297361201e-6,-0.9999999999909716,5.236443201432514e-6,9.367147294225414e-6,1.7519732313465632e-5,1.4419391996411941e-11,-1.0,0.0
1050.7097730636597,3545.0,1542.392857142857,15.035714285714286,Inf,3.6785714285714284,2.5344935319525017e-6,1.4419391996116868e-11,8.532056296917112e-6,-0.9999999999909716,5.23644320247568e-6,9.367147293879813e-6,1.751973232200552e-5,1.4419391996116868e-11,-1.0,0.0
1055.802472114563,3562.0,1558.2857142857142,15.035714285714286,Inf,3.6785714285714284,2.534455932404027e-6,1.4419391986768296e-11,8.53206639961357e-6,-0.9999999999909716,5.235978304705629e-6,9.367146769338533e-6,1.751651282129447e-5,1.4419391986768296e-11,-1.0,0.0
1061.1079111099243,3580.0,1576.2857142857142,15.035714285714286,Inf,3.6785714285714284,2.534455932404027e-6,1.4419391986768296e-11,8.53206639961357e-6,-0.9999999999909716,5.235978304705629e-6,9.367146769338533e-6,1.751651282129447e-5,1.4419391986768296e-11,-1.0,0.0
1066.3342111110687,3598.0,1572.7142857142858,15.035714285714286,Inf,3.6785714285714284,2.5344522018326196e-6,1.4419391986145944e-11,8.53206733075762e-6,-0.9999999999909716,5.235932490861403e-6,9.367146548169565e-6,1.7516195118322147e-5,1.4419391986145944e-11,-1.0,0.0
1071.62433719635,3616.0,1590.0714285714287,15.035714285714286,Inf,3.6785714285714284,2.5344522018326196e-6,1.4419391986145944e-11,8.53206733075762e-6,-0.9999999999909716,5.235932490861403e-6,9.367146548169565e-6,1.7516195118322147e-5,1.4419391986145944e-11,-1.0,0.0
1076.6965172290802,3633.0,1606.607142857143,15.035714285714286,Inf,3.6785714285714284,2.5344522018326196e-6,1.4419391986145944e-11,8.53206733075762e-6,-0.9999999999909716,5.235932490861403e-6,9.367146548169565e-6,1.7516195118322147e-5,1.4419391986145944e-11,-1.0,0.0
1081.6994972229004,3650.0,1622.9285714285713,15.035714285714286,Inf,3.6785714285714284,2.5344522018326196e-6,1.4419391986145944e-11,8.53206733075762e-6,-0.9999999999909716,5.235932490861403e-6,9.367146548169565e-6,1.7516195118322147e-5,1.4419391986145944e-11,-1.0,0.0
1086.9330780506134,3668.0,1640.2142857142858,15.035714285714286,Inf,3.6785714285714284,2.5344522018326196e-6,1.4419391986145944e-11,8.53206733075762e-6,-0.9999999999909716,5.235932490861403e-6,9.367146548169565e-6,1.7516195118322147e-5,1.4419391986145944e-11,-1.0,0.0
1092.1815690994263,3686.0,1657.642857142857,15.035714285714286,Inf,3.6785714285714284,2.5344522018326196e-6,1.4419391986145944e-11,8.53206733075762e-6,-0.9999999999909716,5.235932490861403e-6,9.367146548169565e-6,1.7516195118322147e-5,1.4419391986145944e-11,-1.0,0.0
1097.3226201534271,3704.0,1643.7142857142858,15.035714285714286,Inf,3.6785714285714284,2.5344522018326196e-6,1.4419391986145944e-11,8.53206733075762e-6,-0.9999999999909716,5.235932490861403e-6,9.367146548169565e-6,1.7516195118322147e-5,1.4419391986145944e-11,-1.0,0.0
1102.5462651252747,3722.0,1661.4285714285713,15.035714285714286,Inf,3.6785714285714284,2.5344522018326196e-6,1.4419391986145944e-11,8.53206733075762e-6,-0.9999999999909716,5.235932490861403e-6,9.367146548169565e-6,1.7516195118322147e-5,1.4419391986145944e-11,-1.0,0.0
1107.8079431056976,3740.0,1673.2142857142858,15.035714285714286,Inf,3.6785714285714284,2.5344519070128954e-6,1.4419391985707592e-11,8.532066948285788e-6,-0.9999999999909716,5.235925563300537e-6,9.367147004697408e-6,1.7516142092035274e-5,1.4419391985707592e-11,-1.0,0.0
1113.1077251434326,3758.0,1690.5357142857142,15.035714285714286,Inf,3.6785714285714284,2.5344519070128954e-6,1.4419391985707592e-11,8.532066948285788e-6,-0.9999999999909716,5.235925563300537e-6,9.367147004697408e-6,1.7516142092035274e-5,1.4419391985707592e-11,-1.0,0.0
1118.2040832042694,3775.0,1707.107142857143,15.035714285714286,Inf,3.6785714285714284,2.5344519070128954e-6,1.4419391985707592e-11,8.532066948285788e-6,-0.9999999999909716,5.235925563300537e-6,9.367147004697408e-6,1.7516142092035274e-5,1.4419391985707592e-11,-1.0,0.0
1123.2228140830994,3792.0,1723.3214285714287,15.035714285714286,Inf,3.6785714285714284,2.5344519070128954e-6,1.4419391985707592e-11,8.532066948285788e-6,-0.9999999999909716,5.235925563300537e-6,9.367147004697408e-6,1.7516142092035274e-5,1.4419391985707592e-11,-1.0,0.0
1128.2924871444702,3809.0,1739.7142857142858,15.035714285714286,Inf,3.6785714285714284,2.5344519070128954e-6,1.4419391985707592e-11,8.532066948285788e-6,-0.9999999999909716,5.235925563300537e-6,9.367147004697408e-6,1.7516142092035274e-5,1.4419391985707592e-11,-1.0,0.0
1133.4432911872864,3826.0,1756.357142857143,15.035714285714286,Inf,3.6785714285714284,2.5344519070128954e-6,1.4419391985707592e-11,8.532066948285788e-6,-0.9999999999909716,5.235925563300537e-6,9.367147004697408e-6,1.7516142092035274e-5,1.4419391985707592e-11,-1.0,0.0
1138.5497810840607,3843.0,1687.9642857142858,15.035714285714286,Inf,3.6785714285714284,2.5344519070128954e-6,1.4419391985707592e-11,8.532066948285788e-6,-0.9999999999909716,5.235925563300537e-6,9.367147004697408e-6,1.7516142092035274e-5,1.4419391985707592e-11,-1.0,0.0
1143.580952167511,3860.0,1704.357142857143,15.035714285714286,Inf,3.6785714285714284,2.5344519070128954e-6,1.4419391985707592e-11,8.532066948285788e-6,-0.9999999999909716,5.235925563300537e-6,9.367147004697408e-6,1.7516142092035274e-5,1.4419391985707592e-11,-1.0,0.0
1148.6693770885468,3877.0,1720.7142857142858,15.035714285714286,Inf,3.6785714285714284,2.5344519070128954e-6,1.4419391985707592e-11,8.532066948285788e-6,-0.9999999999909716,5.235925563300537e-6,9.367147004697408e-6,1.7516142092035274e-5,1.4419391985707592e-11,-1.0,0.0
1153.808170080185,3894.0,1677.655172413793,15.241379310344827,Inf,3.7241379310344827,2.5344519070128954e-6,1.4419391985707592e-11,8.532066948285788e-6,-0.9999999999909716,5.235925563300537e-6,9.367147004697408e-6,1.7516142092035274e-5,1.4419391985707592e-11,-1.0,0.0
1158.9100670814514,3911.0,1694.1379310344828,15.241379310344827,Inf,3.7241379310344827,2.5344519070128954e-6,1.4419391985707592e-11,8.532066948285788e-6,-0.9999999999909716,5.235925563300537e-6,9.367147004697408e-6,1.7516142092035274e-5,1.4419391985707592e-11,-1.0,0.0
1163.9656851291656,3928.0,1710.4137931034484,15.241379310344827,Inf,3.7241379310344827,2.5344519070128954e-6,1.4419391985707592e-11,8.532066948285788e-6,-0.9999999999909716,5.235925563300537e-6,9.367147004697408e-6,1.7516142092035274e-5,1.4419391985707592e-11,-1.0,0.0
1169.0114500522614,3945.0,1726.7931034482758,15.241379310344827,Inf,3.7241379310344827,2.5344519070128954e-6,1.4419391985707592e-11,8.532066948285788e-6,-0.9999999999909716,5.235925563300537e-6,9.367147004697408e-6,1.7516142092035274e-5,1.4419391985707592e-11,-1.0,0.0
1174.260989189148,3963.0,1673.896551724138,15.241379310344827,Inf,3.7241379310344827,2.5344519070128954e-6,1.4419391985707592e-11,8.532066948285788e-6,-0.9999999999909716,5.235925563300537e-6,9.367147004697408e-6,1.7516142092035274e-5,1.4419391985707592e-11,-1.0,0.0
1179.3381950855255,3980.0,1690.448275862069,15.241379310344827,Inf,3.7241379310344827,2.5344519070128954e-6,1.4419391985707592e-11,8.532066948285788e-6,-0.9999999999909716,5.235925563300537e-6,9.367147004697408e-6,1.7516142092035274e-5,1.4419391985707592e-11,-1.0,0.0
1184.6178271770477,3998.0,1707.7931034482758,15.241379310344827,Inf,3.7241379310344827,2.5344519070128954e-6,1.4419391985707592e-11,8.532066948285788e-6,-0.9999999999909716,5.235925563300537e-6,9.367147004697408e-6,1.7516142092035274e-5,1.4419391985707592e-11,-1.0,0.0
1189.734137058258,4015.0,1724.1379310344828,15.241379310344827,Inf,3.7241379310344827,2.5344519070128954e-6,1.4419391985707592e-11,8.532066948285788e-6,-0.9999999999909716,5.235925563300537e-6,9.367147004697408e-6,1.7516142092035274e-5,1.4419391985707592e-11,-1.0,0.0
1195.001076221466,4033.0,1741.6206896551723,15.241379310344827,Inf,3.7241379310344827,2.5344519070128954e-6,1.4419391985707592e-11,8.532066948285788e-6,-0.9999999999909716,5.235925563300537e-6,9.367147004697408e-6,1.7516142092035274e-5,1.4419391985707592e-11,-1.0,0.0
1200.0154960155487,4050.0,1699.9333333333334,15.733333333333333,Inf,3.8333333333333335,2.5344515841739176e-6,1.4419391985543293e-11,8.532066431365948e-6,-0.9999999999909716,5.235916056504072e-6,9.367146862184737e-6,1.751607253466416e-5,1.4419391985543293e-11,-1.0,0.0
1205.281848192215,4068.0,1717.2,15.733333333333333,Inf,3.8333333333333335,2.5344515841739176e-6,1.4419391985543293e-11,8.532066431365948e-6,-0.9999999999909716,5.235916056504072e-6,9.367146862184737e-6,1.751607253466416e-5,1.4419391985543293e-11,-1.0,0.0
1210.4029591083527,4085.0,1733.6666666666667,15.733333333333333,Inf,3.8333333333333335,2.5344515841739176e-6,1.4419391985543293e-11,8.532066431365948e-6,-0.9999999999909716,5.235916056504072e-6,9.367146862184737e-6,1.751607253466416e-5,1.4419391985543293e-11,-1.0,0.0
1215.4268231391907,4102.0,1664.7666666666667,15.733333333333333,Inf,3.8333333333333335,2.5344515841739176e-6,1.4419391985543293e-11,8.532066431365948e-6,-0.9999999999909716,5.235916056504072e-6,9.367146862184737e-6,1.751607253466416e-5,1.4419391985543293e-11,-1.0,0.0
1220.5086941719055,4119.0,1681.1333333333334,15.733333333333333,Inf,3.8333333333333335,2.5344515841739176e-6,1.4419391985543293e-11,8.532066431365948e-6,-0.9999999999909716,5.235916056504072e-6,9.367146862184737e-6,1.751607253466416e-5,1.4419391985543293e-11,-1.0,0.0
1225.7736661434174,4137.0,1698.7,15.733333333333333,Inf,3.8333333333333335,2.5344515841739176e-6,1.4419391985543293e-11,8.532066431365948e-6,-0.9999999999909716,5.235916056504072e-6,9.367146862184737e-6,1.751607253466416e-5,1.4419391985543293e-11,-1.0,0.0
1230.910257101059,4154.0,1669.4333333333334,15.733333333333333,Inf,3.8333333333333335,2.5344515841739176e-6,1.4419391985543293e-11,8.532066431365948e-6,-0.9999999999909716,5.235916056504072e-6,9.367146862184737e-6,1.751607253466416e-5,1.4419391985543293e-11,-1.0,0.0
1236.0110750198364,4171.0,1685.9,15.733333333333333,Inf,3.8333333333333335,2.5344515841739176e-6,1.4419391985543293e-11,8.532066431365948e-6,-0.9999999999909716,5.235916056504072e-6,9.367146862184737e-6,1.751607253466416e-5,1.4419391985543293e-11,-1.0,0.0
1241.211727142334,4188.0,1702.3,15.733333333333333,Inf,3.8333333333333335,2.5344515841739176e-6,1.4419391985543293e-11,8.532066431365948e-6,-0.9999999999909716,5.235916056504072e-6,9.367146862184737e-6,1.751607253466416e-5,1.4419391985543293e-11,-1.0,0.0
1246.4063580036163,4205.0,1718.7333333333333,15.733333333333333,Inf,3.8333333333333335,2.5344515841739176e-6,1.4419391985543293e-11,8.532066431365948e-6,-0.9999999999909716,5.235916056504072e-6,9.367146862184737e-6,1.751607253466416e-5,1.4419391985543293e-11,-1.0,0.0
1251.5339031219482,4222.0,1735.2333333333333,15.733333333333333,Inf,3.8333333333333335,2.5344515841739176e-6,1.4419391985543293e-11,8.532066431365948e-6,-0.9999999999909716,5.235916056504072e-6,9.367146862184737e-6,1.751607253466416e-5,1.4419391985543293e-11,-1.0,0.0
1256.6290481090546,4239.0,1751.7666666666667,15.733333333333333,Inf,3.8333333333333335,2.5344515841739176e-6,1.4419391985543293e-11,8.532066431365948e-6,-0.9999999999909716,5.235916056504072e-6,9.367146862184737e-6,1.751607253466416e-5,1.4419391985543293e-11,-1.0,0.0
1261.6295340061188,4256.0,1768.1333333333334,15.733333333333333,Inf,3.8333333333333335,2.5344515841739176e-6,1.4419391985543293e-11,8.532066431365948e-6,-0.9999999999909716,5.235916056504072e-6,9.367146862184737e-6,1.751607253466416e-5,1.4419391985543293e-11,-1.0,0.0
1266.7579371929169,4273.0,1784.4666666666667,15.733333333333333,Inf,3.8333333333333335,2.5344515841739176e-6,1.4419391985543293e-11,8.532066431365948e-6,-0.9999999999909716,5.235916056504072e-6,9.367146862184737e-6,1.751607253466416e-5,1.4419391985543293e-11,-1.0,0.0
1271.8867950439453,4290.0,1801.0,15.733333333333333,Inf,3.8333333333333335,2.5344515841739176e-6,1.4419391985543293e-11,8.532066431365948e-6,-0.9999999999909716,5.235916056504072e-6,9.367146862184737e-6,1.751607253466416e-5,1.4419391985543293e-11,-1.0,0.0
1276.9324851036072,4307.0,1808.5666666666666,15.733333333333333,Inf,3.8333333333333335,2.5344515762080674e-6,1.4419391985541768e-11,8.532066420818829e-6,-0.9999999999909716,5.235915871699093e-6,9.367146874843261e-6,1.7516071114908118e-5,1.4419391985541768e-11,-1.0,0.0
1282.0086460113525,4324.0,1824.8666666666666,15.733333333333333,Inf,3.8333333333333335,2.5344508495254645e-6,1.4419391985447783e-11,8.532065496558161e-6,-0.9999999999909716,5.2358991402701925e-6,9.367147004697408e-6,1.7515942762557167e-5,1.4419391985447783e-11,-1.0,0.0
1287.0557401180267,4341.0,1841.0333333333333,15.733333333333333,Inf,3.8333333333333335,2.5344508495254645e-6,1.4419391985447783e-11,8.532065496558161e-6,-0.9999999999909716,5.2358991402701925e-6,9.367147004697408e-6,1.7515942762557167e-5,1.4419391985447783e-11,-1.0,0.0
1292.1076271533966,4358.0,1857.7,15.733333333333333,Inf,3.8333333333333335,2.5344508495254645e-6,1.4419391985447783e-11,8.532065496558161e-6,-0.9999999999909716,5.2358991402701925e-6,9.367147004697408e-6,1.7515942762557167e-5,1.4419391985447783e-11,-1.0,0.0
1297.1438310146332,4375.0,1874.2,15.733333333333333,Inf,3.8333333333333335,2.5344508495254645e-6,1.4419391985447783e-11,8.532065496558161e-6,-0.9999999999909716,5.2358991402701925e-6,9.367147004697408e-6,1.7515942762557167e-5,1.4419391985447783e-11,-1.0,0.0
1302.176420211792,4392.0,1890.3666666666666,15.733333333333333,Inf,3.8333333333333335,2.5344508495254645e-6,1.4419391985447783e-11,8.532065496558161e-6,-0.9999999999909716,5.2358991402701925e-6,9.367147004697408e-6,1.7515942762557167e-5,1.4419391985447783e-11,-1.0,0.0
1307.2474660873413,4409.0,1884.7,15.733333333333333,Inf,3.8333333333333335,2.5344508007866737e-6,1.4419391985447783e-11,8.532065496558161e-6,-0.9999999999909716,5.2358991402701925e-6,9.36714802229607e-6,1.7515942762557167e-5,1.4419391985447783e-11,-1.0,0.0
1312.3093221187592,4426.0,1901.1,15.733333333333333,Inf,3.8333333333333335,2.5344508007866737e-6,1.4419391985447783e-11,8.532065496558161e-6,-0.9999999999909716,5.2358991402701925e-6,9.36714802229607e-6,1.7515942762557167e-5,1.4419391985447783e-11,-1.0,0.0
1317.3872640132904,4443.0,1846.4666666666667,15.733333333333333,Inf,3.8333333333333335,2.5344508007866737e-6,1.4419391985447783e-11,8.532065496558161e-6,-0.9999999999909716,5.2358991402701925e-6,9.36714802229607e-6,1.7515942762557167e-5,1.4419391985447783e-11,-1.0,0.0
1322.4625282287598,4460.0,1862.9333333333334,15.733333333333333,Inf,3.8333333333333335,2.5344508007866737e-6,1.4419391985447783e-11,8.532065496558161e-6,-0.9999999999909716,5.2358991402701925e-6,9.36714802229607e-6,1.7515942762557167e-5,1.4419391985447783e-11,-1.0,0.0
1327.6360971927643,4477.0,1879.6,15.733333333333333,Inf,3.8333333333333335,2.5344508007866737e-6,1.4419391985447783e-11,8.532065496558161e-6,-0.9999999999909716,5.2358991402701925e-6,9.36714802229607e-6,1.7515942762557167e-5,1.4419391985447783e-11,-1.0,0.0
1332.7190132141113,4494.0,1895.8,15.733333333333333,Inf,3.8333333333333335,2.5344508007866737e-6,1.4419391985447783e-11,8.532065496558161e-6,-0.9999999999909716,5.2358991402701925e-6,9.36714802229607e-6,1.7515942762557167e-5,1.4419391985447783e-11,-1.0,0.0
1337.7880291938782,4511.0,1912.3333333333333,15.733333333333333,Inf,3.8333333333333335,2.5344508007866737e-6,1.4419391985447783e-11,8.532065496558161e-6,-0.9999999999909716,5.2358991402701925e-6,9.36714802229607e-6,1.7515942762557167e-5,1.4419391985447783e-11,-1.0,0.0
1343.0872530937195,4529.0,1843.9666666666667,15.733333333333333,Inf,3.8333333333333335,2.5344508007866737e-6,1.4419391985447783e-11,8.532065496558161e-6,-0.9999999999909716,5.2358991402701925e-6,9.36714802229607e-6,1.7515942762557167e-5,1.4419391985447783e-11,-1.0,0.0
1348.1552090644836,4546.0,1860.6,15.733333333333333,Inf,3.8333333333333335,2.5344508007866737e-6,1.4419391985447783e-11,8.532065496558161e-6,-0.9999999999909716,5.2358991402701925e-6,9.36714802229607e-6,1.7515942762557167e-5,1.4419391985447783e-11,-1.0,0.0
1353.1576461791992,4563.0,1876.8333333333333,15.733333333333333,Inf,3.8333333333333335,2.5344508007866737e-6,1.4419391985447783e-11,8.532065496558161e-6,-0.9999999999909716,5.2358991402701925e-6,9.36714802229607e-6,1.7515942762557167e-5,1.4419391985447783e-11,-1.0,0.0
1358.2457621097565,4580.0,1893.2333333333333,15.733333333333333,Inf,3.8333333333333335,2.5344508007866737e-6,1.4419391985447783e-11,8.532065496558161e-6,-0.9999999999909716,5.2358991402701925e-6,9.36714802229607e-6,1.7515942762557167e-5,1.4419391985447783e-11,-1.0,0.0
1363.293385028839,4597.0,1759.3333333333333,15.733333333333333,Inf,3.8333333333333335,2.5344508007866737e-6,1.4419391985447783e-11,8.532065496558161e-6,-0.9999999999909716,5.2358991402701925e-6,9.36714802229607e-6,1.7515942762557167e-5,1.4419391985447783e-11,-1.0,0.0
1368.4215250015259,4614.0,1775.7666666666667,15.733333333333333,Inf,3.8333333333333335,2.5344508007866737e-6,1.4419391985447783e-11,8.532065496558161e-6,-0.9999999999909716,5.2358991402701925e-6,9.36714802229607e-6,1.7515942762557167e-5,1.4419391985447783e-11,-1.0,0.0
1373.4848852157593,4631.0,1792.2,15.733333333333333,Inf,3.8333333333333335,2.5344508007866737e-6,1.4419391985447783e-11,8.532065496558161e-6,-0.9999999999909716,5.2358991402701925e-6,9.36714802229607e-6,1.7515942762557167e-5,1.4419391985447783e-11,-1.0,0.0
1378.5651741027832,4648.0,1809.2,15.733333333333333,Inf,3.8333333333333335,2.5344508007866737e-6,1.4419391985447783e-11,8.532065496558161e-6,-0.9999999999909716,5.2358991402701925e-6,9.36714802229607e-6,1.7515942762557167e-5,1.4419391985447783e-11,-1.0,0.0
1383.6340022087097,4665.0,1826.2,15.733333333333333,Inf,3.8333333333333335,2.5344508007866737e-6,1.4419391985447783e-11,8.532065496558161e-6,-0.9999999999909716,5.2358991402701925e-6,9.36714802229607e-6,1.7515942762557167e-5,1.4419391985447783e-11,-1.0,0.0
1388.7955141067505,4682.0,1795.7666666666667,15.733333333333333,Inf,3.8333333333333335,2.5344508007866737e-6,1.4419391985447783e-11,8.532065496558161e-6,-0.9999999999909716,5.2358991402701925e-6,9.36714802229607e-6,1.7515942762557167e-5,1.4419391985447783e-11,-1.0,0.0
1393.9620170593262,4699.0,1812.7666666666667,15.733333333333333,Inf,3.8333333333333335,2.5344508007866737e-6,1.4419391985447783e-11,8.532065496558161e-6,-0.9999999999909716,5.2358991402701925e-6,9.36714802229607e-6,1.7515942762557167e-5,1.4419391985447783e-11,-1.0,0.0
1399.0087900161743,4716.0,1829.7666666666667,15.733333333333333,Inf,3.8333333333333335,2.5344508007866737e-6,1.4419391985447783e-11,8.532065496558161e-6,-0.9999999999909716,5.2358991402701925e-6,9.36714802229607e-6,1.7515942762557167e-5,1.4419391985447783e-11,-1.0,0.0
1404.2423570156097,4733.0,1846.7666666666667,15.733333333333333,Inf,3.8333333333333335,2.5344508007866737e-6,1.4419391985447783e-11,8.532065496558161e-6,-0.9999999999909716,5.2358991402701925e-6,9.36714802229607e-6,1.7515942762557167e-5,1.4419391985447783e-11,-1.0,0.0
1409.361925125122,4750.0,1863.7666666666667,15.733333333333333,Inf,3.8333333333333335,2.5344508007866737e-6,1.4419391985447783e-11,8.532065496558161e-6,-0.9999999999909716,5.2358991402701925e-6,9.36714802229607e-6,1.7515942762557167e-5,1.4419391985447783e-11,-1.0,0.0
1414.5679540634155,4767.0,1880.7666666666667,15.733333333333333,Inf,3.8333333333333335,2.5344508007866737e-6,1.4419391985447783e-11,8.532065496558161e-6,-0.9999999999909716,5.2358991402701925e-6,9.36714802229607e-6,1.7515942762557167e-5,1.4419391985447783e-11,-1.0,0.0
1419.7268781661987,4784.0,1897.7666666666667,15.733333333333333,Inf,3.8333333333333335,2.5344508007866737e-6,1.4419391985447783e-11,8.532065496558161e-6,-0.9999999999909716,5.2358991402701925e-6,9.36714802229607e-6,1.7515942762557167e-5,1.4419391985447783e-11,-1.0,0.0
1424.836014032364,4801.0,1914.7666666666667,15.733333333333333,Inf,3.8333333333333335,2.5344508007866737e-6,1.4419391985447783e-11,8.532065496558161e-6,-0.9999999999909716,5.2358991402701925e-6,9.36714802229607e-6,1.7515942762557167e-5,1.4419391985447783e-11,-1.0,0.0
1429.9167530536652,4818.0,1931.7666666666667,15.733333333333333,Inf,3.8333333333333335,2.5344508007866737e-6,1.4419391985447783e-11,8.532065496558161e-6,-0.9999999999909716,5.2358991402701925e-6,9.36714802229607e-6,1.7515942762557167e-5,1.4419391985447783e-11,-1.0,0.0
1434.9428050518036,4835.0,1948.7666666666667,15.733333333333333,Inf,3.8333333333333335,2.5344508007866737e-6,1.4419391985447783e-11,8.532065496558161e-6,-0.9999999999909716,5.2358991402701925e-6,9.36714802229607e-6,1.7515942762557167e-5,1.4419391985447783e-11,-1.0,0.0
1440.0343251228333,4852.0,1965.7666666666667,15.733333333333333,Inf,3.8333333333333335,2.5344508007866737e-6,1.4419391985447783e-11,8.532065496558161e-6,-0.9999999999909716,5.2358991402701925e-6,9.36714802229607e-6,1.7515942762557167e-5,1.4419391985447783e-11,-1.0,0.0
1445.1388230323792,4869.0,1982.7666666666667,15.733333333333333,Inf,3.8333333333333335,2.5344508007866737e-6,1.4419391985447783e-11,8.532065496558161e-6,-0.9999999999909716,5.2358991402701925e-6,9.36714802229607e-6,1.7515942762557167e-5,1.4419391985447783e-11,-1.0,0.0
1450.2352890968323,4886.0,1980.9,15.733333333333333,Inf,3.8333333333333335,2.5344508007866737e-6,1.4419391985223357e-11,8.53206695561326e-6,-0.9999999999909716,5.235925148351425e-6,9.367147018186769e-6,1.751613917566422e-5,1.4419391985223357e-11,-1.0,0.0
1455.4494080543518,4903.0,1962.6333333333334,15.733333333333333,Inf,3.8333333333333335,2.5344508007866737e-6,1.4419391985223357e-11,8.53206695561326e-6,-0.9999999999909716,5.235925148351425e-6,9.367147018186769e-6,1.751613917566422e-5,1.4419391985223357e-11,-1.0,0.0
1460.6439561843872,4920.0,1978.2333333333333,15.733333333333333,Inf,3.8333333333333335,2.5344508007866737e-6,1.4419391984959603e-11,8.53206695561326e-6,-0.9999999999909716,5.235915746769362e-6,9.367147018186769e-6,1.7516049284824644e-5,1.4419391984959603e-11,-1.0,0.0
1465.7383661270142,4937.0,1995.2333333333333,15.733333333333333,Inf,3.8333333333333335,2.5344508007866737e-6,1.4419391984959603e-11,8.53206695561326e-6,-0.9999999999909716,5.235915746769362e-6,9.367147018186769e-6,1.7516049284824644e-5,1.4419391984959603e-11,-1.0,0.0
1470.8081250190735,4954.0,2012.2333333333333,15.733333333333333,Inf,3.8333333333333335,2.5344508007866737e-6,1.4419391984959603e-11,8.53206695561326e-6,-0.9999999999909716,5.235915746769362e-6,9.367147018186769e-6,1.7516049284824644e-5,1.4419391984959603e-11,-1.0,0.0
1475.9483931064606,4971.0,1950.5,15.733333333333333,Inf,3.8333333333333335,2.5344508007866737e-6,1.4419391984959603e-11,8.53206695561326e-6,-0.9999999999909716,5.235915746769362e-6,9.367147018186769e-6,1.7516049284824644e-5,1.4419391984959603e-11,-1.0,0.0
1481.0050871372223,4988.0,1903.7333333333333,15.733333333333333,Inf,3.8333333333333335,2.5344508007866737e-6,1.4419391984959603e-11,8.53206695561326e-6,-0.9999999999909716,5.235915746769362e-6,9.367147018186769e-6,1.7516049284824644e-5,1.4419391984959603e-11,-1.0,0.0
1486.1538400650024,5005.0,1900.1,15.733333333333333,Inf,3.8333333333333335,2.5344524936131083e-6,1.4419391984959603e-11,8.53206695561326e-6,-0.9999999999909716,5.235915746769362e-6,9.367144969846813e-6,1.7516049284824644e-5,1.4419391984959603e-11,-1.0,0.0
1491.207093000412,5022.0,1881.0,15.733333333333333,Inf,3.8333333333333335,2.5344524936131083e-6,1.4419391984959603e-11,8.53206695561326e-6,-0.9999999999909716,5.235915746769362e-6,9.367144969846813e-6,1.7516049284824644e-5,1.4419391984959603e-11,-1.0,0.0
1496.3215172290802,5039.0,1896.3666666666666,15.733333333333333,Inf,3.8333333333333335,2.534452344260356e-6,1.4419391984959603e-11,8.532066878563782e-6,-0.9999999999909716,5.235915746769362e-6,9.367146430416573e-6,1.7516049284824644e-5,1.4419391984959603e-11,-1.0,0.0
1501.4273941516876,5056.0,1912.7333333333333,15.733333333333333,Inf,3.8333333333333335,2.534452344260356e-6,1.4419391984959603e-11,8.532066878563782e-6,-0.9999999999909716,5.235915746769362e-6,9.367146430416573e-6,1.7516049284824644e-5,1.4419391984959603e-11,-1.0,0.0
1506.5123422145844,5073.0,1929.1666666666667,15.733333333333333,Inf,3.8333333333333335,2.534452344260356e-6,1.4419391984959603e-11,8.532066878563782e-6,-0.9999999999909716,5.235915746769362e-6,9.367146430416573e-6,1.7516049284824644e-5,1.4419391984959603e-11,-1.0,0.0
1511.6813020706177,5090.0,1945.7,15.733333333333333,Inf,3.8333333333333335,2.534452344260356e-6,1.4419391984959603e-11,8.532066878563782e-6,-0.9999999999909716,5.235915746769362e-6,9.367146430416573e-6,1.7516049284824644e-5,1.4419391984959603e-11,-1.0,0.0
1516.8976690769196,5107.0,1962.3666666666666,15.733333333333333,Inf,3.8333333333333335,2.534452344260356e-6,1.4419391984959603e-11,8.532066878563782e-6,-0.9999999999909716,5.235915746769362e-6,9.367146430416573e-6,1.7516049284824644e-5,1.4419391984959603e-11,-1.0,0.0
1521.940561056137,5124.0,1924.8666666666666,15.733333333333333,Inf,3.8333333333333335,2.534452344260356e-6,1.4419391984959603e-11,8.532066878563782e-6,-0.9999999999909716,5.235915746769362e-6,9.367146430416573e-6,1.7516049284824644e-5,1.4419391984959603e-11,-1.0,0.0
1527.1989221572876,5141.0,1941.3,15.733333333333333,Inf,3.8333333333333335,2.534452344260356e-6,1.4419391984959603e-11,8.532066878563782e-6,-0.9999999999909716,5.235915746769362e-6,9.367146430416573e-6,1.7516049284824644e-5,1.4419391984959603e-11,-1.0,0.0
1532.4005191326141,5158.0,1957.7333333333333,15.733333333333333,Inf,3.8333333333333335,2.534452344260356e-6,1.4419391984959603e-11,8.532066878563782e-6,-0.9999999999909716,5.235915746769362e-6,9.367146430416573e-6,1.7516049284824644e-5,1.4419391984959603e-11,-1.0,0.0
1537.5664670467377,5175.0,1974.1666666666667,15.733333333333333,Inf,3.8333333333333335,2.534452344260356e-6,1.4419391984959603e-11,8.532066878563782e-6,-0.9999999999909716,5.235915746769362e-6,9.367146430416573e-6,1.7516049284824644e-5,1.4419391984959603e-11,-1.0,0.0
1542.690152168274,5192.0,1990.6,15.733333333333333,Inf,3.8333333333333335,2.534452344260356e-6,1.4419391984959603e-11,8.532066878563782e-6,-0.9999999999909716,5.235915746769362e-6,9.367146430416573e-6,1.7516049284824644e-5,1.4419391984959603e-11,-1.0,0.0
1547.8934330940247,5209.0,2007.1666666666667,15.733333333333333,Inf,3.8333333333333335,2.534452344260356e-6,1.4419391984959603e-11,8.532066878563782e-6,-0.9999999999909716,5.235915746769362e-6,9.367146430416573e-6,1.7516049284824644e-5,1.4419391984959603e-11,-1.0,0.0
1553.023511171341,5226.0,2023.4666666666667,15.733333333333333,Inf,3.8333333333333335,2.534452344260356e-6,1.4419391984959603e-11,8.532066878563782e-6,-0.9999999999909716,5.235915746769362e-6,9.367146430416573e-6,1.7516049284824644e-5,1.4419391984959603e-11,-1.0,0.0
1558.2840030193329,5243.0,2039.9,15.733333333333333,Inf,3.8333333333333335,2.534452344260356e-6,1.4419391984959603e-11,8.532066878563782e-6,-0.9999999999909716,5.235915746769362e-6,9.367146430416573e-6,1.7516049284824644e-5,1.4419391984959603e-11,-1.0,0.0
1563.4282631874084,5260.0,2056.3333333333335,15.733333333333333,Inf,3.8333333333333335,2.534452344260356e-6,1.4419391984959603e-11,8.532066878563782e-6,-0.9999999999909716,5.235915746769362e-6,9.367146430416573e-6,1.7516049284824644e-5,1.4419391984959603e-11,-1.0,0.0
1568.638976097107,5277.0,1906.5862068965516,15.89655172413793,Inf,3.8620689655172415,2.534452344260356e-6,1.4419391984959603e-11,8.532066878563782e-6,-0.9999999999909716,5.235915746769362e-6,9.367146430416573e-6,1.7516049284824644e-5,1.4419391984959603e-11,-1.0,0.0
1573.715103149414,5294.0,1923.0,15.89655172413793,Inf,3.8620689655172415,2.534452344260356e-6,1.4419391984959603e-11,8.532066878563782e-6,-0.9999999999909716,5.235915746769362e-6,9.367146430416573e-6,1.7516049284824644e-5,1.4419391984959603e-11,-1.0,0.0
1578.859824180603,5311.0,1939.4137931034484,15.89655172413793,Inf,3.8620689655172415,2.534452344260356e-6,1.4419391984959603e-11,8.532066878563782e-6,-0.9999999999909716,5.235915746769362e-6,9.367146430416573e-6,1.7516049284824644e-5,1.4419391984959603e-11,-1.0,0.0
1584.0851910114288,5328.0,1955.9655172413793,15.89655172413793,Inf,3.8620689655172415,2.534452344260356e-6,1.4419391984959603e-11,8.532066878563782e-6,-0.9999999999909716,5.235915746769362e-6,9.367146430416573e-6,1.7516049284824644e-5,1.4419391984959603e-11,-1.0,0.0
1589.174833059311,5345.0,1972.344827586207,15.89655172413793,Inf,3.8620689655172415,2.534452344260356e-6,1.4419391984959603e-11,8.532066878563782e-6,-0.9999999999909716,5.235915746769362e-6,9.367146430416573e-6,1.7516049284824644e-5,1.4419391984959603e-11,-1.0,0.0
1594.3037130832672,5362.0,1899.7241379310344,15.89655172413793,Inf,3.8620689655172415,2.534452129418323e-6,1.4419391984959603e-11,8.53206660311745e-6,-0.9999999999909716,5.235915746769362e-6,9.367146768138997e-6,1.7516049284824644e-5,1.4419391984959603e-11,-1.0,0.0
1599.3885102272034,5379.0,1916.1379310344828,15.89655172413793,Inf,3.8620689655172415,2.534452129418323e-6,1.4419391984959603e-11,8.53206660311745e-6,-0.9999999999909716,5.235915746769362e-6,9.367146768138997e-6,1.7516049284824644e-5,1.4419391984959603e-11,-1.0,0.0
1604.4453411102295,5396.0,1900.1724137931035,15.89655172413793,Inf,3.8620689655172415,2.534452129418323e-6,1.4419391984959603e-11,8.53206660311745e-6,-0.9999999999909716,5.235915746769362e-6,9.367146768138997e-6,1.7516049284824644e-5,1.4419391984959603e-11,-1.0,0.0
1609.634386062622,5413.0,1916.551724137931,15.89655172413793,Inf,3.8620689655172415,2.534452129418323e-6,1.4419391984959603e-11,8.53206660311745e-6,-0.9999999999909716,5.235915746769362e-6,9.367146768138997e-6,1.7516049284824644e-5,1.4419391984959603e-11,-1.0,0.0
1614.6943650245667,5430.0,1932.9655172413793,15.89655172413793,Inf,3.8620689655172415,2.534452129418323e-6,1.4419391984959603e-11,8.53206660311745e-6,-0.9999999999909716,5.235915746769362e-6,9.367146768138997e-6,1.7516049284824644e-5,1.4419391984959603e-11,-1.0,0.0
1619.8120720386505,5447.0,1949.3793103448277,15.89655172413793,Inf,3.8620689655172415,2.534452129418323e-6,1.4419391984959603e-11,8.53206660311745e-6,-0.9999999999909716,5.235915746769362e-6,9.367146768138997e-6,1.7516049284824644e-5,1.4419391984959603e-11,-1.0,0.0
1624.886241197586,5464.0,1965.8275862068965,15.89655172413793,Inf,3.8620689655172415,2.534452129418323e-6,1.4419391984959603e-11,8.53206660311745e-6,-0.9999999999909716,5.235915746769362e-6,9.367146768138997e-6,1.7516049284824644e-5,1.4419391984959603e-11,-1.0,0.0
1629.9583961963654,5481.0,1982.2413793103449,15.89655172413793,Inf,3.8620689655172415,2.534452129418323e-6,1.4419391984959603e-11,8.53206660311745e-6,-0.9999999999909716,5.235915746769362e-6,9.367146768138997e-6,1.7516049284824644e-5,1.4419391984959603e-11,-1.0,0.0
1635.162043094635,5498.0,1998.6206896551723,15.89655172413793,Inf,3.8620689655172415,2.534452129418323e-6,1.4419391984959603e-11,8.53206660311745e-6,-0.9999999999909716,5.235915746769362e-6,9.367146768138997e-6,1.7516049284824644e-5,1.4419391984959603e-11,-1.0,0.0
1640.245262145996,5515.0,2015.0344827586207,15.89655172413793,Inf,3.8620689655172415,2.534452129418323e-6,1.4419391984959603e-11,8.53206660311745e-6,-0.9999999999909716,5.235915746769362e-6,9.367146768138997e-6,1.7516049284824644e-5,1.4419391984959603e-11,-1.0,0.0
1645.3619391918182,5532.0,2031.448275862069,15.89655172413793,Inf,3.8620689655172415,2.534452129418323e-6,1.4419391984959603e-11,8.53206660311745e-6,-0.9999999999909716,5.235915746769362e-6,9.367146768138997e-6,1.7516049284824644e-5,1.4419391984959603e-11,-1.0,0.0
1650.3998901844025,5549.0,2048.0344827586205,15.89655172413793,Inf,3.8620689655172415,2.534452129418323e-6,1.4419391984959603e-11,8.53206660311745e-6,-0.9999999999909716,5.235915746769362e-6,9.367146768138997e-6,1.7516049284824644e-5,1.4419391984959603e-11,-1.0,0.0
1655.5296771526337,5566.0,2064.2758620689656,15.89655172413793,Inf,3.8620689655172415,2.534452129418323e-6,1.4419391984959603e-11,8.53206660311745e-6,-0.9999999999909716,5.235915746769362e-6,9.367146768138997e-6,1.7516049284824644e-5,1.4419391984959603e-11,-1.0,0.0
1660.6588342189789,5583.0,2080.896551724138,15.89655172413793,Inf,3.8620689655172415,2.534452129418323e-6,1.4419391984959603e-11,8.53206660311745e-6,-0.9999999999909716,5.235915746769362e-6,9.367146768138997e-6,1.7516049284824644e-5,1.4419391984959603e-11,-1.0,0.0
1665.7079350948334,5600.0,2097.103448275862,15.89655172413793,Inf,3.8620689655172415,2.534452129418323e-6,1.4419391984959603e-11,8.53206660311745e-6,-0.9999999999909716,5.235915746769362e-6,9.367146768138997e-6,1.7516049284824644e-5,1.4419391984959603e-11,-1.0,0.0
1670.8692722320557,5617.0,2113.5172413793102,15.89655172413793,Inf,3.8620689655172415,2.534452129418323e-6,1.4419391984959603e-11,8.53206660311745e-6,-0.9999999999909716,5.235915746769362e-6,9.367146768138997e-6,1.7516049284824644e-5,1.4419391984959603e-11,-1.0,0.0
1675.906345129013,5634.0,2091.9655172413795,15.89655172413793,Inf,3.8620689655172415,2.534452129418323e-6,1.4419391984959603e-11,8.53206660311745e-6,-0.9999999999909716,5.235915746769362e-6,9.367146768138997e-6,1.7516049284824644e-5,1.4419391984959603e-11,-1.0,0.0
1681.0402250289917,5651.0,2038.3666666666666,16.0,Inf,3.9,2.534452129418323e-6,1.4419391984959603e-11,8.53206660311745e-6,-0.9999999999909716,5.235915746769362e-6,9.367146768138997e-6,1.7516049284824644e-5,1.4419391984959603e-11,-1.0,0.0
1686.1108000278473,5668.0,1994.0,16.0,Inf,3.9,2.5344523442326003e-6,1.4419391984959603e-11,8.53206695561326e-6,-0.9999999999909716,5.235915746769362e-6,9.367146474337078e-6,1.7516049284824644e-5,1.4419391984959603e-11,-1.0,0.0
1691.2279620170593,5685.0,2010.3666666666666,16.0,Inf,3.9,2.5344523442326003e-6,1.4419391984959603e-11,8.53206695561326e-6,-0.9999999999909716,5.235915746769362e-6,9.367146474337078e-6,1.7516049284824644e-5,1.4419391984959603e-11,-1.0,0.0
1696.3191661834717,5702.0,1941.2,16.0,Inf,3.9,2.5344523442326003e-6,1.4419391984959603e-11,8.53206695561326e-6,-0.9999999999909716,5.235915746769362e-6,9.367146474337078e-6,1.7516049284824644e-5,1.4419391984959603e-11,-1.0,0.0
1701.3364000320435,5719.0,1957.3333333333333,16.0,Inf,3.9,2.5344523442326003e-6,1.4419391984959603e-11,8.53206695561326e-6,-0.9999999999909716,5.235915746769362e-6,9.367146474337078e-6,1.7516049284824644e-5,1.4419391984959603e-11,-1.0,0.0
1706.5976271629333,5737.0,1974.7666666666667,16.0,Inf,3.9,2.5344523442326003e-6,1.4419391984959603e-11,8.53206695561326e-6,-0.9999999999909716,5.235915746769362e-6,9.367146474337078e-6,1.7516049284824644e-5,1.4419391984959603e-11,-1.0,0.0
1711.7264080047607,5754.0,1991.2666666666667,16.0,Inf,3.9,2.5344523442326003e-6,1.4419391984959603e-11,8.53206695561326e-6,-0.9999999999909716,5.235915746769362e-6,9.367146474337078e-6,1.7516049284824644e-5,1.4419391984959603e-11,-1.0,0.0
1716.8662581443787,5771.0,2007.6,16.0,Inf,3.9,2.5344523442326003e-6,1.4419391984959603e-11,8.53206695561326e-6,-0.9999999999909716,5.235915746769362e-6,9.367146474337078e-6,1.7516049284824644e-5,1.4419391984959603e-11,-1.0,0.0
1721.9176120758057,5788.0,2024.1,16.0,Inf,3.9,2.5344523442326003e-6,1.4419391984959603e-11,8.53206695561326e-6,-0.9999999999909716,5.235915746769362e-6,9.367146474337078e-6,1.7516049284824644e-5,1.4419391984959603e-11,-1.0,0.0
1727.0715680122375,5805.0,1995.0666666666666,16.0,Inf,3.9,2.5344523442326003e-6,1.4419391984959603e-11,8.53206695561326e-6,-0.9999999999909716,5.235915746769362e-6,9.367146474337078e-6,1.7516049284824644e-5,1.4419391984959603e-11,-1.0,0.0
1732.1129100322723,5822.0,2011.5333333333333,16.0,Inf,3.9,2.5344523442326003e-6,1.4419391984959603e-11,8.53206695561326e-6,-0.9999999999909716,5.235915746769362e-6,9.367146474337078e-6,1.7516049284824644e-5,1.4419391984959603e-11,-1.0,0.0
1737.1838262081146,5839.0,2027.9333333333334,16.0,Inf,3.9,2.5344523442326003e-6,1.4419391984959603e-11,8.53206695561326e-6,-0.9999999999909716,5.235915746769362e-6,9.367146474337078e-6,1.7516049284824644e-5,1.4419391984959603e-11,-1.0,0.0
1742.2319722175598,5856.0,2044.4666666666667,16.0,Inf,3.9,2.5344523442326003e-6,1.4419391984959603e-11,8.53206695561326e-6,-0.9999999999909716,5.235915746769362e-6,9.367146474337078e-6,1.7516049284824644e-5,1.4419391984959603e-11,-1.0,0.0
1747.3263411521912,5873.0,2016.0333333333333,16.0,Inf,3.9,2.5344523442326003e-6,1.4419391984959603e-11,8.53206695561326e-6,-0.9999999999909716,5.235915746769362e-6,9.367146474337078e-6,1.7516049284824644e-5,1.4419391984959603e-11,-1.0,0.0
1752.398395061493,5890.0,2032.5666666666666,16.0,Inf,3.9,2.5344523442326003e-6,1.4419391984959603e-11,8.53206695561326e-6,-0.9999999999909716,5.235915746769362e-6,9.367146474337078e-6,1.7516049284824644e-5,1.4419391984959603e-11,-1.0,0.0
1757.5315120220184,5907.0,2039.7333333333333,16.0,Inf,3.9,2.5344523442326003e-6,1.4419391984959603e-11,8.53206695561326e-6,-0.9999999999909716,5.235915746769362e-6,9.367146474337078e-6,1.7516049284824644e-5,1.4419391984959603e-11,-1.0,0.0
1762.5951051712036,5924.0,2056.233333333333,16.0,Inf,3.9,2.5344523442326003e-6,1.4419391984959603e-11,8.53206695561326e-6,-0.9999999999909716,5.235915746769362e-6,9.367146474337078e-6,1.7516049284824644e-5,1.4419391984959603e-11,-1.0,0.0
1767.7114470005035,5941.0,2071.6666666666665,16.0,Inf,3.9,2.5344523442326003e-6,1.4419391984959603e-11,8.53206695561326e-6,-0.9999999999909716,5.235915746769362e-6,9.367146474337078e-6,1.7516049284824644e-5,1.4419391984959603e-11,-1.0,0.0
1772.8618681430817,5958.0,2088.0666666666666,16.0,Inf,3.9,2.5344523442326003e-6,1.4419391984959603e-11,8.53206695561326e-6,-0.9999999999909716,5.235915746769362e-6,9.367146474337078e-6,1.7516049284824644e-5,1.4419391984959603e-11,-1.0,0.0
1777.965009212494,5975.0,2104.7,16.0,Inf,3.9,2.5344523442326003e-6,1.4419391984959603e-11,8.53206695561326e-6,-0.9999999999909716,5.235915746769362e-6,9.367146474337078e-6,1.7516049284824644e-5,1.4419391984959603e-11,-1.0,0.0
1782.9708120822906,5992.0,2084.633333333333,16.0,Inf,3.9,2.5344523442326003e-6,1.4419391984959603e-11,8.53206695561326e-6,-0.9999999999909716,5.235915746769362e-6,9.367146474337078e-6,1.7516049284824644e-5,1.4419391984959603e-11,-1.0,0.0
1788.1127882003784,6009.0,2101.0,16.0,Inf,3.9,2.5344523442326003e-6,1.4419391984959603e-11,8.53206695561326e-6,-0.9999999999909716,5.235915746769362e-6,9.367146474337078e-6,1.7516049284824644e-5,1.4419391984959603e-11,-1.0,0.0
1793.17222905159,6026.0,2105.4666666666667,16.0,Inf,3.9,2.5344523442326003e-6,1.4419391984959603e-11,8.53206695561326e-6,-0.9999999999909716,5.235915746769362e-6,9.367146474337078e-6,1.7516049284824644e-5,1.4419391984959603e-11,-1.0,0.0
1798.238153219223,6043.0,2121.9666666666667,16.0,Inf,3.9,2.5344523442326003e-6,1.4419391984959603e-11,8.53206695561326e-6,-0.9999999999909716,5.235915746769362e-6,9.367146474337078e-6,1.7516049284824644e-5,1.4419391984959603e-11,-1.0,0.0
