time,generation,mean age hall_of_fame,mean compl,mean recursive_compl,mean n_params,min mae,min mse,min max_ae,min minus_r2,min mare,min q75_are,min max_are,min ms_processed_e,min minus_spearman,max penalty
12.642400026321411,1.0,0.0,9.416666666666666,3.579310866666667e8,1.3333333333333333,85.95599580614065,12428.725437248131,331.0906594431399,-0.9333420230048403,0.13427260027668325,0.13871224338741828,0.6615701488603084,12428.725437248131,-0.9372636262513905,4.0
18.803611040115356,11.0,3.6666666666666665,11.333333333333334,14.5,2.1666666666666665,83.6430510526688,11728.579974320059,288.4812625344457,-0.9370970564872967,0.1287477236443111,0.13476914702278991,0.6615905385186827,11728.579974320059,-0.9372636262513905,4.0
23.982133865356445,24.0,4.636363636363637,13.681818181818182,4499.318181818182,2.590909090909091,78.15708887432142,11268.29935405069,288.4812625344457,-0.9395656422768969,0.1037828152814961,0.13546100238281922,0.369819489554942,11268.29935405069,-0.9403781979977753,2.0
29.04742693901062,35.0,7.75,14.9,1.0145709240540256e19,2.85,78.96331547317398,10382.96192367923,279.6047548348047,-0.9443139008464998,0.1246320564937815,0.1356300558757742,0.5628168708598452,10382.96192367923,-0.9474972191323693,4.0
34.1489200592041,49.0,15.555555555555555,11.277777777777779,3.074457345618264e18,2.2777777777777777,69.28956706261958,8321.409454813152,269.365468236467,-0.9553704583139416,0.11341879310987026,0.13431666900707728,0.40821446629926367,8321.409454813152,-0.953726362625139,2.0
39.47348499298096,63.0,23.761904761904763,12.666666666666666,2.6352491533870817e18,2.4761904761904763,69.28956706261958,8089.653834576053,214.2286825425449,-0.9566134144706498,0.11341879310987026,0.13431666900707728,0.40821446629926367,8089.653834576053,-0.9666295884315906,3.0
44.68115592002869,77.0,29.642857142857142,10.357142857142858,2.6352491533870787e18,2.2142857142857144,69.09024552742514,7464.057756306017,187.38928009584424,-0.9599686232733651,0.11736199233308281,0.13566365500712158,0.5545189133918575,7464.057756306017,-0.9701890989988876,3.0
49.99323797225952,92.0,32.785714285714285,10.857142857142858,38.714285714285715,2.2142857142857144,63.73143948861022,6828.159098655945,193.52033010141804,-0.9633790870660448,0.09585256784501697,0.12054540000700924,0.308706507749923,6828.159098655945,-0.9666295884315906,2.0
55.216399908065796,107.0,29.75,12.85,61.6,2.6,56.721659065379335,5596.004439108126,198.82157844816015,-0.969987402404999,0.10675720375926323,0.12662284092516468,0.3872747347908359,5596.004439108126,-0.9737486095661847,3.0
60.22371506690979,122.0,35.0,13.590909090909092,2.474780850334098e38,2.909090909090909,56.680344317154194,5575.48951979864,186.04210222911846,-0.9700974284109876,0.10640588150050527,0.12875176757083254,0.6619810926034448,5575.48951979864,-0.9737486095661847,3.0
65.33913707733154,138.0,42.76190476190476,12.857142857142858,101.80952380952381,2.761904761904762,56.680344317154194,5535.60922800935,175.7415396827521,-0.9703113151515124,0.10640588150050527,0.11802885083019726,0.6619810926034448,5535.60922800935,-0.9741935483870968,3.0
70.38257598876953,153.0,40.68,14.6,8.796093039024e10,3.16,52.01268269842108,5087.391567210913,175.7415396827521,-0.9727152046471147,0.10289952935144699,0.11797939857255127,0.6619810926034448,5087.391567210913,-0.9764182424916574,2.0
75.41921901702881,168.0,46.03846153846154,13.923076923076923,80898.5,2.8846153846153846,51.513022567635176,5057.886134886645,173.74243108537553,-0.9728734487437466,0.10228649603028385,0.11797939857255127,0.6619810926034448,5057.886134886645,-0.9764182424916574,2.5
80.72332191467285,184.0,57.11538461538461,13.692307692307692,80888.15384615384,2.8846153846153846,51.513022567635176,5057.886134886645,173.74435091954592,-0.9728734487437466,0.10228649603028385,0.11797939857255127,0.6619810926034448,5057.886134886645,-0.9764182424916574,2.0
85.74635195732117,199.0,57.04347826086956,12.869565217391305,5811.869565217391,2.782608695652174,51.513022567635176,5057.886134886645,173.87350943697265,-0.9728734487437466,0.10228649603028385,0.11083008425301039,0.6619810926034448,5057.886134886645,-0.9773081201334817,2.0
90.80005192756653,214.0,63.23076923076923,14.384615384615385,10194.5,3.1538461538461537,51.513022567635176,4774.889634232213,173.87350943697265,-0.9743912209662948,0.08520325714009448,0.10277646966812354,0.351093647495822,4774.889634232213,-0.9773081201334817,2.0
95.95343899726868,229.0,66.53571428571429,14.785714285714286,4.788502832122356e152,3.25,51.513022567635176,4774.888150415445,173.87350943697265,-0.9743912289243292,0.08520328004134849,0.10268112626326628,0.35109739549416286,4774.888150415445,-0.9773081201334817,2.0
101.30977606773376,245.0,75.96428571428571,14.75,4.788502832122356e152,3.25,51.85282438214623,4774.885393656738,173.87350943697265,-0.97439124370943,0.08518983515026415,0.10268112626326628,0.35088347053089053,4774.885393656738,-0.9773081201334817,2.0
107.69802784919739,260.0,86.48148148148148,14.407407407407407,4.965854788867628e152,3.185185185185185,51.85282438214623,4774.885393656738,171.87656154905721,-0.97439124370943,0.08518985430856331,0.10268112626326628,0.35088601947090886,4774.885393656738,-0.9773081201334817,2.0
112.71829795837402,275.0,83.06896551724138,14.620689655172415,4.623382044807792e152,3.206896551724138,51.85282438214623,4769.819758332893,171.87656154905721,-0.9744184118212841,0.08519171145382368,0.10268112626326628,0.35115392298107934,4769.819758332893,-0.978642936596218,2.0
117.83589506149292,290.0,88.75862068965517,14.137931034482758,4.623382044807792e152,3.1379310344827585,51.66805763564138,4769.819758332893,173.9000489312857,-0.9744184118212841,0.08519171145382368,0.10268112626326628,0.35115392298107934,4769.819758332893,-0.978642936596218,2.5
123.23034191131592,306.0,95.96428571428571,13.964285714285714,1.534036240357143e8,3.107142857142857,51.66805827945926,4769.819758332893,173.9000489312857,-0.9744184118212841,0.0854487562157069,0.10268112626326628,0.36259333731005766,4769.819758332893,-0.978642936596218,2.5
128.49729204177856,322.0,100.72413793103448,14.206896551724139,1.4811389713793105e8,3.1379310344827585,47.820845012863856,3833.3126988996232,161.84176201858722,-0.9794411043200999,0.08544888692819656,0.10268112626326628,0.36260775070142426,3833.3126988996232,-0.978642936596218,2.5
133.73850107192993,338.0,110.20689655172414,14.206896551724139,1.4811375703448275e8,3.1379310344827585,47.820845012863856,3833.3126988996232,161.84176201858722,-0.9794411043200999,0.08544888384915894,0.10268112626326628,0.36260792865981256,3833.3126988996232,-0.978642936596218,2.5
138.74105191230774,353.0,120.20689655172414,14.137931034482758,1.4811373931034482e8,3.1379310344827585,47.820845012863856,3833.3126988996232,161.84176201858722,-0.9794411043200999,0.08544888384915894,0.10268112626326628,0.36260792865981256,3833.3126988996232,-0.978642936596218,2.5
143.76006698608398,368.0,128.71428571428572,13.714285714285714,1.5340117435714287e8,3.0357142857142856,47.820845012863856,3833.3126988996232,161.84176201858722,-0.9794411043200999,0.08518978020675712,0.10295281757584941,0.35087457782404563,3833.3126988996232,-0.978642936596218,2.5
148.7744300365448,383.0,122.93333333333334,14.366666666666667,7.71947261582108e75,3.1333333333333333,47.820845012863856,3833.3126988996232,161.84176201858722,-0.9794411043200999,0.08518985521442948,0.10295281757584941,0.35088594706066506,3833.3126988996232,-0.9781979977753059,3.5
153.8280119895935,398.0,133.63333333333333,14.366666666666667,7.71947261582108e75,3.1333333333333333,47.820845012863856,3833.3126988996232,161.84176201858722,-0.9794411043200999,0.08518985525159191,0.10295281757584941,0.3508860483151599,3833.3126988996232,-0.9781979977753059,3.5
158.82884097099304,413.0,147.33333333333334,14.366666666666667,7.71947261582108e75,3.1333333333333333,47.820845012863856,3833.3126988996232,161.84176201858722,-0.9794411043200999,0.08518985525159191,0.10295281757584941,0.3508860483151599,3833.3126988996232,-0.9781979977753059,3.5
164.12891101837158,429.0,142.53333333333333,14.366666666666667,7.71947261582108e75,3.1333333333333333,47.820845012863856,3833.3126988996232,161.84176201858722,-0.9794411043200999,0.08518985525159191,0.10295281757584941,0.3508860483151599,3833.3126988996232,-0.9781979977753059,3.5
169.15377402305603,444.0,138.65625,15.03125,7.237005577332262e75,3.25,47.820845012863856,3833.3126988996232,161.84176201858722,-0.9794411043200999,0.07961257350125726,0.10295281757584941,0.22125713010727818,3833.3126988996232,-0.978642936596218,3.5
174.26056790351868,459.0,148.625,15.03125,7.237005577332262e75,3.25,47.820845012863856,3833.3126988996232,161.84176201858722,-0.9794411043200999,0.07961277574781835,0.10295281757584941,0.22125943857156402,3833.3126988996232,-0.978642936596218,3.5
179.34935593605042,474.0,157.71875,15.03125,7.237005577332262e75,3.25,47.820845012863856,3833.3126988996232,161.84176201858722,-0.9794411043200999,0.07961277574781835,0.10295281757584941,0.22125943857156402,3833.3126988996232,-0.978642936596218,3.5
184.51492500305176,489.0,154.76470588235293,15.264705882352942,6.8112993669009526e75,3.323529411764706,47.820845012863856,3833.3126988996232,161.84176201858722,-0.9794411043200999,0.07961277574781835,0.10295281757584941,0.22125943857156402,3833.3126988996232,-0.978642936596218,3.5
189.7137839794159,504.0,162.77142857142857,15.6,6.616690813560925e75,3.4,47.820845012863856,3833.3126988996232,161.84176201858722,-0.9794411043200999,0.07961277574781835,0.10295281757584941,0.22125943857156402,3833.3126988996232,-0.978642936596218,3.5
195.02267789840698,520.0,177.88571428571427,15.6,6.616690813560925e75,3.4,47.820845012863856,3833.3126988996232,161.84176201858722,-0.9794411043200999,0.07961277574781835,0.10295281757584941,0.22125943857156402,3833.3126988996232,-0.978642936596218,3.5
200.12548899650574,535.0,184.61111111111111,15.972222222222221,6.432893846517566e75,3.4722222222222223,47.820845012863856,3833.3126988996232,161.84176201858722,-0.9794411043200999,0.07961277574781835,0.10295281757584941,0.22125943857156402,3833.3126988996232,-0.9804226918798665,3.5
205.1541199684143,550.0,193.23529411764707,15.235294117647058,6.8112993669009526e75,3.323529411764706,45.883874051195825,3833.3126988996232,161.84176201858722,-0.9794411043200999,0.07727455680074065,0.10295281757584941,0.2209747804384718,3833.3126988996232,-0.9790878754171302,3.5
210.20890593528748,565.0,211.12121212121212,14.909090909090908,7.0177023780191636e75,3.242424242424242,45.883874051195825,3833.3126988996232,161.84176201858722,-0.9794411043200999,0.07727455680074065,0.10295281757584941,0.2209747804384718,3833.3126988996232,-0.9790878754171302,3.5
215.28519487380981,580.0,215.64705882352942,15.294117647058824,6.8112993669009526e75,3.323529411764706,45.88395808872728,3833.3126988996232,155.32794607625962,-0.9794411043200999,0.07727459960718544,0.10295281757584941,0.22097476536245883,3833.3126988996232,-0.9790878754171302,3.5
220.39855098724365,595.0,208.88888888888889,15.88888888888889,6.432893846517566e75,3.4722222222222223,45.88395808872728,3833.3126988996232,155.32794607625962,-0.9794411043200999,0.07727459960718544,0.10295281757584941,0.22097476536245883,3833.3126988996232,-0.9790878754171302,3.5
225.50976085662842,610.0,207.6,15.542857142857143,6.616690813560925e75,3.3714285714285714,45.88395808872728,3833.3126988996232,154.6876159380012,-0.9794411043200999,0.07727459960718544,0.10295281757584941,0.22097476536245883,3833.3126988996232,-0.9790878754171302,3.5
230.62707996368408,625.0,207.35294117647058,15.382352941176471,6.8112993669009526e75,3.3529411764705883,45.88395808872728,3833.2897876608226,154.6876159380012,-0.9794412271980922,0.07727459960718544,0.10295591594994677,0.22097476536245883,3833.2897876608226,-0.9790878754171302,3.5
235.70718502998352,640.0,218.7941176470588,15.382352941176471,6.8112993669009526e75,3.3529411764705883,45.88395808872728,3833.2897876608226,154.6876159380012,-0.9794412271980922,0.07727459960718544,0.10295591594994677,0.22097476536245883,3833.2897876608226,-0.9790878754171302,3.5
240.7467439174652,655.0,228.70967741935485,14.161290322580646,7.470457370149432e75,3.096774193548387,45.624181233073095,3645.450063883529,151.34626630071793,-0.9804486527824405,0.0954642972734346,0.10310929604411252,0.6620165644754392,3645.450063883529,-0.9804226918798665,3.5
245.92078304290771,670.0,240.6451612903226,14.161290322580646,7.470457370149432e75,3.096774193548387,45.624181233073095,3645.450063883529,151.34626630071793,-0.9804486527824405,0.0954642972734346,0.10310929604411252,0.6620165644754392,3645.450063883529,-0.9804226918798665,3.5
251.08327794075012,685.0,255.6451612903226,14.161290322580646,7.470457370149432e75,3.096774193548387,45.624181233073095,3645.450063883529,151.34626630071793,-0.9804486527824405,0.0954642972734346,0.10310929604411252,0.6620165644754392,3645.450063883529,-0.9804226918798665,3.5
256.19076204299927,700.0,257.625,14.59375,7.237005577332262e75,3.1875,43.293892711370944,3330.7223002930623,151.0312359490761,-0.9821366067187531,0.0941920014491873,0.10310929604411252,0.6620165644754392,3330.7223002930623,-0.9826473859844271,3.5
261.29173588752747,715.0,254.45454545454547,14.484848484848484,7.0177023780191636e75,3.1515151515151514,43.293892711370944,3330.7223002930623,151.0312359490761,-0.9821366067187531,0.0941920014491873,0.10310929604411252,0.6620165644754392,3330.7223002930623,-0.9826473859844271,4.0
266.4459240436554,730.0,269.0,14.484848484848484,7.0177023780191636e75,3.1515151515151514,43.293892711370944,3330.7223002930623,151.0312359490761,-0.9821366067187531,0.0941920014491873,0.10310929604411252,0.6620165644754392,3330.7223002930623,-0.9826473859844271,4.0
271.52099108695984,745.0,283.24242424242425,14.484848484848484,7.0177023780191636e75,3.1515151515151514,43.293892711370944,3330.7223002930623,151.0312359490761,-0.9821366067187531,0.0941920014491873,0.10310929604411252,0.6620165644754392,3330.7223002930623,-0.9826473859844271,4.0
276.5872619152069,760.0,287.2647058823529,14.676470588235293,6.8112993669009526e75,3.176470588235294,43.293892711370944,3330.7223002930623,151.0312359490761,-0.9821366067187531,0.0941920014491873,0.10310929604411252,0.6620165644754392,3330.7223002930623,-0.9826473859844271,4.0
281.6724579334259,775.0,292.51428571428573,15.085714285714285,6.616690813560925e75,3.257142857142857,43.293892711370944,3330.7223002930623,151.0312359490761,-0.9821366067187531,0.0941920014491873,0.10310929604411252,0.6620165644754392,3330.7223002930623,-0.9826473859844271,4.0
286.7184998989105,790.0,298.55555555555554,15.333333333333334,6.432893846517566e75,3.3055555555555554,43.293892711370944,3330.7223002930623,151.0312359490761,-0.9821366067187531,0.0941920014491873,0.10310929604411252,0.6620165644754392,3330.7223002930623,-0.9826473859844271,4.0
292.00953793525696,806.0,294.5135135135135,15.702702702702704,6.259031850665741e75,3.3783783783783785,43.29024158576884,3330.5819442171314,151.0312359490761,-0.9821373594791329,0.0941920014491873,0.10339603554093962,0.6620165644754392,3330.5819442171314,-0.9826473859844271,4.0
297.2810609340668,822.0,302.97297297297297,15.702702702702704,6.259031850665741e75,3.3783783783783785,43.29024158576884,3330.5819442171314,151.0312359490761,-0.9821373594791329,0.08697959969049465,0.10339603554093962,0.31632182885528193,3330.5819442171314,-0.9826473859844271,4.0
302.61976289749146,838.0,304.7894736842105,16.07894736842105,6.094320486174536e75,3.4473684210526314,42.39873221211909,3258.4350190756736,151.0312359490761,-0.982524299242235,0.08697959969049465,0.10339603554093962,0.31632182885528193,3258.4350190756736,-0.9826473859844271,4.0
307.96035289764404,854.0,294.6923076923077,16.153846153846153,5.938055858323907e75,3.4615384615384617,42.39873221326057,3258.435019058706,151.0312359490761,-0.9825242992423261,0.08697959969049465,0.10339603554093962,0.31632182885528193,3258.435019058706,-0.9826473859844271,4.0
313.0253109931946,869.0,299.275,16.45,5.78960446186581e75,3.525,42.39873221326057,3258.435019058706,151.0312359490761,-0.9825242992423261,0.08697959969049465,0.10339603554093962,0.31632182885528193,3258.435019058706,-0.9826473859844271,4.0
318.15346097946167,884.0,311.575,16.45,5.78960446186581e75,3.525,42.399260133932906,3258.431338756709,151.0312359490761,-0.9825243189805919,0.08697959969049465,0.10339603554093962,0.31632182885528193,3258.431338756709,-0.9826473859844271,4.0
323.216490983963,899.0,320.0,16.128205128205128,5.938055858323907e75,3.4615384615384617,42.399260133932906,3258.431338756709,151.0312359490761,-0.9825243189805919,0.08697958899067573,0.10339603554093962,0.31632173716467415,3258.431338756709,-0.9826473859844271,4.0
328.25306606292725,914.0,321.9,16.45,5.78960446186581e75,3.525,42.399260133932906,3258.431338756709,151.0312359490761,-0.9825243189805919,0.08697958899067573,0.10339603554093962,0.31632173716467415,3258.431338756709,-0.9826473859844271,4.0
333.38524198532104,929.0,306.3170731707317,16.414634146341463,5.648394596942254e75,3.5121951219512195,42.399260133932906,3258.431338756709,151.0312359490761,-0.9825243189805919,0.08697958899067573,0.10339603554093962,0.31632173716467415,3258.431338756709,-0.9826473859844271,4.0
338.45929193496704,944.0,314.2439024390244,16.414634146341463,5.648394596942254e75,3.5121951219512195,42.399260133932906,3258.431338756709,151.0312359490761,-0.9825243189805919,0.08697958899067573,0.10339603554093962,0.31632173716467415,3258.431338756709,-0.9826473859844271,4.0
343.5917868614197,959.0,310.8536585365854,16.414634146341463,5.648394596942254e75,3.5121951219512195,42.399260133932906,3258.431338756709,151.0312359490761,-0.9825243189805919,0.08697958899067573,0.10339603554093962,0.31632173716467415,3258.431338756709,-0.9826473859844271,4.0
348.6848349571228,974.0,317.0,16.571428571428573,5.513909011300771e75,3.5476190476190474,42.399260133932906,3258.431338756709,151.0312359490761,-0.9825243189805919,0.08697958899067573,0.10339603554093962,0.31632173716467415,3258.431338756709,-0.9826473859844271,4.0
353.7626860141754,989.0,308.6190476190476,16.571428571428573,5.513909011300771e75,3.5476190476190474,42.399260133932906,3258.431338756709,151.0312359490761,-0.9825243189805919,0.08697955875465078,0.10339603554093962,0.31632148484786304,3258.431338756709,-0.9826473859844271,4.0
358.8131630420685,1004.0,322.3095238095238,16.571428571428573,5.513909011300771e75,3.5476190476190474,42.399260133932906,3258.431338756709,151.0312359490761,-0.9825243189805919,0.08697955875465078,0.10339603554093962,0.31632148484786304,3258.431338756709,-0.9826473859844271,4.0
363.9273519515991,1019.0,320.5348837209302,16.72093023255814,5.385678569177497e75,3.5813953488372094,42.399260133932906,3258.431338756709,151.0312359490761,-0.9825243189805919,0.08697955875465078,0.10337077769127836,0.31632148484786304,3258.431338756709,-0.9826473859844271,4.0
369.23633193969727,1035.0,322.73809523809524,16.857142857142858,5.513909011300771e75,3.619047619047619,42.399260133932906,3258.431338756709,151.0312359490761,-0.9825243189805919,0.08697955875465078,0.10337077769127836,0.31632148484786304,3258.431338756709,-0.9826473859844271,4.0
374.3172378540039,1050.0,321.1666666666667,16.857142857142858,5.513909011300771e75,3.619047619047619,42.399260133932906,3258.431338756709,151.03189063964632,-0.9825243189805919,0.08697950337561293,0.10337077769127836,0.3163210090068126,3258.431338756709,-0.9826473859844271,4.0
379.43981194496155,1065.0,328.09302325581393,16.930232558139537,5.385678569177497e75,3.627906976744186,42.399260133932906,3258.431338756709,151.03189063964632,-0.9825243189805919,0.08697950337561293,0.10337077769127836,0.3163210090068126,3258.431338756709,-0.9826473859844271,4.0
384.6151759624481,1080.0,338.51162790697674,16.930232558139537,5.385678569177497e75,3.627906976744186,42.399260133932906,3258.431338756709,151.03189063964632,-0.9825243189805919,0.08697950337561293,0.10337077769127836,0.3163210090068126,3258.431338756709,-0.9826473859844271,4.0
389.84112095832825,1095.0,349.5813953488372,16.930232558139537,5.385678569177497e75,3.627906976744186,42.399260133932906,3258.431338756709,151.03189063964632,-0.9825243189805919,0.08697921318544206,0.10337077769127836,0.3163185098223243,3258.431338756709,-0.9826473859844271,4.0
395.07776498794556,1110.0,358.93023255813955,16.930232558139537,5.385678569177497e75,3.627906976744186,42.399260133932906,3258.431338756709,151.03189063964632,-0.9825243189805919,0.08697921318544206,0.10337077769127836,0.3163185098223243,3258.431338756709,-0.9826473859844271,4.0
400.3170349597931,1125.0,367.5348837209302,16.930232558139537,5.385678569177497e75,3.627906976744186,42.399260133932906,3258.431338756709,151.03189063964632,-0.9825243189805919,0.08697921318544206,0.10337077769127836,0.3163185098223243,3258.431338756709,-0.9826473859844271,4.0
405.63005089759827,1140.0,376.4418604651163,16.930232558139537,5.385678569177497e75,3.627906976744186,42.399260133932906,3258.431338756709,151.03189063964632,-0.9825243189805919,0.08529535373776231,0.10337077769127836,0.21414488373679347,3258.431338756709,-0.9826473859844271,4.0
410.9033808708191,1155.0,382.74418604651163,16.930232558139537,5.385678569177497e75,3.604651162790698,42.399260133932906,3258.431338756709,151.03189063964632,-0.9825243189805919,0.08529535373776231,0.10337077769127836,0.21414488373679347,3258.431338756709,-0.9826473859844271,4.0
416.1628940105438,1170.0,394.95348837209303,16.930232558139537,5.385678569177497e75,3.604651162790698,42.399260133932906,3258.431338756709,151.03189063964632,-0.9825243189805919,0.08529535373776231,0.10337077769127836,0.21414488373679347,3258.431338756709,-0.9826473859844271,4.0
421.1771218776703,1184.0,403.3488372093023,16.930232558139537,5.385678569177497e75,3.604651162790698,42.399260133932906,3258.431338756709,151.03189063964632,-0.9825243189805919,0.08529535373776231,0.10337077769127836,0.21414488373679347,3258.431338756709,-0.9826473859844271,4.0
426.4728388786316,1199.0,411.13953488372096,16.930232558139537,5.385678569177497e75,3.604651162790698,42.399260133932906,3258.431338756709,151.03189063964632,-0.9825243189805919,0.08529552521387719,0.10337077769127836,0.21414878048132507,3258.431338756709,-0.9826473859844271,4.0
431.49069905281067,1213.0,419.30232558139534,16.930232558139537,5.385678569177497e75,3.604651162790698,42.399260133932906,3258.431338756709,151.03189063964632,-0.9825243189805919,0.08529552521387719,0.10337077769127836,0.21414878048132507,3258.431338756709,-0.9826473859844271,4.0
436.7182478904724,1228.0,434.30232558139534,16.930232558139537,5.385678569177497e75,3.604651162790698,42.399260133932906,3258.431338756709,151.03189063964632,-0.9825243189805919,0.08529552521387719,0.10337077769127836,0.21414878048132507,3258.431338756709,-0.9826473859844271,4.0
442.0000259876251,1243.0,442.6046511627907,16.930232558139537,5.385678569177497e75,3.604651162790698,42.399260133932906,3258.431338756709,151.03475570251518,-0.9825243189805919,0.08529552521387719,0.10337077769127836,0.21414878048132507,3258.431338756709,-0.9826473859844271,4.0
447.0291500091553,1257.0,438.27272727272725,17.15909090909091,5.263276783514373e75,3.6363636363636362,42.399260133932906,3258.431338756709,150.95769589380174,-0.9825243189805919,0.08529552521387719,0.10337077769127836,0.21414878048132507,3258.431338756709,-0.9826473859844271,4.0
452.3468210697174,1272.0,442.9111111111111,17.444444444444443,5.146315077214053e75,3.688888888888889,42.399260133932906,3258.431338756709,150.95769589380174,-0.9825243189805919,0.08529552521387719,0.10337077769127836,0.21414878048132507,3258.431338756709,-0.9826473859844271,4.0
457.40202498435974,1286.0,453.8222222222222,17.444444444444443,5.146315077214053e75,3.688888888888889,42.399260133932906,3258.431338756709,150.9585977072446,-0.9825243189805919,0.08529552521387719,0.09701451213413889,0.21414878048132507,3258.431338756709,-0.9826473859844271,4.0
462.5383689403534,1300.0,458.15555555555557,17.444444444444443,5.146315077214053e75,3.7111111111111112,42.399260133932906,3258.431338756709,150.9585977072446,-0.9825243189805919,0.08529552521387719,0.09701451213413889,0.21414878048132507,3258.431338756709,-0.9826473859844271,4.0
467.65865206718445,1314.0,471.6,17.444444444444443,5.146315077214053e75,3.7111111111111112,42.399260133932906,3258.431338756709,150.9585977072446,-0.9825243189805919,0.08529552521387719,0.09701451213413889,0.21414878048132507,3258.431338756709,-0.9826473859844271,4.0
472.66914105415344,1328.0,480.20454545454544,17.227272727272727,5.263276783514373e75,3.659090909090909,42.399260133932906,3258.431338756709,150.9585977072446,-0.9825243189805919,0.08529552521387719,0.09701451213413889,0.21414878048132507,3258.431338756709,-0.9826473859844271,4.0
477.71140599250793,1342.0,477.77272727272725,17.227272727272727,5.263276783514373e75,3.659090909090909,42.399260133932906,3258.431338756709,150.9585977072446,-0.9825243189805919,0.08529576326113707,0.09701451213413889,0.2141522775679577,3258.431338756709,-0.9826473859844271,4.0
482.77060198783875,1356.0,480.04545454545456,17.227272727272727,5.263276783514373e75,3.659090909090909,42.399260133932906,3258.431338756709,150.9585977072446,-0.9825243189805919,0.08529576326113707,0.09701451213413889,0.2141522775679577,3258.431338756709,-0.9826473859844271,4.0
488.03337693214417,1371.0,480.1136363636364,17.227272727272727,5.263276783514373e75,3.659090909090909,42.399260133932906,3258.431338756709,150.9585977072446,-0.9825243189805919,0.08529576326113707,0.09701451213413889,0.2141522775679577,3258.431338756709,-0.9826473859844271,4.0
493.3450469970703,1386.0,494.75,17.227272727272727,5.263276783514373e75,3.659090909090909,42.399260133932906,3258.431338756709,150.9585977072446,-0.9825243189805919,0.08529576326113707,0.09701451213413889,0.2141522775679577,3258.431338756709,-0.9826473859844271,4.0
498.6514949798584,1401.0,497.02272727272725,17.227272727272727,5.263276783514373e75,3.659090909090909,42.4002591349891,3258.424496367614,150.9585977072446,-0.9825243556778234,0.08529576326113707,0.09701451213413889,0.2141522775679577,3258.424496367614,-0.9826473859844271,4.0
503.9647569656372,1416.0,496.22222222222223,17.466666666666665,5.146315077214053e75,3.7111111111111112,42.4002591349891,3258.424496367614,150.9585977072446,-0.9825243556778234,0.08876831569922249,0.09701451213413889,0.36960836738657743,3258.424496367614,-0.9826473859844271,4.0
509.3016369342804,1431.0,497.10869565217394,17.32608695652174,5.034438662492008e75,3.6739130434782608,42.4002591349891,3258.424496367614,150.9585977072446,-0.9825243556778234,0.08876833888427885,0.09701451213413889,0.3696117480575396,3258.424496367614,-0.9826473859844271,4.0
514.5863800048828,1446.0,510.2391304347826,17.32608695652174,5.034438662492008e75,3.6739130434782608,42.4002591349891,3258.424496367614,150.9585977072446,-0.9825243556778234,0.08876833889684156,0.09701451213413889,0.36961174839739264,3258.424496367614,-0.9826473859844271,4.0
519.9152519702911,1461.0,524.2608695652174,17.32608695652174,5.034438662492008e75,3.6739130434782608,42.4002591349891,3258.424496367614,150.9585977072446,-0.9825243556778234,0.08876833889684156,0.09701451213413889,0.36961174839739264,3258.424496367614,-0.9826473859844271,4.0
525.2538819313049,1476.0,537.1304347826087,17.32608695652174,5.034438662492008e75,3.6739130434782608,42.4002591349891,3258.424496367614,150.9585977072446,-0.9825243556778234,0.08876833889684156,0.09701451213413889,0.36961174839739264,3258.424496367614,-0.9826473859844271,4.0
530.4919259548187,1491.0,533.0869565217391,17.32608695652174,5.034438662492008e75,3.6739130434782608,42.4002591349891,3258.424496367614,150.9585977072446,-0.9825243556778234,0.08876833889684156,0.09701451213413889,0.36961174839739264,3258.424496367614,-0.9826473859844271,4.0
535.791209936142,1506.0,546.9782608695652,17.32608695652174,5.034438662492008e75,3.6739130434782608,42.4002591349891,3258.424496367614,150.9585977072446,-0.9825243556778234,0.08876833889684156,0.09701451213413889,0.36961174839739264,3258.424496367614,-0.9826473859844271,4.0
540.7935240268707,1520.0,512.3617021276596,17.404255319148938,4.927322946268774e75,3.6808510638297873,42.4002591349891,3258.424496367614,150.9585977072446,-0.9825243556778234,0.08876833889684156,0.09701451213413889,0.36961174839739264,3258.424496367614,-0.9826473859844271,4.0
546.1274149417877,1535.0,515.6875,17.645833333333332,4.8246703848881745e75,3.7291666666666665,42.4002591349891,3258.424496367614,150.9585977072446,-0.9825243556778234,0.08876833889684156,0.09701451213413889,0.36961174839739264,3258.424496367614,-0.9826473859844271,4.0
551.1728539466858,1549.0,529.0416666666666,17.645833333333332,4.8246703848881745e75,3.7291666666666665,42.4002591349891,3258.424496367614,150.9585977072446,-0.9825243556778234,0.08876833889684156,0.09701451213413889,0.36961174839739264,3258.424496367614,-0.9826473859844271,4.0
556.1968710422516,1563.0,546.3333333333334,16.933333333333334,5.146315077214053e75,3.6,42.4002591349891,3258.424496367614,151.2061892258241,-0.9825243556778234,0.08876833889684156,0.09701451213413889,0.36961174839739264,3258.424496367614,-0.9826473859844271,4.0
561.2049090862274,1577.0,549.2444444444444,16.933333333333334,5.146315077214053e75,3.6,42.4002591349891,3258.424496367614,151.2061892258241,-0.9825243556778234,0.08876833889684156,0.09701451213413889,0.36961174839739264,3258.424496367614,-0.9826473859844271,4.0
566.5436110496521,1592.0,571.5681818181819,16.636363636363637,5.263276783514373e75,3.5454545454545454,42.39726513194585,3258.3962042158537,151.2061892258241,-0.9825245074148306,0.08876833889684156,0.09701451213413889,0.36961174839739264,3258.3962042158537,-0.9826473859844271,4.0
571.565337896347,1606.0,536.8260869565217,17.17391304347826,5.034438662492008e75,3.608695652173913,42.39727013371441,3257.420855497094,150.96890310579445,-0.9825297384236565,0.08876833889684156,0.09701451213413889,0.36961174839739264,3257.420855497094,-0.9826473859844271,4.0
576.5769748687744,1620.0,548.8478260869565,17.17391304347826,5.034438662492008e75,3.608695652173913,42.39727013371441,3257.420855497094,150.96890310579445,-0.9825297384236565,0.08876833889684156,0.09701451213413889,0.36961174839739264,3257.420855497094,-0.9826473859844271,4.0
581.8918318748474,1635.0,556.304347826087,17.17391304347826,5.034438662492008e75,3.608695652173913,42.39727013371441,3257.420855497094,150.96890310579445,-0.9825297384236565,0.08876833889684156,0.09701430944009382,0.36961174839739264,3257.420855497094,-0.9826473859844271,4.0
586.8918409347534,1649.0,557.5106382978723,17.4468085106383,4.927322946268774e75,3.6595744680851063,42.39727013371441,3257.4204469318142,150.96890310579445,-0.9825297406148816,0.08876833889684156,0.09701430944009382,0.36961174839739264,3257.4204469318142,-0.9826473859844271,4.0
591.9440689086914,1663.0,570.2340425531914,17.4468085106383,4.927322946268774e75,3.6595744680851063,42.39726986914406,3257.4204469318142,150.96890310579445,-0.9825297406148816,0.08876833889684156,0.09701430944009382,0.36961174839739264,3257.4204469318142,-0.9826473859844271,4.0
597.2908160686493,1678.0,545.5869565217391,17.195652173913043,5.034438662492008e75,3.608695652173913,42.39726986914406,3257.4204469318142,150.96890310579445,-0.9825297406148816,0.08876833889684156,0.09701430944009382,0.36961174839739264,3257.4204469318142,-0.9826473859844271,4.0
602.3011820316315,1692.0,543.5106382978723,17.106382978723403,4.927322946268774e75,3.574468085106383,42.39726986914406,3257.4204469318142,150.96890310579445,-0.9825297406148816,0.08876833889684156,0.09701430944009382,0.36961174839739264,3257.4204469318142,-0.9826473859844271,4.0
607.6194479465485,1707.0,545.125,17.354166666666668,4.8246703848881745e75,3.625,42.39726986914406,3257.417821171465,150.96890310579445,-0.9825297546974096,0.08876833889684156,0.09701430944009382,0.36961174839739264,3257.417821171465,-0.9826473859844271,4.0
612.957211971283,1722.0,558.6041666666666,17.354166666666668,4.8246703848881745e75,3.625,42.39726986914406,3257.417821171465,150.96890310579445,-0.9825297546974096,0.08876833889684156,0.09701430944009382,0.36961174839739264,3257.417821171465,-0.9826473859844271,4.0
618.0384919643402,1736.0,572.6041666666666,17.354166666666668,4.8246703848881745e75,3.625,42.39726986914406,3257.417821171465,150.96890310579445,-0.9825297546974096,0.08876833889684156,0.09701430944009382,0.36961174839739264,3257.417821171465,-0.9826473859844271,4.0
623.0981240272522,1750.0,555.5,17.354166666666668,4.8246703848881745e75,3.625,42.397313077420684,3257.417821171465,150.96890310579445,-0.9825297546974096,0.08876833889684156,0.09701430944009382,0.36961174839739264,3257.417821171465,-0.9826473859844271,4.0
628.4364399909973,1765.0,570.5,17.354166666666668,4.8246703848881745e75,3.625,42.397313077420684,3257.417821171465,150.96890310579445,-0.9825297546974096,0.08876833889684156,0.09701430944009382,0.36961174839739264,3257.417821171465,-0.9826473859844271,4.0
633.467768907547,1779.0,571.0,17.354166666666668,4.8246703848881745e75,3.625,42.39776711351511,3257.417821171465,150.96890310579445,-0.9825297546974096,0.08876833889684156,0.09682109307427167,0.36961174839739264,3257.417821171465,-0.9826473859844271,4.0
638.5535578727722,1793.0,583.0625,17.354166666666668,4.8246703848881745e75,3.625,42.39776711351511,3257.417821171465,150.96890310579445,-0.9825297546974096,0.08876833889684156,0.09682109307427167,0.36961174839739264,3257.417821171465,-0.9826473859844271,4.0
643.6255509853363,1807.0,597.0625,17.354166666666668,4.8246703848881745e75,3.625,42.39776711351511,3257.417821171465,150.96890310579445,-0.9825297546974096,0.08876833889684156,0.09682109307427167,0.36961174839739264,3257.417821171465,-0.9826473859844271,4.0
648.6701140403748,1821.0,608.5625,17.354166666666668,4.8246703848881745e75,3.625,42.39776711351511,3257.417821171465,150.96890310579445,-0.9825297546974096,0.08876833889684156,0.09682109307427167,0.36961174839739264,3257.417821171465,-0.9826473859844271,4.0
653.8412110805511,1835.0,619.875,17.354166666666668,4.8246703848881745e75,3.625,42.39776711351511,3257.417821171465,150.96890310579445,-0.9825297546974096,0.08876833889684156,0.09682109307427167,0.36961174839739264,3257.417821171465,-0.9826473859844271,4.0
658.8621959686279,1849.0,614.265306122449,17.571428571428573,4.726207723972089e75,3.673469387755102,42.39776711351511,3257.417821171465,150.96890310579445,-0.9825297546974096,0.08876833889684156,0.09682109307427167,0.36961174839739264,3257.417821171465,-0.9826473859844271,4.0
664.0061979293823,1863.0,613.6326530612245,17.571428571428573,4.726207723972089e75,3.673469387755102,42.39776711351511,3257.417821171465,150.96890310579445,-0.9825297546974096,0.08876833889684156,0.09682109307427167,0.36961174839739264,3257.417821171465,-0.9826473859844271,4.0
669.0616660118103,1877.0,635.0,17.3125,4.8246703848881745e75,3.6458333333333335,42.193377375952196,3250.440041216679,150.8408895114487,-0.9825671780597689,0.08876833889684156,0.09682109307427167,0.36961174839739264,3250.440041216679,-0.9826473859844271,4.0
674.1099488735199,1891.0,629.4897959183673,17.510204081632654,4.726207723972089e75,3.693877551020408,42.193383458223025,3250.440020760421,150.8408895114487,-0.9825671781694802,0.08876833889684156,0.09682109307427167,0.36961174839739264,3250.440020760421,-0.9826473859844271,4.0
679.1790120601654,1905.0,617.9183673469388,17.510204081632654,4.726207723972089e75,3.693877551020408,42.193383458223025,3250.440020760421,150.8408895114487,-0.9825671781694802,0.08876833889684156,0.09682109307427167,0.36961174839739264,3250.440020760421,-0.9826473859844271,4.0
684.2451429367065,1919.0,618.9795918367347,17.510204081632654,4.726207723972089e75,3.693877551020408,42.193383458223025,3250.440020760421,150.8408895114487,-0.9825671781694802,0.08876926076925658,0.09682109307427167,0.3697073026200059,3250.440020760421,-0.9826473859844271,4.0
689.3530600070953,1933.0,631.9183673469388,17.510204081632654,4.726207723972089e75,3.693877551020408,42.193383458223025,3250.440020760421,150.84676450427642,-0.9825671781694802,0.08876926076925658,0.09682109307427167,0.3697073026200059,3250.440020760421,-0.9826473859844271,4.0
694.3963310718536,1947.0,644.8163265306123,17.510204081632654,4.726207723972089e75,3.693877551020408,42.193843066824904,3250.4380732807485,150.84676450427642,-0.9825671886142404,0.08876926076925658,0.09682109307427167,0.3697073026200059,3250.4380732807485,-0.9826473859844271,4.0
699.4696869850159,1961.0,641.06,17.66,4.631683569492648e75,3.74,42.193843066824904,3250.4380732807485,150.84676450427642,-0.9825671886142404,0.08876926076925658,0.09682109307427167,0.3697073026200059,3250.4380732807485,-0.9826473859844271,4.0
704.6565930843353,1975.0,652.9791666666666,17.458333333333332,4.8246703848881745e75,3.6875,42.14275224314958,3242.708253117577,150.84676450427642,-0.9826086453329694,0.08677876495665073,0.09682109307427167,0.23924508494315438,3242.708253117577,-0.9826473859844271,4.0
709.7980499267578,1989.0,666.6041666666666,17.458333333333332,4.8246703848881745e75,3.6875,42.14275224314958,3242.708253117577,150.84676450427642,-0.9826086453329694,0.08677876369313794,0.09682109307427167,0.23924513608626308,3242.708253117577,-0.9826473859844271,4.0
714.8718349933624,2003.0,680.6041666666666,17.458333333333332,4.8246703848881745e75,3.6875,42.14275224314958,3242.708253117577,150.84676450427642,-0.9826086453329694,0.08677876369313794,0.09682109307427167,0.23924513608626308,3242.708253117577,-0.9826473859844271,4.0
719.8979618549347,2017.0,695.2127659574468,17.25531914893617,4.927322946268774e75,3.6382978723404253,42.14275224314958,3242.708253117577,150.84676450427642,-0.9826086453329694,0.08677876369313794,0.09682109307427167,0.23924513608626308,3242.708253117577,-0.9826473859844271,4.0
724.9480910301208,2031.0,693.4166666666666,17.458333333333332,4.8246703848881745e75,3.6875,42.14275224314958,3242.708253117577,150.84676450427642,-0.9826086453329694,0.08677876369313794,0.09682109307427167,0.23924513608626308,3242.708253117577,-0.9826473859844271,4.0
729.968502998352,2045.0,683.2765957446809,17.23404255319149,4.927322946268774e75,3.6595744680851063,42.14275224314958,3242.708253117577,150.84676450427642,-0.9826086453329694,0.08677876369313794,0.09682109307427167,0.23924513608626308,3242.708253117577,-0.9826473859844271,4.0
734.9932179450989,2059.0,683.468085106383,17.23404255319149,4.927322946268774e75,3.6595744680851063,42.14275224314958,3242.708253117577,150.84676450427642,-0.9826086453329694,0.08677876369313794,0.09682109307427167,0.23924513608626308,3242.708253117577,-0.9826473859844271,4.0
740.1168029308319,2073.0,697.468085106383,17.23404255319149,4.927322946268774e75,3.6595744680851063,42.14275224314958,3242.708253117577,150.84676450427642,-0.9826086453329694,0.08677876369313794,0.09682109307427167,0.23924513608626308,3242.708253117577,-0.9826473859844271,4.0
745.1711809635162,2087.0,708.4893617021277,17.23404255319149,4.927322946268774e75,3.6595744680851063,42.14275224314958,3242.708253117577,150.84676450427642,-0.9826086453329694,0.08677876369313794,0.09682109307427167,0.23924513608626308,3242.708253117577,-0.9826473859844271,4.0
750.2658519744873,2101.0,714.9574468085107,17.23404255319149,4.927322946268774e75,3.6595744680851063,42.14275224314958,3242.708253117577,150.84676450427642,-0.9826086453329694,0.08677876369313794,0.09682109307427167,0.23924513608626308,3242.708253117577,-0.9826473859844271,4.0
755.2790839672089,2115.0,720.0,17.23404255319149,4.927322946268774e75,3.6595744680851063,42.14275224314958,3242.708253117577,150.84676450427642,-0.9826086453329694,0.08677876369313794,0.09682109307427167,0.23924513608626308,3242.708253117577,-0.9826473859844271,4.0
760.3738780021667,2129.0,732.1063829787234,17.23404255319149,4.927322946268774e75,3.6595744680851063,42.14275224314958,3242.708253117577,150.84676450427642,-0.9826086453329694,0.08677876369313794,0.09682109307427167,0.23924513608626308,3242.708253117577,-0.9826473859844271,4.0
765.4399828910828,2143.0,731.7872340425532,17.23404255319149,4.927322946268774e75,3.6595744680851063,42.14275224314958,3242.708253117577,150.84676450427642,-0.9826086453329694,0.08677876369313794,0.09682109307427167,0.23924513608626308,3242.708253117577,-0.9826473859844271,4.0
770.584223985672,2157.0,743.0,17.23404255319149,4.927322946268774e75,3.6595744680851063,42.14275224314958,3242.708253117577,150.84676450427642,-0.9826086453329694,0.08677876369313794,0.09682109307427167,0.23924513608626308,3242.708253117577,-0.9826473859844271,4.0
775.6608300209045,2171.0,754.2340425531914,17.23404255319149,4.927322946268774e75,3.6595744680851063,42.14275224314958,3242.708253117577,150.84676450427642,-0.9826086453329694,0.08677876369313794,0.09682109307427167,0.23924513608626308,3242.708253117577,-0.9826473859844271,4.0
780.7593970298767,2185.0,734.5106382978723,17.23404255319149,4.927322946268774e75,3.6595744680851063,42.14275224314958,3242.708253117577,150.84676450427642,-0.9826086453329694,0.08677876369313794,0.09682109307427167,0.23924513608626308,3242.708253117577,-0.9826473859844271,4.0
785.8258759975433,2199.0,745.1063829787234,17.23404255319149,4.927322946268774e75,3.6595744680851063,42.14275224314958,3242.708253117577,150.84676450427642,-0.9826086453329694,0.08677876369313794,0.09682109307427167,0.23924513608626308,3242.708253117577,-0.9826473859844271,4.0
790.9211909770966,2213.0,756.2765957446809,17.23404255319149,4.927322946268774e75,3.6595744680851063,42.14275224314958,3242.708253117577,150.84676450427642,-0.9826086453329694,0.08677876369313794,0.09682109307427167,0.23924513608626308,3242.708253117577,-0.9826473859844271,4.0
795.9928278923035,2227.0,769.5744680851063,17.23404255319149,4.927322946268774e75,3.6595744680851063,42.14275224314958,3242.708253117577,150.84676450427642,-0.9826086453329694,0.08677876369313794,0.09682109307427167,0.23924513608626308,3242.708253117577,-0.9826473859844271,4.0
801.1386349201202,2241.0,777.5957446808511,17.23404255319149,4.927322946268774e75,3.6595744680851063,42.14275224314958,3242.708253117577,150.84676450427642,-0.9826086453329694,0.0867787718243943,0.09682109307427167,0.2392741392705987,3242.708253117577,-0.9826473859844271,4.0
806.2979228496552,2255.0,791.5957446808511,17.23404255319149,4.927322946268774e75,3.6595744680851063,42.14275224314958,3242.708253117577,150.84676450427642,-0.9826086453329694,0.0867787718243943,0.09682109307427167,0.2392741392705987,3242.708253117577,-0.9826473859844271,4.0
811.4707598686218,2269.0,795.2127659574468,17.23404255319149,4.927322946268774e75,3.6595744680851063,42.14275224314958,3242.708253117577,150.84676450427642,-0.9826086453329694,0.0867787718243943,0.09682109307427167,0.2392741392705987,3242.708253117577,-0.9826473859844271,4.0
816.6920549869537,2283.0,805.0,17.108695652173914,5.034438662492008e75,3.630434782608696,42.14275224314958,3242.708253117577,150.84676450427642,-0.9826086453329694,0.0862113720904636,0.09682109307427167,0.21894142261966046,3242.708253117577,-0.9826473859844271,4.0
821.6995730400085,2297.0,812.4130434782609,17.108695652173914,5.034438662492008e75,3.630434782608696,42.14275224314958,3242.708253117577,150.84676450427642,-0.9826086453329694,0.08621136990019232,0.09682109307427167,0.2189414613835691,3242.708253117577,-0.9826473859844271,4.0
826.840115070343,2311.0,814.9565217391304,17.108695652173914,5.034438662492008e75,3.630434782608696,42.14275224314958,3242.708253117577,150.84676450427642,-0.9826086453329694,0.08621136990019232,0.09676085475680193,0.2189414613835691,3242.708253117577,-0.9826473859844271,4.0
831.9287159442902,2325.0,811.4468085106383,17.361702127659573,4.927322946268774e75,3.702127659574468,42.14275224314958,3242.708253117577,150.84676450427642,-0.9826086453329694,0.08621136990019232,0.09676085475680193,0.2189414613835691,3242.708253117577,-0.9826473859844271,4.0
837.068825006485,2339.0,817.468085106383,17.361702127659573,4.927322946268774e75,3.702127659574468,42.14283543692375,3242.707658411266,150.84676450427642,-0.9826086485225097,0.08621136990019232,0.09676085475680193,0.2189414613835691,3242.707658411266,-0.9826473859844271,4.0
842.2470190525055,2353.0,790.5531914893617,17.361702127659573,4.927322946268774e75,3.702127659574468,42.14283543692375,3242.707658411266,150.92171129127055,-0.9826086485225097,0.08621136990019232,0.09676085475680193,0.2189414613835691,3242.707658411266,-0.9826473859844271,4.0
847.3790600299835,2367.0,794.8297872340426,17.361702127659573,4.927322946268774e75,3.702127659574468,42.14283543692375,3242.707658411266,150.92171129127055,-0.9826086485225097,0.08621136990019232,0.09676085475680193,0.2189414613835691,3242.707658411266,-0.9826473859844271,4.0
852.5488519668579,2381.0,805.7659574468086,17.361702127659573,4.927322946268774e75,3.702127659574468,42.14283543692375,3242.707658411266,150.92171129127055,-0.9826086485225097,0.08621136990019232,0.09676085475680193,0.2189414613835691,3242.707658411266,-0.9826473859844271,4.0
857.6638669967651,2395.0,816.7446808510638,17.361702127659573,4.927322946268774e75,3.702127659574468,42.14283543692375,3242.707658411266,150.92171129127055,-0.9826086485225097,0.0862113696911643,0.09676085475680193,0.21894146504777476,3242.707658411266,-0.9826473859844271,4.0
862.8261859416962,2409.0,805.125,17.479166666666668,4.8246703848881745e75,3.7291666666666665,42.14283543692375,3242.707658411266,150.92171129127055,-0.9826086485225097,0.08390780661372167,0.09677103611594812,0.21894146504777476,3242.707658411266,-0.9826473859844271,4.0
868.0359258651733,2423.0,807.9583333333334,17.479166666666668,4.8246703848881745e75,3.7291666666666665,42.14283543692375,3242.707658411266,150.92171129127055,-0.9826086485225097,0.08390780661372167,0.09677103611594812,0.21894146504777476,3242.707658411266,-0.9826473859844271,4.0
873.1276218891144,2437.0,819.9166666666666,17.479166666666668,4.8246703848881745e75,3.7291666666666665,42.14283543692375,3242.707658411266,150.92171129127055,-0.9826086485225097,0.08390780661372167,0.09677103611594812,0.21894146504777476,3242.707658411266,-0.9826473859844271,4.0
878.2643730640411,2451.0,790.9375,17.479166666666668,4.8246703848881745e75,3.7291666666666665,42.14283543692375,3242.707658411266,150.92171129127055,-0.9826086485225097,0.08390780661372167,0.09677103611594812,0.21896634515345775,3242.707658411266,-0.9826473859844271,4.0
883.4222660064697,2465.0,804.9375,17.479166666666668,4.8246703848881745e75,3.7291666666666665,42.14283543692375,3242.707658411266,150.92171129127055,-0.9826086485225097,0.08390780661372167,0.09677103611594812,0.21896634515345775,3242.707658411266,-0.9826473859844271,4.0
888.5549340248108,2479.0,816.125,17.479166666666668,4.8246703848881745e75,3.7291666666666665,42.14283543692375,3242.707658411266,150.92171129127055,-0.9826086485225097,0.08390780666190494,0.09677103611594812,0.21896634515345775,3242.707658411266,-0.9826473859844271,4.0
893.6942930221558,2493.0,829.1666666666666,17.479166666666668,4.8246703848881745e75,3.7291666666666665,42.14283543692375,3242.707658411266,150.92171129127055,-0.9826086485225097,0.08390780666190494,0.09677103611594812,0.21926025735719692,3242.707658411266,-0.9826473859844271,4.0
898.9260928630829,2507.0,843.1666666666666,17.479166666666668,4.8246703848881745e75,3.7291666666666665,42.14283543692375,3242.707658411266,150.92171129127055,-0.9826086485225097,0.08390780666190494,0.09677103611594812,0.21926025735719692,3242.707658411266,-0.9826473859844271,4.0
904.089644908905,2521.0,857.1666666666666,17.479166666666668,4.8246703848881745e75,3.7291666666666665,42.14283543692375,3242.707658411266,150.92171129127055,-0.9826086485225097,0.08390780666190494,0.09677103611594812,0.21926025735719692,3242.707658411266,-0.9826473859844271,4.0
909.2686820030212,2535.0,868.5625,17.479166666666668,4.8246703848881745e75,3.7291666666666665,42.14283543692375,3242.707658411266,150.92171129127055,-0.9826086485225097,0.08390780666190494,0.09677103611594812,0.21926025735719692,3242.707658411266,-0.9826473859844271,4.0
914.378252029419,2549.0,882.5625,17.479166666666668,4.8246703848881745e75,3.7291666666666665,42.14283543692375,3242.707658411266,150.92171129127055,-0.9826086485225097,0.08390780666190494,0.09677103611594812,0.21926025735719692,3242.707658411266,-0.9826473859844271,4.0
919.5368480682373,2563.0,896.5625,17.479166666666668,4.8246703848881745e75,3.7291666666666665,42.14283543692375,3242.707658411266,150.92171129127055,-0.9826086485225097,0.08390780666190494,0.09677103611594812,0.21926025735719692,3242.707658411266,-0.9826473859844271,4.0
924.7668960094452,2577.0,891.9583333333334,17.479166666666668,4.8246703848881745e75,3.7291666666666665,42.14283543692375,3242.707658411266,150.92171129127055,-0.9826086485225097,0.08390780666190494,0.09677103611594812,0.21926025735719692,3242.707658411266,-0.9826473859844271,4.0
929.9451739788055,2591.0,905.9583333333334,17.479166666666668,4.8246703848881745e75,3.7291666666666665,42.14283543692375,3242.707658411266,150.92171129127055,-0.9826086485225097,0.08390780666190494,0.09677103611594812,0.21926025735719692,3242.707658411266,-0.9826473859844271,4.0
935.0846929550171,2605.0,909.9375,17.479166666666668,4.8246703848881745e75,3.7291666666666665,42.14283543692375,3242.707658411266,150.92171129127055,-0.9826086485225097,0.08390780666190494,0.09677103611594812,0.21926025735719692,3242.707658411266,-0.9826473859844271,4.0
940.2277939319611,2619.0,917.375,17.479166666666668,4.8246703848881745e75,3.7291666666666665,42.14283543692375,3242.707658411266,150.92171129127055,-0.9826086485225097,0.08390780666190494,0.09677103611594812,0.21926025735719692,3242.707658411266,-0.9826473859844271,4.0
945.3689470291138,2633.0,922.8541666666666,17.479166666666668,4.8246703848881745e75,3.7291666666666665,42.14283543692375,3242.707658411266,150.92171129127055,-0.9826086485225097,0.08390791644674386,0.09677103611594812,0.21926025735719692,3242.707658411266,-0.9826473859844271,4.0
950.5415029525757,2647.0,930.1875,17.479166666666668,4.8246703848881745e75,3.7291666666666665,42.14291184958124,3242.7071892752383,150.92171129127055,-0.982608651038589,0.08390791644674386,0.09677103611594812,0.21926025735719692,3242.7071892752383,-0.9826473859844271,4.0
955.7452390193939,2661.0,944.1875,17.479166666666668,4.8246703848881745e75,3.7291666666666665,42.14291184958124,3242.7071892752383,150.92171129127055,-0.982608651038589,0.08390791644674386,0.09677103611594812,0.21926025735719692,3242.7071892752383,-0.9826473859844271,4.0
960.8657240867615,2675.0,958.1875,17.479166666666668,4.8246703848881745e75,3.7291666666666665,42.14291184958124,3242.7071892752383,150.92171129127055,-0.982608651038589,0.08390791644674386,0.09677103611594812,0.21926025735719692,3242.7071892752383,-0.9826473859844271,4.0
966.1415178775787,2689.0,957.0,17.479166666666668,4.8246703848881745e75,3.7291666666666665,42.14291184958124,3242.7071892752383,150.92171129127055,-0.982608651038589,0.08390791644674386,0.09677103611594812,0.21926025735719692,3242.7071892752383,-0.9826473859844271,4.0
971.339103937149,2703.0,969.125,17.479166666666668,4.8246703848881745e75,3.7291666666666665,42.14291184958124,3242.7071892752383,150.92171129127055,-0.982608651038589,0.08390791644674386,0.09677103611594812,0.21926025735719692,3242.7071892752383,-0.9826473859844271,4.0
976.5376069545746,2717.0,979.4791666666666,17.479166666666668,4.8246703848881745e75,3.75,39.37753542078496,3130.7141832398866,150.92171129127055,-0.9832092940616901,0.08390791644674386,0.09677103611594812,0.21926025735719692,3130.7141832398866,-0.9826473859844271,4.0
981.788745880127,2731.0,986.875,17.479166666666668,4.8246703848881745e75,3.75,39.37753542078496,3130.7141832398866,150.92171129127055,-0.9832092940616901,0.08390791644674386,0.09693038079575218,0.21926025735719692,3130.7141832398866,-0.9826473859844271,4.0
986.9915180206299,2745.0,985.0,17.5625,4.8246703848881745e75,3.75,39.37753542078496,3130.7141832398866,150.92171129127055,-0.9832092940616901,0.08390791644674386,0.0969303807957594,0.21926025735719692,3130.7141832398866,-0.9826473859844271,4.0
992.1585340499878,2759.0,982.8333333333334,17.5625,4.8246703848881745e75,3.75,39.3775342979436,3130.7141728880347,150.92171129127055,-0.9832092941172094,0.08390791644674386,0.09693038079576685,0.21926025735719692,3130.7141728880347,-0.9826473859844271,4.0
997.3443689346313,2773.0,996.8333333333334,17.5625,4.8246703848881745e75,3.75,39.3775342979436,3130.7141728880347,150.92171129127055,-0.9832092941172094,0.08390791644674386,0.09693038079576685,0.21926025735719692,3130.7141728880347,-0.9826473859844271,4.0
1002.5528349876404,2787.0,1010.3958333333334,17.5625,4.8246703848881745e75,3.75,39.3775342979436,3130.7141728880347,150.92171129127055,-0.9832092941172094,0.08390791644674386,0.09693038079576685,0.21926025735719692,3130.7141728880347,-0.9826473859844271,4.0
1007.6683578491211,2801.0,1017.2916666666666,17.5625,4.8246703848881745e75,3.75,39.3775342979436,3130.7141728880347,150.92171129127055,-0.9832092941172094,0.08390791644674386,0.09693038079576685,0.21926025735719692,3130.7141728880347,-0.9826473859844271,4.0
1012.8323068618774,2815.0,1014.468085106383,17.319148936170212,4.927322946268774e75,3.702127659574468,39.3775342979436,3130.7141728880347,150.92171129127055,-0.9832092941172094,0.08390791644674386,0.0969303808016465,0.21926025735719692,3130.7141728880347,-0.9826473859844271,4.0
1018.0207118988037,2829.0,1027.0,17.319148936170212,4.927322946268774e75,3.702127659574468,39.3775342979436,3130.7141728880347,150.92171129127055,-0.9832092941172094,0.08390791644674386,0.0969303808016465,0.21926025735719692,3130.7141728880347,-0.9826473859844271,4.0
1023.2183339595795,2843.0,1028.5744680851064,17.319148936170212,4.927322946268774e75,3.702127659574468,39.3775342979436,3130.7141728880347,151.03879614800488,-0.9832092941172094,0.08390791644674386,0.0969303808016465,0.21926025735719692,3130.7141728880347,-0.9826473859844271,4.0
1028.3923270702362,2857.0,1040.531914893617,17.319148936170212,4.927322946268774e75,3.702127659574468,39.37754142670279,3130.7141285409266,151.03879614800488,-0.9832092943550527,0.08390791644674386,0.0969303808016465,0.21926025735719692,3130.7141285409266,-0.9826473859844271,4.0
1033.4496669769287,2871.0,1030.212765957447,17.319148936170212,4.927322946268774e75,3.702127659574468,39.37754142670279,3130.7141285409266,151.03879614800488,-0.9832092943550527,0.08390791644674386,0.0969303808016465,0.21926025735719692,3130.7141285409266,-0.9826473859844271,4.0
1038.6035070419312,2885.0,1044.212765957447,17.319148936170212,4.927322946268774e75,3.702127659574468,39.37754142670279,3130.7141285409266,151.03879614800488,-0.9832092943550527,0.08390791644674386,0.0969303808016465,0.21926025735719692,3130.7141285409266,-0.9826473859844271,4.0
1043.7938158512115,2899.0,1058.212765957447,17.319148936170212,4.927322946268774e75,3.702127659574468,39.37754142670279,3130.7141285409266,151.03879614800488,-0.9832092943550527,0.08390791644674386,0.0969303808016465,0.21926025735719692,3130.7141285409266,-0.9826473859844271,4.0
1048.9790070056915,2913.0,1055.1914893617022,17.319148936170212,4.927322946268774e75,3.702127659574468,39.37758091493633,3130.7129119987117,151.03879614800488,-0.9832093008796351,0.08390791644674386,0.0969303808016465,0.21926025735719692,3130.7129119987117,-0.9826473859844271,4.0
1054.1283900737762,2927.0,1069.1914893617022,17.319148936170212,4.927322946268774e75,3.702127659574468,39.37758091493633,3130.7129119987117,151.03879614800488,-0.9832093008796351,0.08390791644674386,0.0969303808016465,0.21926025735719692,3130.7129119987117,-0.9826473859844271,4.0
1059.2795770168304,2941.0,1062.276595744681,17.319148936170212,4.927322946268774e75,3.702127659574468,39.37758091493633,3130.7129119987117,151.03879614800488,-0.9832093008796351,0.08390791644674386,0.0969303808016465,0.21926025735719692,3130.7129119987117,-0.9826473859844271,4.0
1064.4097690582275,2955.0,1074.3617021276596,17.319148936170212,4.927322946268774e75,3.702127659574468,39.37758091493633,3130.7129119987117,151.03879614800488,-0.9832093008796351,0.08390791644674386,0.0969303808016465,0.21926025735719692,3130.7129119987117,-0.9826473859844271,4.0
1069.6236009597778,2969.0,1088.3617021276596,17.319148936170212,4.927322946268774e75,3.702127659574468,39.37758091493633,3130.7129119987117,151.03879614800488,-0.9832093008796351,0.08390791644674386,0.0969303808016465,0.21926025735719692,3130.7129119987117,-0.9826473859844271,4.0
1074.7783789634705,2983.0,1102.3617021276596,17.319148936170212,4.927322946268774e75,3.702127659574468,39.37758091493633,3130.7129119987117,151.03879614800488,-0.9832093008796351,0.08390791644674386,0.0969303808016465,0.21926025735719692,3130.7129119987117,-0.9826473859844271,4.0
1079.9083709716797,2997.0,1116.9565217391305,17.065217391304348,5.034438662492008e75,3.652173913043478,39.37758091493633,3130.7129119987117,151.03879614800488,-0.9832093008796351,0.08390791644674386,0.0969303808016465,0.21926025735719692,3130.7129119987117,-0.9826473859844271,4.0
1085.1922030448914,3011.0,1129.7826086956522,17.065217391304348,5.034438662492008e75,3.652173913043478,39.37758091493633,3130.7129119987117,151.03879614800488,-0.9832093008796351,0.08390791644674386,0.0969303808016465,0.21926025735719692,3130.7129119987117,-0.9826473859844271,4.0
1090.374764919281,3025.0,1136.0652173913043,17.065217391304348,5.034438662492008e75,3.652173913043478,39.37758091493633,3130.7129119987117,151.03879614800488,-0.9832093008796351,0.08390791644674386,0.0969303808016465,0.21926025735719692,3130.7129119987117,-0.9826473859844271,4.0
1095.466763973236,3039.0,1149.891304347826,17.065217391304348,5.034438662492008e75,3.652173913043478,39.37758091493633,3130.7129119987117,151.03879614800488,-0.9832093008796351,0.08390791644674386,0.0969303808016465,0.21926025735719692,3130.7129119987117,-0.9826473859844271,4.0
1100.5551130771637,3053.0,1141.7173913043478,17.065217391304348,5.034438662492008e75,3.652173913043478,39.37758091493633,3130.7129119987117,151.03879614800488,-0.9832093008796351,0.08390791644674386,0.0969303808016465,0.21926025735719692,3130.7129119987117,-0.9826473859844271,4.0
1105.754436969757,3067.0,1126.340425531915,17.319148936170212,4.927322946268774e75,3.702127659574468,39.37758091493633,3130.7129119987117,124.14148662518107,-0.9832093008796351,0.0750290008876117,0.0969303808016465,0.21926025735719692,3130.7129119987117,-0.9826473859844271,4.0
1110.9939379692078,3081.0,1138.3191489361702,17.319148936170212,4.927322946268774e75,3.702127659574468,39.37758091493633,3130.7129119987117,124.14154281056369,-0.9832093008796351,0.0750290015116172,0.0969303808016465,0.21926025735719692,3130.7129119987117,-0.9826473859844271,4.0
1116.1218390464783,3095.0,1152.1489361702127,17.319148936170212,4.927322946268774e75,3.702127659574468,39.37758091493633,3130.7129119987117,124.14405271872954,-0.9832093008796351,0.07502881468372204,0.0969303808016465,0.21926025735719692,3130.7129119987117,-0.9826473859844271,4.0
1121.2485599517822,3109.0,1157.6808510638298,17.319148936170212,4.927322946268774e75,3.702127659574468,39.37758091493633,3130.7129119987117,124.14405271872954,-0.9832093008796351,0.07502881468372204,0.0969303808016465,0.21926025735719692,3130.7129119987117,-0.9826473859844271,4.0
1126.3744430541992,3123.0,1171.6808510638298,17.319148936170212,4.927322946268774e75,3.702127659574468,39.37758091493633,3130.7129119987117,124.14405271872954,-0.9832093008796351,0.07502881468372204,0.0969303808016465,0.21926025735719692,3130.7129119987117,-0.9826473859844271,4.0
1131.5790128707886,3137.0,1162.1489361702127,17.319148936170212,4.927322946268774e75,3.702127659574468,39.37758091493633,3130.7129119987117,124.14405271872954,-0.9832093008796351,0.07502881468372204,0.09693033386601113,0.21926025735719692,3130.7129119987117,-0.9826473859844271,4.0
1136.8376469612122,3151.0,1174.723404255319,17.319148936170212,4.927322946268774e75,3.702127659574468,39.37758091493633,3130.7129119987117,124.14405271872954,-0.9832093008796351,0.07502881468372204,0.09693033386601113,0.21926025735719692,3130.7129119987117,-0.9826473859844271,4.0
1142.0887968540192,3165.0,1188.723404255319,17.319148936170212,4.927322946268774e75,3.702127659574468,39.37758091493633,3130.7129119987117,124.14405271872954,-0.9832093008796351,0.07502881468372204,0.09693033386601113,0.21926025735719692,3130.7129119987117,-0.9826473859844271,4.0
1147.2732520103455,3179.0,1191.1702127659576,17.319148936170212,4.927322946268774e75,3.702127659574468,39.37758091493633,3130.7129119987117,124.16113136289562,-0.9832093008796351,0.07502808452384425,0.09693033386601113,0.21926025735719692,3130.7129119987117,-0.9826473859844271,4.0
1152.5061678886414,3193.0,1204.063829787234,17.319148936170212,4.927322946268774e75,3.702127659574468,39.37758091493633,3130.7129119987117,124.16113136289562,-0.9832093008796351,0.07502808452384425,0.09693050105827278,0.21926025735719692,3130.7129119987117,-0.9826473859844271,4.0
1157.5990290641785,3207.0,1165.787234042553,17.319148936170212,4.927322946268774e75,3.702127659574468,39.37758091493633,3130.7129119987117,124.16113136289562,-0.9832093008796351,0.07502808452384425,0.09693050105827278,0.21926025735719692,3130.7129119987117,-0.9826473859844271,4.0
1162.7132289409637,3221.0,1165.1063829787233,17.319148936170212,4.927322946268774e75,3.702127659574468,39.37856549530755,3130.544629039445,124.16113136289562,-0.9832102034180075,0.07502808452384425,0.09693050105827278,0.21926025735719692,3130.544629039445,-0.9826473859844271,4.0
1167.8988709449768,3235.0,1171.340425531915,17.319148936170212,4.927322946268774e75,3.702127659574468,39.37856549530755,3130.544629039445,124.16113136289562,-0.9832102034180075,0.07502808452384425,0.09693050105827278,0.21926025735719692,3130.544629039445,-0.9826473859844271,4.0
1173.0418379306793,3249.0,1178.212765957447,17.319148936170212,4.927322946268774e75,3.702127659574468,39.37856549530755,3130.544629039445,124.16113136289562,-0.9832102034180075,0.07502808452384425,0.09693050105827278,0.21926025735719692,3130.544629039445,-0.9826473859844271,4.0
1178.155061006546,3263.0,1185.3829787234042,17.319148936170212,4.927322946268774e75,3.702127659574468,39.37856549530755,3130.544629039445,124.16113136289562,-0.9832102034180075,0.07502808452384425,0.09693050105827278,0.21926025735719692,3130.544629039445,-0.9826473859844271,4.0
1183.2948698997498,3277.0,1169.5106382978724,17.319148936170212,4.927322946268774e75,3.702127659574468,39.37856549530755,3130.544629039445,124.16113136289562,-0.9832102034180075,0.07502808452384425,0.09693050105827278,0.21926025735719692,3130.544629039445,-0.9826473859844271,4.0
1188.3976550102234,3291.0,1183.5106382978724,17.319148936170212,4.927322946268774e75,3.702127659574468,39.37856549530755,3130.544629039445,124.16113136289562,-0.9832102034180075,0.07502808452384425,0.09693050105827278,0.21926025735719692,3130.544629039445,-0.9826473859844271,4.0
1193.551383972168,3305.0,1194.9574468085107,17.319148936170212,4.927322946268774e75,3.702127659574468,39.821944852028174,3126.2111583190413,124.16113136289562,-0.9832334447707148,0.07502808452384425,0.09693050105827278,0.21926025735719692,3126.2111583190413,-0.9826473859844271,4.0
1198.7128870487213,3319.0,1208.9574468085107,17.319148936170212,4.927322946268774e75,3.702127659574468,39.821944852028174,3126.2111583190413,124.16113136289562,-0.9832334447707148,0.07502808452384425,0.09693050105827278,0.21926025735719692,3126.2111583190413,-0.9826473859844271,4.0
1203.9100449085236,3333.0,1222.9574468085107,17.319148936170212,4.927322946268774e75,3.702127659574468,39.821944852028174,3126.2111583190413,124.16113136289562,-0.9832334447707148,0.07502808452384425,0.09693050105827278,0.21926025735719692,3126.2111583190413,-0.9826473859844271,4.0
1209.0668308734894,3347.0,1236.9574468085107,17.319148936170212,4.927322946268774e75,3.702127659574468,39.821944852028174,3126.2111583190413,124.16113136289562,-0.9832334447707148,0.07502808452384425,0.09693050105827278,0.21926025735719692,3126.2111583190413,-0.9826473859844271,4.0
1214.220589876175,3361.0,1221.9583333333333,17.5625,4.8246703848881745e75,3.7708333333333335,39.82194560802385,3126.211156713282,124.16113136289562,-0.9832334447793268,0.07502808452384425,0.09693050105827278,0.21926025735719692,3126.211156713282,-0.9826473859844271,4.0
1219.3603529930115,3375.0,1220.3958333333333,17.5625,4.8246703848881745e75,3.7708333333333335,39.83168646209517,3126.199916160158,124.16113136289562,-0.9832335050648755,0.07502808452384425,0.09693050105827278,0.21926025735719692,3126.199916160158,-0.9826473859844271,4.0
1224.415297985077,3389.0,1230.625,17.5625,4.8246703848881745e75,3.7708333333333335,39.83168646209517,3126.199916160158,124.16113136289562,-0.9832335050648755,0.07502808452384425,0.09693050105827278,0.21926025735719692,3126.199916160158,-0.9826473859844271,4.0
1229.5121009349823,3403.0,1244.625,17.5625,4.8246703848881745e75,3.7708333333333335,39.83168646209517,3126.199916160158,124.16113136289562,-0.9832335050648755,0.07502808452384425,0.09693050105827278,0.21926025735719692,3126.199916160158,-0.9826473859844271,4.0
1234.6592919826508,3417.0,1258.625,17.5625,4.8246703848881745e75,3.7708333333333335,39.83168646209517,3126.199916160158,124.16113136289562,-0.9832335050648755,0.07502808452384425,0.09693050105827278,0.21926025735719692,3126.199916160158,-0.9826473859844271,4.0
1239.8417868614197,3431.0,1261.1875,17.5625,4.8246703848881745e75,3.7708333333333335,39.83168646209517,3126.199916160158,124.16113136289562,-0.9832335050648755,0.07502808452384425,0.09692977000711245,0.21926025735719692,3126.199916160158,-0.9826473859844271,4.0
1245.0024859905243,3445.0,1274.6875,17.5625,4.8246703848881745e75,3.7708333333333335,39.83168646209517,3126.199916160158,124.16113136289562,-0.9832335050648755,0.07502808452384425,0.09692977000711245,0.21926025735719692,3126.199916160158,-0.9826473859844271,4.0
1250.1802229881287,3459.0,1287.2083333333333,17.5625,4.8246703848881745e75,3.7708333333333335,39.83168646209517,3126.199916160158,124.16113136289562,-0.9832335050648755,0.07502808452384425,0.09692977000711245,0.21926025735719692,3126.199916160158,-0.9826473859844271,4.0
1255.3562989234924,3473.0,1301.2083333333333,17.5625,4.8246703848881745e75,3.7708333333333335,39.83168646209517,3126.199916160158,124.16113136289562,-0.9832335050648755,0.07502808452384425,0.09692977000711245,0.21926025735719692,3126.199916160158,-0.9826473859844271,4.0
1260.545548915863,3487.0,1315.2083333333333,17.5625,4.8246703848881745e75,3.7708333333333335,39.83168646209517,3126.199916160158,124.16113136289562,-0.9832335050648755,0.07502808452384425,0.09692977000711245,0.21926025735719692,3126.199916160158,-0.9826473859844271,4.0
1265.6759209632874,3501.0,1329.2083333333333,17.5625,4.8246703848881745e75,3.7708333333333335,39.83168646209517,3126.199916160158,124.16113136289562,-0.9832335050648755,0.07502808452384425,0.09692977000711245,0.21926025735719692,3126.199916160158,-0.9826473859844271,4.0
1270.889111995697,3515.0,1337.1666666666667,17.5625,4.8246703848881745e75,3.7708333333333335,39.83168646209517,3126.199916160158,124.16113136289562,-0.9832335050648755,0.07502808452384425,0.09692977000711245,0.21926025735719692,3126.199916160158,-0.9826473859844271,4.0
1276.0891258716583,3529.0,1351.1666666666667,17.5625,4.8246703848881745e75,3.7708333333333335,39.83168646209517,3126.199916160158,124.16113136289562,-0.9832335050648755,0.07502808452384425,0.09692977000711245,0.21926025735719692,3126.199916160158,-0.9826473859844271,4.0
1281.2121028900146,3543.0,1297.7291666666667,17.5625,4.8246703848881745e75,3.7708333333333335,39.83168646209517,3126.199916160158,124.16113136289562,-0.9832335050648755,0.07502808452384425,0.09692977000711245,0.21926025735719692,3126.199916160158,-0.9826473859844271,4.0
1286.3722250461578,3557.0,1242.5416666666667,17.5625,4.8246703848881745e75,3.7708333333333335,39.83168646209517,3126.199916160158,124.16113136289562,-0.9832335050648755,0.07502808452384425,0.09692977000711245,0.21926025735719692,3126.199916160158,-0.9826473859844271,4.0
1291.5373179912567,3571.0,1249.4583333333333,17.5625,4.8246703848881745e75,3.7708333333333335,39.83168646209517,3126.199916160158,124.16113136289562,-0.9832335050648755,0.07502808452384425,0.09692977000711245,0.21926025735719692,3126.199916160158,-0.9826473859844271,4.0
1296.6070199012756,3585.0,1263.4583333333333,17.5625,4.8246703848881745e75,3.7708333333333335,39.83168646209517,3126.199916160158,124.16113136289562,-0.9832335050648755,0.07502808452384425,0.09692977000711245,0.21926025735719692,3126.199916160158,-0.9826473859844271,4.0
1301.654375076294,3599.0,1264.2291666666667,17.5625,4.8246703848881745e75,3.7708333333333335,39.83168646209517,3126.199916160158,124.16113136289562,-0.9832335050648755,0.07502808452384425,0.09692977000711245,0.21926025735719692,3126.199916160158,-0.9826473859844271,4.0
1306.7914140224457,3613.0,1239.8125,17.5625,4.8246703848881745e75,3.7708333333333335,39.83168646209517,3126.199916160158,124.16113136289562,-0.9832335050648755,0.07502808452384425,0.09692977000711245,0.21926025735719692,3126.199916160158,-0.9826473859844271,4.0
1311.9343729019165,3627.0,1253.7291666666667,17.5625,4.8246703848881745e75,3.7708333333333335,39.83168646209517,3126.199916160158,124.16113136289562,-0.9832335050648755,0.07502808452384425,0.09692977000711245,0.21926025735719692,3126.199916160158,-0.9826473859844271,4.0
1317.0840909481049,3641.0,1251.7083333333333,17.5625,4.8246703848881745e75,3.7708333333333335,39.83168646209517,3126.199916160158,124.16113136289562,-0.9832335050648755,0.07502808452384425,0.09692977000711245,0.21926025735719692,3126.199916160158,-0.9826473859844271,4.0
1322.173045873642,3655.0,1265.5833333333333,17.5625,4.8246703848881745e75,3.7708333333333335,39.83168646209517,3126.199916160158,124.16113136289562,-0.9832335050648755,0.07502808452384425,0.09692977000711245,0.21926025735719692,3126.199916160158,-0.9826473859844271,4.0
1327.29993891716,3669.0,1278.8958333333333,17.5625,4.8246703848881745e75,3.7708333333333335,39.83168646209517,3126.199916160158,124.16113136289562,-0.9832335050648755,0.07502808452384425,0.09692977000711245,0.21926025735719692,3126.199916160158,-0.9826473859844271,4.0
1332.423511981964,3683.0,1291.4791666666667,17.5625,4.8246703848881745e75,3.7708333333333335,39.83168646209517,3126.199916160158,124.16113136289562,-0.9832335050648755,0.07502808452384425,0.09692977000711245,0.21926025735719692,3126.199916160158,-0.9826473859844271,4.0
1337.5741739273071,3697.0,1260.3541666666667,17.5625,4.8246703848881745e75,3.7708333333333335,39.83168646209517,3126.199916160158,124.16113136289562,-0.9832335050648755,0.07502808452384425,0.09692977000711245,0.21926025735719692,3126.199916160158,-0.9826473859844271,4.0
1342.7360320091248,3711.0,1245.75,17.5625,4.8246703848881745e75,3.7708333333333335,39.83168646209517,3126.199916160158,124.16113136289562,-0.9832335050648755,0.07502808452384425,0.09692977000711245,0.21947030709390603,3126.199916160158,-0.9826473859844271,4.0
1347.9202718734741,3725.0,1259.75,17.5625,4.8246703848881745e75,3.7708333333333335,39.83168646209517,3126.199916160158,124.16113136289562,-0.9832335050648755,0.07502808452384425,0.09692977000711245,0.21947030709390603,3126.199916160158,-0.9826473859844271,4.0
1353.0550620555878,3739.0,1235.7916666666667,17.5625,4.8246703848881745e75,3.7708333333333335,39.83168646209517,3126.199916160158,124.16113136289562,-0.9832335050648755,0.07502808452384425,0.09692977000711245,0.21947030709390603,3126.199916160158,-0.9826473859844271,4.0
1358.2468440532684,3753.0,1238.0416666666667,17.5625,4.8246703848881745e75,3.7708333333333335,39.83168646209517,3126.199916160158,124.16113136289562,-0.9832335050648755,0.07502808452384425,0.09692977000711245,0.21947030709390603,3126.199916160158,-0.9826473859844271,4.0
1363.3691070079803,3767.0,1196.9375,17.5625,4.8246703848881745e75,3.7708333333333335,39.86412947451977,3125.245943571394,124.16113136289562,-0.9832386214288339,0.07502808452384425,0.09692977000711245,0.21947030709390603,3125.245943571394,-0.9826473859844271,4.0
1368.4780859947205,3781.0,1210.4791666666667,17.5625,4.8246703848881745e75,3.7708333333333335,39.86412947451977,3125.245943571394,124.16113136289562,-0.9832386214288339,0.07502808452384425,0.09692977000711245,0.21947030709390603,3125.245943571394,-0.9826473859844271,4.0
1373.6185538768768,3795.0,1224.4791666666667,17.5625,4.8246703848881745e75,3.7708333333333335,39.86412947451977,3125.245943571394,124.16113136289562,-0.9832386214288339,0.07502808452384425,0.09692977000711245,0.21947030709390603,3125.245943571394,-0.9826473859844271,4.0
1378.7006108760834,3809.0,1237.6666666666667,17.5625,4.8246703848881745e75,3.7708333333333335,39.86412947451977,3125.245943571394,124.16113136289562,-0.9832386214288339,0.07502808452384425,0.09692977000711245,0.21947030709390603,3125.245943571394,-0.9826473859844271,4.0
1383.861958026886,3823.0,1247.875,17.5625,4.8246703848881745e75,3.7708333333333335,39.86412947451977,3125.245943571394,124.16113136289562,-0.9832386214288339,0.07502808452384425,0.09692977000711245,0.21947030709390603,3125.245943571394,-0.9826473859844271,4.0
1389.0851919651031,3837.0,1214.4791666666667,17.5625,4.8246703848881745e75,3.7708333333333335,39.86412947451977,3125.245943571394,124.16113136289562,-0.9832386214288339,0.07502808452384425,0.09692977000711245,0.21947030709390603,3125.245943571394,-0.9826473859844271,4.0
1394.2906379699707,3851.0,1228.4791666666667,17.5625,4.8246703848881745e75,3.7708333333333335,39.86412947451977,3125.245943571394,124.16113136289562,-0.9832386214288339,0.07502808452384425,0.09692977000711245,0.21947030709390603,3125.245943571394,-0.9826473859844271,4.0
1399.417671918869,3865.0,1240.4791666666667,17.5625,4.8246703848881745e75,3.7708333333333335,39.86412947451977,3125.245943571394,124.16113136289562,-0.9832386214288339,0.07502808452384425,0.09692977000711245,0.21947030709390603,3125.245943571394,-0.9826473859844271,4.0
1404.5727310180664,3879.0,1250.375,17.5625,4.8246703848881745e75,3.7708333333333335,39.86412947451977,3125.245943571394,124.16113136289562,-0.9832386214288339,0.07502808452384425,0.09692977000711245,0.21947030709390603,3125.245943571394,-0.9826473859844271,4.0
1409.7468950748444,3893.0,1222.7916666666667,17.5625,4.8246703848881745e75,3.7708333333333335,39.86412947451977,3125.245943571394,124.16113136289562,-0.9832386214288339,0.07502808452384425,0.09692977000711245,0.21947030709390603,3125.245943571394,-0.9826473859844271,4.0
1414.9841508865356,3907.0,1236.7916666666667,17.5625,4.8246703848881745e75,3.7708333333333335,39.86412947451977,3125.245943571394,124.16113136289562,-0.9832386214288339,0.07502808452384425,0.09692977000711245,0.21947030709390603,3125.245943571394,-0.9826473859844271,4.0
1420.1315958499908,3921.0,1250.7916666666667,17.5625,4.8246703848881745e75,3.7708333333333335,39.86412947451977,3125.245943571394,124.16113136289562,-0.9832386214288339,0.07502808452384425,0.09692977000711245,0.21947030709390603,3125.245943571394,-0.9826473859844271,4.0
1425.3345038890839,3935.0,1264.7916666666667,17.5625,4.8246703848881745e75,3.7708333333333335,39.86412947451977,3125.245943571394,124.16113136289562,-0.9832386214288339,0.07502808452384425,0.09692977000711245,0.21947030709390603,3125.245943571394,-0.9826473859844271,4.0
1430.4882040023804,3949.0,1274.2916666666667,17.5625,4.8246703848881745e75,3.7708333333333335,39.86412947451977,3125.245943571394,124.16113136289562,-0.9832386214288339,0.07502808452384425,0.09692977000711245,0.21947030709390603,3125.245943571394,-0.9826473859844271,4.0
1435.6187109947205,3963.0,1259.7083333333333,17.5625,4.8246703848881745e75,3.7708333333333335,39.86412947451977,3125.245943571394,124.21594699467096,-0.9832386214288339,0.07502350669552205,0.09692977000711245,0.2198078477478643,3125.245943571394,-0.9826473859844271,4.0
1440.7547240257263,3977.0,1273.7083333333333,17.5625,4.8246703848881745e75,3.7708333333333335,39.86412947451977,3125.245943571394,124.21594699467096,-0.9832386214288339,0.07502350669552205,0.09692977000711245,0.2198078477478643,3125.245943571394,-0.9826473859844271,4.0
1445.87251496315,3991.0,1271.0,17.5625,4.8246703848881745e75,3.7708333333333335,39.86412947451977,3125.245943571394,124.21594699467096,-0.9832386214288339,0.07502350669552205,0.09692977000711245,0.2198078477478643,3125.245943571394,-0.9826473859844271,4.0
1450.9853558540344,4005.0,1285.0,17.5625,4.8246703848881745e75,3.7708333333333335,39.86412947451977,3125.245943571394,124.21594699467096,-0.9832386214288339,0.07502350669552205,0.09692977000711245,0.2198078477478643,3125.245943571394,-0.9826473859844271,4.0
1456.1394228935242,4019.0,1259.7708333333333,17.5625,4.8246703848881745e75,3.7708333333333335,39.86412947451977,3125.245943571394,124.21594699467096,-0.9832386214288339,0.07502350669552205,0.09692977000711245,0.2198078477478643,3125.245943571394,-0.9826473859844271,4.0
1461.3063740730286,4033.0,1273.7708333333333,17.5625,4.8246703848881745e75,3.7708333333333335,39.86412947451977,3125.245943571394,124.21594699467096,-0.9832386214288339,0.07502350669552205,0.09692977000711245,0.2198078477478643,3125.245943571394,-0.9826473859844271,4.0
1466.515130996704,4047.0,1205.2708333333333,17.5625,4.8246703848881745e75,3.7708333333333335,39.86412947451977,3125.245943571394,124.21594699467096,-0.9832386214288339,0.07502350669552205,0.09692977000711245,0.2198078477478643,3125.245943571394,-0.9826473859844271,4.0
1471.6802608966827,4061.0,1219.2708333333333,17.5625,4.8246703848881745e75,3.7708333333333335,39.86412947451977,3125.245943571394,124.21594699467096,-0.9832386214288339,0.07502350669552205,0.09692977000711245,0.2198078477478643,3125.245943571394,-0.9826473859844271,4.0
1476.8994290828705,4075.0,1233.2708333333333,17.5625,4.8246703848881745e75,3.7708333333333335,39.86412947451977,3125.245943571394,124.21594699467096,-0.9832386214288339,0.07502350669552205,0.09692977000711245,0.2198078477478643,3125.245943571394,-0.9826473859844271,4.0
1482.03812789917,4089.0,1237.9166666666667,17.5625,4.8246703848881745e75,3.7708333333333335,39.86412947451977,3125.245943571394,124.24648660297896,-0.9832386214288339,0.07502333589286383,0.09692977000711245,0.2198078477478643,3125.245943571394,-0.9826473859844271,4.0
1487.22203207016,4103.0,1226.0625,17.5625,4.8246703848881745e75,3.7708333333333335,39.86412947451977,3125.245943571394,124.24648660297896,-0.9832386214288339,0.07502333589286383,0.09692977000711245,0.2198078477478643,3125.245943571394,-0.9826473859844271,4.0
1492.2955269813538,4117.0,1232.9583333333333,17.5625,4.8246703848881745e75,3.7708333333333335,39.86412947451977,3125.245943571394,124.24648660297896,-0.9832386214288339,0.07502333589286383,0.09692977000711245,0.2198078477478643,3125.245943571394,-0.9826473859844271,4.0
1497.412759065628,4131.0,1218.4375,17.5625,4.8246703848881745e75,3.7708333333333335,39.86412947451977,3125.245943571394,124.24648660297896,-0.9832386214288339,0.07502333589286383,0.09692977000711245,0.2198078477478643,3125.245943571394,-0.9826473859844271,4.0
1502.5288410186768,4145.0,1232.4375,17.5625,4.8246703848881745e75,3.7708333333333335,39.86412947451977,3125.245943571394,124.24648660297896,-0.9832386214288339,0.07502333589286383,0.09692977000711245,0.2198078477478643,3125.245943571394,-0.9826473859844271,4.0
1507.7129919528961,4159.0,1246.4375,17.5625,4.8246703848881745e75,3.7708333333333335,39.86412947451977,3125.245943571394,124.24648660297896,-0.9832386214288339,0.07502333589286383,0.09692977000711245,0.2198078477478643,3125.245943571394,-0.9826473859844271,4.0
1512.837553024292,4173.0,1260.4375,17.5625,4.8246703848881745e75,3.7708333333333335,39.86412947451977,3125.245943571394,124.24648660297896,-0.9832386214288339,0.07502333589286383,0.09692977000711245,0.2198078477478643,3125.245943571394,-0.9826473859844271,4.0
1517.9698860645294,4187.0,1273.2916666666667,17.5625,4.8246703848881745e75,3.7708333333333335,39.86412947451977,3125.245943571394,124.24648660297896,-0.9832386214288339,0.07502333589286383,0.09692977000711245,0.2198078477478643,3125.245943571394,-0.9826473859844271,4.0
1523.183765888214,4201.0,1287.2916666666667,17.5625,4.8246703848881745e75,3.7708333333333335,39.86412947451977,3125.245943571394,124.24648660297896,-0.9832386214288339,0.07502333589286383,0.09692977000711245,0.2198078477478643,3125.245943571394,-0.9826473859844271,4.0
1528.2695870399475,4215.0,1291.9791666666667,17.5625,4.8246703848881745e75,3.7708333333333335,39.86412947451977,3125.245943571394,124.24648660297896,-0.9832386214288339,0.07502333589286383,0.09692977000711245,0.2198078477478643,3125.245943571394,-0.9826473859844271,4.0
1533.4545159339905,4229.0,1303.125,17.5625,4.8246703848881745e75,3.7708333333333335,39.86412947451977,3125.245943571394,124.24648660297896,-0.9832386214288339,0.07502333589286383,0.09692977000711245,0.2198078477478643,3125.245943571394,-0.9826473859844271,4.0
1538.6264479160309,4243.0,1316.9583333333333,17.5625,4.8246703848881745e75,3.7708333333333335,39.86412947451977,3125.245943571394,124.24648660297896,-0.9832386214288339,0.07502333589286383,0.09692977000711245,0.2198078477478643,3125.245943571394,-0.9826473859844271,4.0
1543.7637920379639,4257.0,1293.5625,17.5625,4.8246703848881745e75,3.7708333333333335,39.86412947451977,3125.245943571394,124.24648660297896,-0.9832386214288339,0.07502333589286383,0.09692977000711245,0.2198078477478643,3125.245943571394,-0.9826473859844271,4.0
1548.9190800189972,4271.0,1307.5625,17.5625,4.8246703848881745e75,3.7708333333333335,39.86412947451977,3125.245943571394,124.24648660297896,-0.9832386214288339,0.07502333589286383,0.09692977000711245,0.2198078477478643,3125.245943571394,-0.9826473859844271,4.0
1554.0378749370575,4285.0,1319.2916666666667,17.5625,4.8246703848881745e75,3.7708333333333335,39.86412947451977,3125.245943571394,124.24648660297896,-0.9832386214288339,0.07502333589286383,0.09692977000711245,0.2198078477478643,3125.245943571394,-0.9826473859844271,4.0
1559.2285690307617,4299.0,1308.5,17.5625,4.8246703848881745e75,3.7708333333333335,39.86412947451977,3125.245943571394,124.24648660297896,-0.9832386214288339,0.07502333589286383,0.09670576143847978,0.2198078477478643,3125.245943571394,-0.9826473859844271,4.0
1564.4696168899536,4313.0,1317.7083333333333,17.5625,4.8246703848881745e75,3.7708333333333335,39.86412947451977,3125.245943571394,124.54163512127548,-0.9832386214288339,0.07476175641594435,0.09670576143847978,0.2198078477478643,3125.245943571394,-0.9826473859844271,4.0
1569.7139809131622,4327.0,1321.2916666666667,17.5625,4.8246703848881745e75,3.7708333333333335,39.86412947451977,3125.245943571394,124.54163512127548,-0.9832386214288339,0.07476175641594435,0.09670576143847978,0.2198078477478643,3125.245943571394,-0.9826473859844271,4.0
1574.8788709640503,4341.0,1327.625,17.5625,4.8246703848881745e75,3.7708333333333335,39.86412947451977,3125.245943571394,124.54857404935956,-0.9832386214288339,0.07476157398738548,0.09670576143847978,0.2198078477478643,3125.245943571394,-0.9826473859844271,4.0
1580.0736708641052,4355.0,1341.625,17.5625,4.8246703848881745e75,3.7708333333333335,39.86412947451977,3125.245943571394,124.54857404935956,-0.9832386214288339,0.07476157398738548,0.09670576143847978,0.2198078477478643,3125.245943571394,-0.9826473859844271,4.0
1585.244551897049,4369.0,1350.0,17.5625,4.8246703848881745e75,3.7708333333333335,39.86412947451977,3125.245943571394,124.54857404935956,-0.9832386214288339,0.07476157398738548,0.09670576143847978,0.2198078477478643,3125.245943571394,-0.9826473859844271,4.0
1590.453754901886,4383.0,1364.0,17.5625,4.8246703848881745e75,3.7708333333333335,39.86412947451977,3125.245943571394,124.54857404935956,-0.9832386214288339,0.07476157398738548,0.09670576143847978,0.2198078477478643,3125.245943571394,-0.9826473859844271,4.0
1595.7121958732605,4397.0,1378.0,17.5625,4.8246703848881745e75,3.7708333333333335,39.86412947451977,3125.245943571394,124.54857404935956,-0.9832386214288339,0.07476157398738548,0.09670576143847978,0.2198078477478643,3125.245943571394,-0.9826473859844271,4.0
1600.8735010623932,4411.0,1392.0,17.5625,4.8246703848881745e75,3.7708333333333335,39.86412947451977,3125.245943571394,124.54857404935956,-0.9832386214288339,0.07476157398738548,0.09670576143847978,0.2198078477478643,3125.245943571394,-0.9826473859844271,4.0
1606.0373890399933,4425.0,1406.0,17.5625,4.8246703848881745e75,3.7708333333333335,39.86412947451977,3125.245943571394,124.54857404935956,-0.9832386214288339,0.07476157398738548,0.09670576143847978,0.2198078477478643,3125.245943571394,-0.9826473859844271,4.0
1611.205410003662,4439.0,1420.0,17.5625,4.8246703848881745e75,3.7708333333333335,39.86412947451977,3125.245943571394,124.54857404935956,-0.9832386214288339,0.07476157398738548,0.09670576143847978,0.2198078477478643,3125.245943571394,-0.9826473859844271,4.0
1616.38560795784,4453.0,1434.0,17.5625,4.8246703848881745e75,3.7708333333333335,39.86412947451977,3125.245943571394,124.54857404935956,-0.9832386214288339,0.07476157398738548,0.09670576143847978,0.2198078477478643,3125.245943571394,-0.9826473859844271,4.0
1621.488303899765,4467.0,1445.0625,17.5625,4.8246703848881745e75,3.7708333333333335,39.86412947451977,3125.245943571394,124.54857404935956,-0.9832386214288339,0.07476157398738548,0.09670576143847978,0.2198078477478643,3125.245943571394,-0.9826473859844271,4.0
1626.6929340362549,4481.0,1455.0625,17.5625,4.8246703848881745e75,3.7708333333333335,39.86412947451977,3125.245943571394,124.54857404935956,-0.9832386214288339,0.07476157398738548,0.09670576143847978,0.2198078477478643,3125.245943571394,-0.9826473859844271,4.0
1631.8014738559723,4495.0,1481.3617021276596,17.29787234042553,4.927322946268774e75,3.702127659574468,42.062465245953476,3123.459748666935,124.11630097095224,-0.9832482011833671,0.07449748345688681,0.09670576143847978,0.2198078477478643,3123.459748666935,-0.9826473859844271,4.0
1636.9791519641876,4509.0,1495.3617021276596,17.29787234042553,4.927322946268774e75,3.702127659574468,42.062465245953476,3123.459748666935,124.11630097095224,-0.9832482011833671,0.07449748345688681,0.09670576143847978,0.2198078477478643,3123.459748666935,-0.9826473859844271,4.0
1642.1199359893799,4523.0,1484.6170212765958,17.29787234042553,4.927322946268774e75,3.702127659574468,42.062465245953476,3123.459748666935,124.11630097095224,-0.9832482011833671,0.07449748345688681,0.09670576143847978,0.2198078477478643,3123.459748666935,-0.9826473859844271,4.0
1647.2607669830322,4537.0,1498.6170212765958,17.29787234042553,4.927322946268774e75,3.702127659574468,42.062465245953476,3123.459748666935,124.11630097095224,-0.9832482011833671,0.07449748345688681,0.09670576143847978,0.2198078477478643,3123.459748666935,-0.9826473859844271,4.0
1652.4185149669647,4551.0,1512.6170212765958,17.29787234042553,4.927322946268774e75,3.702127659574468,42.062465245953476,3123.459748666935,124.11630097095224,-0.9832482011833671,0.07449748345688681,0.09670576143847978,0.2198078477478643,3123.459748666935,-0.9826473859844271,4.0
1657.612638950348,4565.0,1525.7659574468084,17.29787234042553,4.927322946268774e75,3.702127659574468,42.062465245953476,3123.459748666935,124.11630097095224,-0.9832482011833671,0.07449748345688681,0.09670576143847978,0.2198078477478643,3123.459748666935,-0.9826473859844271,4.0
1662.7834169864655,4579.0,1539.7659574468084,17.29787234042553,4.927322946268774e75,3.702127659574468,42.062465245953476,3123.459748666935,124.11630097095224,-0.9832482011833671,0.07449748345688681,0.09670576143847978,0.2198078477478643,3123.459748666935,-0.9826473859844271,4.0
1667.9019038677216,4593.0,1435.7659574468084,17.29787234042553,4.927322946268774e75,3.702127659574468,42.062465245953476,3123.459748666935,124.11630097095224,-0.9832482011833671,0.07449748345688681,0.09670576143847978,0.2198078477478643,3123.459748666935,-0.9826473859844271,4.0
1673.0387308597565,4607.0,1449.7659574468084,17.29787234042553,4.927322946268774e75,3.702127659574468,42.062465245953476,3123.459748666935,124.11630097095224,-0.9832482011833671,0.07449748345688681,0.09670576143847978,0.2198078477478643,3123.459748666935,-0.9826473859844271,4.0
1678.2080368995667,4621.0,1463.7659574468084,17.29787234042553,4.927322946268774e75,3.702127659574468,42.062465245953476,3123.459748666935,124.11630097095224,-0.9832482011833671,0.07449748345688681,0.09670576143847978,0.2198078477478643,3123.459748666935,-0.9826473859844271,4.0
1683.3595168590546,4635.0,1477.7659574468084,17.29787234042553,4.927322946268774e75,3.702127659574468,42.062465245953476,3123.459748666935,124.11630097095224,-0.9832482011833671,0.07449748345688681,0.09670576143847978,0.2198078477478643,3123.459748666935,-0.9826473859844271,4.0
1688.528079032898,4649.0,1480.4893617021276,17.29787234042553,4.927322946268774e75,3.702127659574468,42.062465245953476,3123.459748666935,124.11630097095224,-0.9832482011833671,0.07449748345688681,0.09670576143847978,0.2198078477478643,3123.459748666935,-0.9826473859844271,4.0
1693.7173690795898,4663.0,1487.404255319149,17.29787234042553,4.927322946268774e75,3.702127659574468,42.062465245953476,3123.459748666935,124.11630097095224,-0.9832482011833671,0.07449748345688681,0.09670576143847978,0.2198078477478643,3123.459748666935,-0.9826473859844271,4.0
1698.8763530254364,4677.0,1501.404255319149,17.29787234042553,4.927322946268774e75,3.702127659574468,42.062465245953476,3123.459748666935,124.11630097095224,-0.9832482011833671,0.07449748345688681,0.09670576143847978,0.2198078477478643,3123.459748666935,-0.9826473859844271,4.0
1703.9997630119324,4691.0,1515.404255319149,17.29787234042553,4.927322946268774e75,3.702127659574468,42.062465245953476,3123.459748666935,124.11630097095224,-0.9832482011833671,0.07449748345688681,0.09670576143847978,0.2198078477478643,3123.459748666935,-0.9826473859844271,4.0
1709.1411468982697,4705.0,1529.404255319149,17.29787234042553,4.927322946268774e75,3.702127659574468,42.062465245953476,3123.459748666935,124.11630097095224,-0.9832482011833671,0.07449748345688681,0.09670576143847978,0.2198078477478643,3123.459748666935,-0.9826473859844271,4.0
1714.312252998352,4719.0,1527.340425531915,17.29787234042553,4.927322946268774e75,3.702127659574468,42.062465245953476,3123.459748666935,124.11630097095224,-0.9832482011833671,0.07449748345688681,0.09670576143847978,0.21971316953974382,3123.459748666935,-0.9826473859844271,4.0
1719.41304397583,4733.0,1541.340425531915,17.29787234042553,4.927322946268774e75,3.702127659574468,42.062465245953476,3123.459748666935,124.11630097095224,-0.9832482011833671,0.07449748345688681,0.09670576143847978,0.21971316953974382,3123.459748666935,-0.9826473859844271,4.0
1724.5838170051575,4747.0,1551.4255319148936,17.29787234042553,4.927322946268774e75,3.702127659574468,42.062465245953476,3123.459748666935,124.11630097095224,-0.9832482011833671,0.07449748345688681,0.09670576143847978,0.21971316953974382,3123.459748666935,-0.9826473859844271,4.0
1729.828008890152,4761.0,1537.8085106382978,17.29787234042553,4.927322946268774e75,3.702127659574468,42.062465245953476,3123.459748666935,124.11630097095224,-0.9832482011833671,0.07449748345688681,0.09670576143847978,0.21971316953974382,3123.459748666935,-0.9826473859844271,4.0
1734.9715650081635,4775.0,1551.8085106382978,17.29787234042553,4.927322946268774e75,3.702127659574468,42.062465245953476,3123.459748666935,124.11630097095224,-0.9832482011833671,0.07449748345688681,0.09670576143847978,0.21971316953974382,3123.459748666935,-0.9826473859844271,4.0
1740.0774948596954,4789.0,1565.8085106382978,17.29787234042553,4.927322946268774e75,3.702127659574468,42.062465245953476,3123.459748666935,124.11630097095224,-0.9832482011833671,0.07449748345688681,0.09670576143847978,0.21971316953974382,3123.459748666935,-0.9826473859844271,4.0
1745.2493698596954,4803.0,1579.8085106382978,17.29787234042553,4.927322946268774e75,3.702127659574468,42.062465245953476,3123.459748666935,124.11630097095224,-0.9832482011833671,0.07449748345688681,0.09670576143847978,0.21971316953974382,3123.459748666935,-0.9826473859844271,4.0
1750.3992528915405,4817.0,1593.8085106382978,17.29787234042553,4.927322946268774e75,3.702127659574468,42.062465245953476,3123.459748666935,124.11630097095224,-0.9832482011833671,0.07449748345688681,0.09670576143847978,0.21971316953974382,3123.459748666935,-0.9826473859844271,4.0
1755.5261318683624,4831.0,1607.8085106382978,17.29787234042553,4.927322946268774e75,3.702127659574468,42.062465245953476,3123.459748666935,124.11630097095224,-0.9832482011833671,0.07449748345688681,0.09670576143847978,0.21971316953974382,3123.459748666935,-0.9826473859844271,4.0
1760.7041339874268,4845.0,1621.8085106382978,17.29787234042553,4.927322946268774e75,3.702127659574468,42.062465245953476,3123.459748666935,124.11630097095224,-0.9832482011833671,0.07449748345688681,0.09670576143847978,0.21971316953974382,3123.459748666935,-0.9826473859844271,4.0
1765.8944110870361,4859.0,1627.6808510638298,17.29787234042553,4.927322946268774e75,3.702127659574468,42.062465245953476,3123.459748666935,124.11630097095224,-0.9832482011833671,0.07449748345688681,0.09670576143847978,0.21971316953974382,3123.459748666935,-0.9826473859844271,4.0
1771.0746009349823,4873.0,1641.6808510638298,17.29787234042553,4.927322946268774e75,3.702127659574468,42.062465245953476,3123.459748666935,124.11630097095224,-0.9832482011833671,0.07449748345688681,0.09670576143847978,0.21971316953974382,3123.459748666935,-0.9826473859844271,4.0
1776.241374015808,4887.0,1640.6382978723404,17.29787234042553,4.927322946268774e75,3.702127659574468,42.062465245953476,3123.459748666935,124.11630097095224,-0.9832482011833671,0.07449748345688681,0.09670576143847978,0.21971316953974382,3123.459748666935,-0.9826473859844271,4.0
1781.4244859218597,4901.0,1654.6382978723404,17.29787234042553,4.927322946268774e75,3.702127659574468,42.062465245953476,3123.459748666935,124.11630097095224,-0.9832482011833671,0.07449748345688681,0.09670576143847978,0.21971316953974382,3123.459748666935,-0.9826473859844271,4.0
1786.547308921814,4915.0,1668.6382978723404,17.29787234042553,4.927322946268774e75,3.702127659574468,42.062465245953476,3123.459748666935,124.11630097095224,-0.9832482011833671,0.07449748345688681,0.09670576143847978,0.21971316953974382,3123.459748666935,-0.9826473859844271,4.0
1791.7321648597717,4929.0,1682.6382978723404,17.29787234042553,4.927322946268774e75,3.702127659574468,42.062465245953476,3123.459748666935,124.11630097095224,-0.9832482011833671,0.07449748345688681,0.09670576143847978,0.21971316953974382,3123.459748666935,-0.9826473859844271,4.0
1796.8329329490662,4943.0,1696.6382978723404,17.29787234042553,4.927322946268774e75,3.702127659574468,42.062465245953476,3123.459748666935,124.11630097095224,-0.9832482011833671,0.07449748345688681,0.09670576143847978,0.21971316953974382,3123.459748666935,-0.9826473859844271,4.0
