time,generation,mean age hall_of_fame,mean compl,mean recursive_compl,mean n_params,min mae,min mse,min max_ae,min minus_r2,min mare,min q75_are,min max_are,min ms_processed_e,min minus_spearman,max penalty
10.605390071868896,1.0,0.0,7.0,22116.666666666668,1.0,1.4318162163441053e26,2.3911229730983964e53,2.3372924410928428e27,-0.11510023255920843,1.0000000000528306,1.0,1.000000001701257,2.3911229730983964e53,-0.7542377432466637,1.0
15.800801992416382,9.0,3.142857142857143,6.142857142857143,1656.5714285714287,1.1428571428571428,3.6958926036326867e25,1.3499572814484195e52,6.029083898591521e26,-0.9500411773945366,5.868456033012394,0.9999999999999546,114.80718372299576,1.3499572814484195e52,-0.8589543937708565,1.0
21.0727219581604,23.0,11.0,5.714285714285714,487.2857142857143,1.1428571428571428,3.6958926036326867e25,1.3499572814484195e52,4.026335132096663e26,-0.9500411773945366,5108.41620338993,89.4650027364528,132627.4167190924,1.3499572814484195e52,-0.9403781979977753,0.0
26.076303958892822,48.0,12.714285714285714,6.428571428571429,26.571428571428573,1.0,1.7096385560107817e25,2.68731184744275e51,2.1224300782720195e26,-0.9900548752381331,0.8297876072635749,0.5069905770688834,5.231650067812559,2.68731184744275e51,-0.9403781979977753,1.0
31.16014003753662,70.0,27.5,7.0,71.875,1.125,1.7096385560107817e25,2.681050442522874e51,2.1178493072538007e26,-0.9900780472615706,0.8297876072635855,0.5068974331824061,5.231650067813024,2.681050442522874e51,-0.9403781979977753,1.0
36.21717596054077,91.0,41.1,9.0,4.118878596078366e156,1.2,1.7096385560107817e25,2.681050442522874e51,2.1178493072538007e26,-0.9900780472615706,0.8033317121941156,0.5068974331824061,4.873788303417968,2.681050442522874e51,-0.9403781979977753,1.0
41.32745313644409,111.0,35.61538461538461,10.923076923076923,3.4643627465559644e14,1.3076923076923077,5.210226248975881e24,3.698782938536207e50,1.0063032929165873e26,-0.9986311652729916,0.819031978163122,0.4185534879175226,5.057393901488496,3.698782938536207e50,-0.9470522803114572,2.0
47.12557411193848,123.0,28.133333333333333,11.333333333333334,3.0024474675568925e14,1.3333333333333333,5.210226248975881e24,3.698782938536207e50,1.0063032929165873e26,-0.9986311652729916,0.8002955459529949,0.41855348013504734,4.7543285601475525,3.698782938536207e50,-0.9470522803114572,2.0
52.73290205001831,138.0,28.0,12.705882352941176,1.1378298977493677e24,1.3529411764705883,5.823908284693791e24,2.9639870384967255e50,6.36530927488555e25,-0.9989030963816702,0.657325330797439,0.41855348013504734,2.665306699073806,2.9639870384967255e50,-0.953726362625139,2.0
57.9811589717865,156.0,36.3125,12.0625,2.13598703592091e96,1.3125,4.7539707566798425e24,2.574150645499574e50,6.36530927488555e25,-0.9990473658890875,0.6927254283959511,0.4185534862102678,3.552902899546257,2.574150645499574e50,-0.9470522803114572,2.0
63.22146010398865,173.0,45.6875,11.9375,2.13598703592091e96,1.3125,5.078777083448523e24,2.118221326875982e50,5.065770445817403e25,-0.9992160948723136,0.6884415037248738,0.4185534879175226,3.512817109095531,2.118221326875982e50,-0.9470522803114572,2.0
68.33634090423584,190.0,49.95,13.6,1.7087896287367282e96,1.45,4.853604069225744e24,1.9061046104844623e50,5.065770445817403e25,-0.9992945944037542,0.6835221971431046,0.4185534879175226,3.463201193651717,1.9061046104844623e50,-0.9590656284760846,2.0
73.38302803039551,206.0,57.55,12.9,Inf,1.4,3.8768959003490265e24,1.3071984338434746e50,5.065770445817403e25,-0.9995162358426893,0.6415719212607255,0.4185534879175226,3.2477373939372343,1.3071984338434746e50,-0.953726362625139,2.0
78.50755095481873,222.0,71.0,10.666666666666666,1.1984620899082106e307,1.4,3.4817462772651986e24,1.2775644682613866e50,4.7904765930556935e25,-0.9995272026936406,0.678954739251674,0.4185534879175226,3.417897206933235,1.2775644682613866e50,-0.9470522803114572,1.0
83.79175591468811,238.0,79.5,11.0625,Inf,1.4375,3.4817462772651986e24,1.2775644682613866e50,4.7904765930556935e25,-0.9995272026936406,0.6779919104023205,0.4185534879175226,3.408260992951901,1.2775644682613866e50,-0.9470522803114572,1.0
88.92149806022644,254.0,72.88235294117646,11.941176470588236,Inf,1.5294117647058822,3.4436735495457274e24,1.1704180007186834e50,4.550739434782725e25,-0.9995668551436724,0.6772981367340718,0.4185534879175226,3.4013150215575294,1.1704180007186834e50,-0.9474972191323693,1.0
94.04950213432312,270.0,87.17647058823529,11.941176470588236,Inf,1.5294117647058822,3.4436735495457274e24,1.1704180007186834e50,4.550739434782725e25,-0.9995668551436724,0.6769656013129608,0.4185534879175226,3.397993111806589,1.1704180007186834e50,-0.9474972191323693,1.0
99.14104104042053,286.0,101.17647058823529,11.941176470588236,Inf,1.5294117647058822,3.4436735495457274e24,1.1704180007186834e50,4.550739434782725e25,-0.9995668551436724,0.6768045230164295,0.4185534879175226,3.3963827869933993,1.1704180007186834e50,-0.9474972191323693,1.0
104.35129690170288,302.0,100.27777777777777,12.277777777777779,Inf,1.5555555555555556,3.4436717883909985e24,1.1704177843812754e50,4.5507371252839705e25,-0.9995668552237339,0.6765893228985704,0.4185534879175226,3.394228247248995,1.1704177843812754e50,-0.9474972191323693,1.0
109.55183792114258,318.0,114.76470588235294,11.470588235294118,1.0574665499190092e307,1.411764705882353,3.216392450577492e24,1.0670083044869485e50,4.313636792550832e25,-0.9996051247003518,0.6762656228940053,0.4185534879175226,3.3909873669123454,1.0670083044869485e50,-0.9474972191323693,1.0
114.80074000358582,334.0,126.47058823529412,11.470588235294118,1.0574665499190092e307,1.411764705882353,3.216392450577492e24,1.0670083044869485e50,4.313636792550832e25,-0.9996051247003518,0.6758128609970434,0.4185534879175226,3.386455157291783,1.0670083044869485e50,-0.9474972191323693,1.0
119.9585030078888,350.0,140.8235294117647,11.470588235294118,1.0574665499190092e307,1.411764705882353,3.216392450577492e24,1.0670083044869485e50,4.313636792550832e25,-0.9996051247003518,0.6757154000492542,0.4185534879175226,3.385480382137698,1.0670083044869485e50,-0.9474972191323693,1.0
125.03472399711609,366.0,142.88235294117646,11.470588235294118,Inf,1.411764705882353,3.216392450577492e24,1.0670083044869485e50,4.313636792550832e25,-0.9996051247003518,0.6756178391222263,0.4185534879175226,3.3845036497050365,1.0670083044869485e50,-0.9474972191323693,1.0
130.06866598129272,382.0,157.41176470588235,11.470588235294118,Inf,1.411764705882353,3.216392450577492e24,1.0670083044869485e50,4.313636792550832e25,-0.9996051247003518,0.6755397202688752,0.4185534879175226,3.383721521265116,1.0670083044869485e50,-0.9474972191323693,1.0
135.25666403770447,398.0,163.05882352941177,11.470588235294118,Inf,1.411764705882353,3.216392450577492e24,1.0670083044869485e50,4.313636792550832e25,-0.9996051247003518,0.6754028624439616,0.4185534879175226,3.382351290613749,1.0670083044869485e50,-0.9474972191323693,1.0
140.4904899597168,414.0,177.625,11.0625,1.1235582092889473e307,1.375,3.216392450577492e24,1.0670083044869485e50,4.313636792550832e25,-0.9996051247003518,0.6753665239188725,0.4185534879175226,3.3819876662876394,1.0670083044869485e50,-0.9474972191323693,1.0
145.68389105796814,430.0,178.25,11.0,1.1235582092889473e307,1.375,3.216392450577492e24,1.0670083044869485e50,4.313636792550832e25,-0.9996051247003518,0.6753329710399868,0.4185534879175226,3.3816519146290807,1.0670083044869485e50,-0.9474972191323693,1.0
150.81617307662964,446.0,191.375,11.0,1.1235582092889473e307,1.375,3.216392450577492e24,1.0670083044869485e50,4.313636792550832e25,-0.9996051247003518,0.6752994063617312,0.4185534879175226,3.381315923194888,1.0670083044869485e50,-0.9474972191323693,1.0
155.95776200294495,462.0,205.0625,11.0,1.1235582092889473e307,1.375,3.216392450577492e24,1.0670083044869485e50,4.313636792550832e25,-0.9996051247003518,0.6752602329551797,0.4185534879175226,3.3809237375719827,1.0670083044869485e50,-0.9474972191323693,1.0
161.10791611671448,478.0,211.75,11.0,1.1235582092889473e307,1.375,3.216392450577492e24,1.0670083044869485e50,4.313636792550832e25,-0.9996051247003518,0.6752434395628789,0.4185534879175226,3.380755604131811,1.0670083044869485e50,-0.9474972191323693,1.0
166.2628309726715,494.0,224.9375,11.0,1.1235582092889473e307,1.375,3.216392450577492e24,1.0670083044869485e50,4.313636792550832e25,-0.9996051247003518,0.6752434395628789,0.4185534879175226,3.380755604131811,1.0670083044869485e50,-0.9474972191323693,1.0
171.50647807121277,510.0,245.66666666666666,10.6,10607.533333333333,1.3333333333333333,3.216392450577492e24,1.0670083044869485e50,4.313636792550832e25,-0.9996051247003518,0.6752434395628789,0.4185534879175226,3.380755604131811,1.0670083044869485e50,-0.9474972191323693,1.0
176.57972598075867,526.0,239.33333333333334,10.733333333333333,1.1984620899082106e307,1.4,3.216392450577492e24,1.0670083044869485e50,4.313636792550832e25,-0.9996051247003518,0.6498833068969109,0.4185534879175226,3.002164111379919,1.0670083044869485e50,-0.953726362625139,1.0
181.74484705924988,542.0,254.66666666666666,10.733333333333333,1.1984620899082106e307,1.4,3.216392450577492e24,1.0670083044869485e50,4.313636792550832e25,-0.9996051247003518,0.6498833068969109,0.4185534879175226,3.002164111379919,1.0670083044869485e50,-0.953726362625139,1.0
186.89227294921875,558.0,265.8,10.733333333333333,1.1984620899082106e307,1.4,3.216392450577492e24,1.0670083044869485e50,4.313636792550832e25,-0.9996051247003518,0.6498833068969109,0.4185534879175226,3.002164111379919,1.0670083044869485e50,-0.953726362625139,1.0
192.101331949234,574.0,269.2,10.733333333333333,1.1984620899082106e307,1.4,3.216392450577492e24,1.0670083044869485e50,4.313636792550832e25,-0.9996051247003518,0.6498833068969109,0.4185534879175226,3.002164111379919,1.0670083044869485e50,-0.953726362625139,1.0
197.36631393432617,590.0,250.94117647058823,11.235294117647058,1.0574665499190092e307,1.4705882352941178,3.216392450577492e24,1.0289336778927676e50,3.881255389008246e25,-0.9996192152463411,0.6498833068969109,0.4185534879175226,3.002164111379919,1.0289336778927676e50,-0.953726362625139,1.0
202.41871404647827,605.0,265.47058823529414,11.235294117647058,1.0574665499190092e307,1.4705882352941178,3.216392450577492e24,1.0289336778927676e50,3.881255389008246e25,-0.9996192152463411,0.6498833068969109,0.4185534879175226,3.002164111379919,1.0289336778927676e50,-0.953726362625139,1.0
207.435467004776,620.0,244.5,11.0625,1.1235582092889473e307,1.5,3.216392450577492e24,1.0289336778927676e50,3.881255389008246e25,-0.9996192152463411,0.6394846251264855,0.41855386801002137,2.7681700334427544,1.0289336778927676e50,-0.953726362625139,1.0
212.74096012115479,636.0,245.1764705882353,12.117647058823529,1.0574665499190092e307,1.588235294117647,3.216392450577492e24,1.0259948945039889e50,3.881255389008246e25,-0.9996203028226668,0.6394846251264855,0.41855386801002137,2.7681700334427544,1.0259948945039889e50,-0.953726362625139,1.0
217.75202894210815,651.0,245.0,13.11111111111111,9.987184082568421e306,1.6666666666666667,3.1916011845228934e24,1.0233316282442384e50,3.7963242880942456e25,-0.9996212884364225,0.6394846251264855,0.41855386801002137,2.7681700334427544,1.0233316282442384e50,-0.953726362625139,1.0
222.75924396514893,666.0,245.3684210526316,13.68421052631579,9.46154281506482e306,1.631578947368421,2.302231440317866e24,4.5419212601205926e49,2.5170501196385966e25,-0.9998319139119136,0.6394846251264855,0.41855386801002137,2.7681700334427544,4.5419212601205926e49,-0.953726362625139,2.0
227.87588500976562,681.0,253.10526315789474,13.368421052631579,9.46154281506482e306,1.631578947368421,2.29978352011435e24,4.5358156901054484e49,2.5160222906205e25,-0.9998321398650556,0.6394846251264855,0.41855386801002137,2.7681700334427544,4.5358156901054484e49,-0.953726362625139,2.0
233.03987097740173,696.0,236.76190476190476,14.428571428571429,8.560443499344361e306,1.7142857142857142,2.29978352011435e24,4.5358156901054484e49,2.5160222906205e25,-0.9998321398650556,0.6394846251264855,0.41855386801002137,2.7681700334427544,4.5358156901054484e49,-0.953726362625139,2.0
238.31003594398499,711.0,250.0,14.333333333333334,8.560443499344361e306,1.7142857142857142,2.29978352011435e24,4.5358156901054484e49,2.5160222906205e25,-0.9998321398650556,0.6394846251264855,0.41855386801002137,2.7681700334427544,4.5358156901054484e49,-0.953726362625139,2.0
243.59236693382263,726.0,252.4090909090909,15.045454545454545,8.171332431192344e306,1.7727272727272727,2.2703645483691445e24,4.5131788334097267e49,2.5160222906205e25,-0.9998329776032001,0.6394846251264855,0.41855386801002137,2.7681700334427544,4.5131788334097267e49,-0.953726362625139,2.0
248.8007550239563,741.0,230.69565217391303,15.652173913043478,7.816057108097024e306,1.7826086956521738,2.2072946679691907e24,4.3153620144971333e49,2.4769842727031116e25,-0.9998402983499379,0.6395462973638733,0.41855386801002137,2.7702441024811817,4.3153620144971333e49,-0.953726362625139,2.0
254.04960799217224,756.0,234.29166666666666,16.125,7.490388061926316e306,1.7916666666666667,2.2072946679691907e24,4.3153620144971333e49,2.4769842727031116e25,-0.9998402983499379,0.6395462973638733,0.41855386801002137,2.7702441024811817,4.3153620144971333e49,-0.953726362625139,2.0
259.29812693595886,771.0,250.1304347826087,15.608695652173912,7.816057108097024e306,1.7826086956521738,2.2072946679691907e24,4.3153620144971333e49,2.4769842727031116e25,-0.9998402983499379,0.6395462973638733,0.41855386801002137,2.7702441024811817,4.3153620144971333e49,-0.953726362625139,2.0
264.5647120475769,786.0,265.0,15.363636363636363,8.171332431192344e306,1.7272727272727273,2.1842135255928307e24,4.2538884482492115e49,2.4644875296826735e25,-0.9998425733456235,0.6515314558184155,0.41855386801002137,3.028569559903183,4.2538884482492115e49,-0.953726362625139,2.0
269.868066072464,801.0,291.3333333333333,14.571428571428571,8.560443499344361e306,1.6666666666666667,2.1842135255928307e24,4.2538884482492115e49,2.4644875296826735e25,-0.9998425733456235,0.6515314558184155,0.41855386801002137,3.028569559903183,4.2538884482492115e49,-0.953726362625139,2.0
275.1511290073395,816.0,306.3333333333333,14.571428571428571,8.560443499344361e306,1.6666666666666667,2.1842135255928307e24,4.2538884482492115e49,2.4644875296826735e25,-0.9998425733456235,0.6515314558184155,0.41855386801002137,3.028569559903183,4.2538884482492115e49,-0.953726362625139,2.0
280.18302512168884,830.0,316.2857142857143,14.523809523809524,8.560443499344361e306,1.6666666666666667,2.1842135255928307e24,4.2538884482492115e49,2.4644875296826735e25,-0.9998425733456235,0.6515314558184155,0.41855386801002137,3.028569559903183,4.2538884482492115e49,-0.953726362625139,2.0
285.1954231262207,844.0,330.2857142857143,14.523809523809524,8.560443499344361e306,1.6666666666666667,2.1842135255928307e24,4.2538884482492115e49,2.4644875296826735e25,-0.9998425733456235,0.6515314558184155,0.41855386801002137,3.028569559903183,4.2538884482492115e49,-0.953726362625139,2.0
290.46455693244934,859.0,304.7391304347826,14.826086956521738,7.816057108097024e306,1.7391304347826086,2.225096083252354e24,3.4965652507471116e49,1.947843573628285e25,-0.9998706001401,0.6515314558184155,0.41855386801002137,3.028569559903183,3.4965652507471116e49,-0.953726362625139,2.0
295.4714970588684,873.0,305.5,15.333333333333334,7.490388061926316e306,1.75,2.225096083252354e24,3.494806182446391e49,1.947843573628285e25,-0.999870665239183,0.6515314558184155,0.41855386801002137,3.028569559903183,3.494806182446391e49,-0.953726362625139,2.0
300.4755630493164,887.0,319.5,15.333333333333334,7.490388061926316e306,1.75,2.225096083252354e24,3.494806182446391e49,1.947843573628285e25,-0.999870665239183,0.6515314558184155,0.41855386801002137,3.028569559903183,3.494806182446391e49,-0.953726362625139,2.0
305.7640631198883,902.0,321.36,15.28,7.190772539449263e306,1.72,2.225096083252354e24,3.494806182446391e49,1.947843573628285e25,-0.999870665239183,0.6515314558184155,0.41855386801002137,3.028569559903183,3.494806182446391e49,-0.953726362625139,2.0
311.0311019420624,917.0,325.68,15.28,7.190772539449263e306,1.76,2.225096083252354e24,3.494806182446391e49,1.947843573628285e25,-0.999870665239183,0.6515314558184155,0.41855386801002137,3.028569559903183,3.494806182446391e49,-0.953726362625139,2.0
316.26271295547485,932.0,337.96,15.28,7.190772539449263e306,1.76,2.0499503238397557e24,3.28438885570327e49,1.947843573628285e25,-0.999878452301814,0.6515314558184155,0.41855386801002137,3.028569559903183,3.28438885570327e49,-0.953726362625139,2.0
321.576208114624,947.0,349.0,15.28,7.190772539449263e306,1.8,2.2087998346622766e24,3.2565818159865304e49,1.9023124432619553e25,-0.9998794813765732,0.6515314558184155,0.41855386801002137,3.028569559903183,3.2565818159865304e49,-0.953726362625139,2.0
326.91593194007874,962.0,340.24,15.28,7.190772539449263e306,1.8,2.2087998346622766e24,3.2565818159865304e49,1.9023124432619553e25,-0.9998794813765732,0.6515314558184155,0.41855386801002137,3.028569559903183,3.2565818159865304e49,-0.953726362625139,2.0
332.109580039978,977.0,367.0,14.958333333333334,7.490388061926316e306,1.75,2.2087998346622766e24,3.2565818159865304e49,1.9023124432619553e25,-0.9998794813765732,0.6515314558184155,0.41855386801002137,3.028569559903183,3.2565818159865304e49,-0.953726362625139,2.0
337.29695892333984,992.0,378.625,14.958333333333334,7.490388061926316e306,1.75,2.2087998346622766e24,3.2565818159865304e49,1.9023124432619553e25,-0.9998794813765732,0.6515314558184155,0.41855386801002137,3.028569559903183,3.2565818159865304e49,-0.953726362625139,2.0
342.5509009361267,1007.0,378.12,15.52,Inf,1.8,2.2087998346622766e24,3.2565818159865304e49,1.9023124432619553e25,-0.9998794813765732,0.6515314558184155,0.41855386801002137,3.028569559903183,3.2565818159865304e49,-0.953726362625139,2.0
347.85979199409485,1022.0,402.9130434782609,14.782608695652174,Inf,1.7826086956521738,2.0461857955020753e24,3.2565818159865304e49,1.9023124432619553e25,-0.9998794813765732,0.6515314558184155,0.41855386801002137,3.028569559903183,3.2565818159865304e49,-0.953726362625139,1.0
353.1521110534668,1037.0,384.1904761904762,15.142857142857142,Inf,1.7619047619047619,4.911995608702188e23,2.8831421776571827e48,8.745204607976652e24,-0.9999893301521033,0.6515314558184155,0.41855386801002137,3.028569559903183,2.8831421776571827e48,-0.953726362625139,1.0
358.5140731334686,1052.0,380.6818181818182,15.181818181818182,Inf,1.7272727272727273,4.909924416812672e23,2.8825679924541664e48,8.74526896629197e24,-0.9999893322770311,0.6515314558184155,0.41855386801002137,3.028569559903183,2.8825679924541664e48,-0.953726362625139,1.0
363.86196303367615,1067.0,378.2173913043478,15.347826086956522,Inf,1.7391304347826086,4.908147388160901e23,2.882096221828498e48,8.745347191334111e24,-0.999989334022946,0.6515314558184155,0.41855386801002137,3.028569559903183,2.882096221828498e48,-0.953726362625139,1.0
369.1731460094452,1082.0,384.4782608695652,15.347826086956522,Inf,1.7391304347826086,4.9067485354131787e23,2.8817263483812396e48,8.745409709169713e24,-0.9999893353917628,0.6515314558184155,0.41855386801002137,3.028569559903183,2.8817263483812396e48,-0.953726362625139,1.0
374.22475695610046,1096.0,365.5652173913044,15.652173913043478,Inf,1.7826086956521738,4.905707293302261e23,2.881451457120695e48,8.745456280707582e24,-0.9999893364090723,0.6515314558184155,0.41855386801002137,3.028569559903183,2.881451457120695e48,-0.953726362625139,1.0
379.30144596099854,1110.0,352.60869565217394,15.608695652173912,Inf,1.7826086956521738,4.9039861714007214e23,2.8809978190916874e48,8.745533267251886e24,-0.9999893380878826,0.6515314558184155,0.41855386801002137,3.028569559903183,2.8809978190916874e48,-0.953726362625139,1.0
384.44796991348267,1124.0,359.04347826086956,15.608695652173912,Inf,1.7826086956521738,4.9026219729022296e23,2.8806389099443884e48,8.74559428896015e24,-0.999989339416123,0.6515314558184155,0.41855386801002137,3.028569559903183,2.8806389099443884e48,-0.953726362625139,1.0
389.7043399810791,1138.0,363.17391304347825,15.608695652173912,Inf,1.7826086956521738,4.900261484302122e23,2.880019250826869e48,8.745699875505304e24,-0.9999893417093393,0.6515314558184155,0.41855386801002137,3.028569559903183,2.880019250826869e48,-0.953726362625139,1.0
394.84809494018555,1152.0,389.27272727272725,15.454545454545455,Inf,1.7727272727272727,4.897934766178001e23,2.879410150722173e48,8.745803951372741e24,-0.999989343963479,0.6515314558184155,0.41855386801002137,3.028569559903183,2.879410150722173e48,-0.953726362625139,1.0
400.1748580932617,1166.0,402.72727272727275,15.454545454545455,Inf,1.7727272727272727,4.896293236676918e23,2.8789814344909254e48,8.745877378173379e24,-0.9999893455500595,0.6515314558184155,0.41855386801002137,3.028569559903183,2.8789814344909254e48,-0.953726362625139,1.0
405.5685830116272,1180.0,415.8636363636364,15.454545454545455,Inf,1.7727272727272727,4.895316401381512e23,2.8787267128706185e48,8.745921072698469e24,-0.9999893464927258,0.6515314558184155,0.41855386801002137,3.028569559903183,2.8787267128706185e48,-0.953726362625139,1.0
410.640496969223,1193.0,428.40909090909093,15.454545454545455,Inf,1.7727272727272727,4.89434558296912e23,2.8784738538942582e48,8.745964498066871e24,-0.9999893474284989,0.6515314558184155,0.41855386801002137,3.028569559903183,2.8784738538942582e48,-0.953726362625139,1.0
415.7357680797577,1206.0,477.72222222222223,13.055555555555555,Inf,1.5,4.8930604549534723e23,2.8781395802453757e48,8.093771273786229e24,-0.999989348665569,0.6515314558184155,0.41855386801002137,3.028569559903183,2.8781395802453757e48,-0.953726362625139,1.0
420.92268204689026,1219.0,464.1578947368421,12.947368421052632,Inf,1.5263157894736843,4.89115250978777e23,2.8776442523117652e48,8.746107326281717e24,-0.999989350498664,0.6515314558184155,0.41855386801002137,3.028569559903183,2.8776442523117652e48,-0.953726362625139,1.0
426.11716508865356,1232.0,476.3157894736842,12.947368421052632,Inf,1.5263157894736843,4.888644997846869e23,2.876994988468894e48,8.746219488770704e24,-0.9999893529014406,0.6515314558184155,0.41855386801002137,3.028569559903183,2.876994988468894e48,-0.953726362625139,1.0
431.3450880050659,1245.0,488.8421052631579,12.947368421052632,Inf,1.5263157894736843,4.8880245524545045e23,2.876834639503441e48,8.746247241641501e24,-0.9999893534948553,0.6515314558184155,0.41855386801002137,3.028569559903183,2.876834639503441e48,-0.953726362625139,1.0
436.6771490573883,1258.0,476.0,13.35,Inf,1.55,4.8852639826339576e23,2.8761226427490087e48,8.746370723393984e24,-0.999989356129792,0.6515314558184155,0.41855386801002137,3.028569559903183,2.8761226427490087e48,-0.953726362625139,1.0
442.034383058548,1271.0,488.5,13.35,Inf,1.55,4.883752319688281e23,2.875733762835003e48,8.746438340820178e24,-0.9999893575689474,0.6515314558184155,0.41855386801002137,3.028569559903183,2.875733762835003e48,-0.953726362625139,1.0
447.41821694374084,1284.0,500.75,13.35,Inf,1.55,4.8828527739005554e23,2.8755026888035646e48,8.746478577925277e24,-0.9999893584240994,0.6515314558184155,0.41855386801002137,3.028569559903183,2.8755026888035646e48,-0.953726362625139,1.0
452.4349510669708,1296.0,486.0,13.714285714285714,Inf,1.5714285714285714,4.881070290984228e23,2.8750455496481535e48,8.74655830917851e24,-0.9999893601158665,0.6515314558184155,0.41855386801002137,3.028569559903183,2.8750455496481535e48,-0.953726362625139,1.0
457.47625207901,1308.0,488.2857142857143,13.714285714285714,8.560443499344361e306,1.5714285714285714,4.8793097290306584e23,2.8745950011888156e48,8.74663705984009e24,-0.999989361783243,0.6515314558184155,0.41855386801002137,3.028569559903183,2.8745950011888156e48,-0.953726362625139,1.0
462.8623631000519,1321.0,471.42857142857144,13.714285714285714,8.560443499344361e306,1.5714285714285714,4.877859147301551e23,2.8742245037560773e48,8.746701944915763e24,-0.999989363154369,0.6515314558184155,0.41855386801002137,3.028569559903183,2.8742245037560773e48,-0.953726362625139,1.0
468.2687659263611,1334.0,457.3333333333333,13.714285714285714,8.560443499344361e306,1.5714285714285714,4.876423451508188e23,2.8738584519717557e48,8.746766164099782e24,-0.9999893645090427,0.6514151186362848,0.41855386801002137,3.0267099165413276,2.8738584519717557e48,-0.953726362625139,1.0
473.6362519264221,1347.0,466.95238095238096,13.714285714285714,8.560443499344361e306,1.5714285714285714,4.875002490921827e23,2.8734967875894927e48,8.746829724135498e24,-0.9999893658474797,0.6514151186362848,0.41855386801002137,3.0267099165413276,2.8734967875894927e48,-0.953726362625139,1.0
479.04202699661255,1360.0,479.0,13.714285714285714,8.560443499344361e306,1.5714285714285714,4.745372841145429e23,2.843148189066692e48,8.752635999911711e24,-0.9999894781606817,0.6514151186362848,0.41855386801002137,3.0267099165413276,2.843148189066692e48,-0.953726362625139,1.0
484.07646894454956,1372.0,490.3809523809524,13.714285714285714,8.560443499344361e306,1.5714285714285714,4.745198670546972e23,2.8431045476154764e48,8.752635837761163e24,-0.9999894783221888,0.6514151186362848,0.41855386801002137,3.0267099165413276,2.8431045476154764e48,-0.953726362625139,1.0
489.1432349681854,1384.0,498.42857142857144,13.714285714285714,8.560443499344361e306,1.5714285714285714,4.7451850128466706e23,2.8431015870665386e48,8.752636401054553e24,-0.9999894783331451,0.6514151186362848,0.41855386801002137,3.0267099165413276,2.8431015870665386e48,-0.953726362625139,1.0
494.2707200050354,1396.0,509.8095238095238,13.714285714285714,8.560443499344361e306,1.5714285714285714,4.745132084640446e23,2.843090221717338e48,8.752638717962471e24,-0.9999894783752057,0.6514151186362848,0.41855386801002137,3.0267099165413276,2.843090221717338e48,-0.953726362625139,1.0
499.3035891056061,1408.0,518.7142857142857,13.714285714285714,8.560443499344361e306,1.5714285714285714,4.745080065299897e23,2.8430790887397757e48,8.752641040509714e24,-0.9999894784164063,0.6514151186362848,0.41855386801002137,3.0267099165413276,2.8430790887397757e48,-0.953726362625139,1.0
504.3669259548187,1420.0,530.2857142857143,13.714285714285714,8.560443499344361e306,1.5714285714285714,4.745028517628906e23,2.8430680605679025e48,8.752643345785444e24,-0.999989478457219,0.6514151186362848,0.41855386801002137,3.0267099165413276,2.8430680605679025e48,-0.953726362625139,1.0
509.4759569168091,1432.0,541.6190476190476,13.714285714285714,8.560443499344361e306,1.5714285714285714,4.7449774021996166e23,2.8430571259361476e48,8.752645632043935e24,-0.9999894784976855,0.6514151186362848,0.41855386801002137,3.0267099165413276,2.8430571259361476e48,-0.953726362625139,1.0
514.6671750545502,1444.0,542.2857142857143,13.666666666666666,8.560443499344361e306,1.5714285714285714,4.74492671248332e23,2.8430462831952287e48,8.752647899287257e24,-0.9999894785378121,0.6514151186362848,0.41855386801002137,3.0267099165413276,2.8430462831952287e48,-0.953726362625139,1.0
519.9147911071777,1456.0,535.952380952381,13.666666666666666,8.560443499344361e306,1.5714285714285714,4.74490152607064e23,2.8430408960145292e48,8.752649025822985e24,-0.9999894785577488,0.6514151186362848,0.41855386801002137,3.0267099165413276,2.8430408960145292e48,-0.953726362625139,1.0
525.1173300743103,1468.0,544.1428571428571,13.666666666666666,8.560443499344361e306,1.5714285714285714,4.744839018621241e23,2.8430275270015148e48,8.752651821651179e24,-0.9999894786072244,0.6514151186362848,0.41855386801002137,3.0267099165413276,2.8430275270015148e48,-0.953726362625139,1.0
530.3395190238953,1480.0,555.6190476190476,13.666666666666666,8.560443499344361e306,1.5714285714285714,4.74477716083656e23,2.8430142981328322e48,8.752654588421164e24,-0.9999894786561814,0.6514151186362848,0.41855386801002137,3.0267099165413276,2.8430142981328322e48,-0.953726362625139,1.0
535.4743490219116,1492.0,567.047619047619,13.666666666666666,8.560443499344361e306,1.5714285714285714,4.744715945968569e23,2.843001207928045e48,8.752657326434773e24,-0.9999894787046253,0.6514151186362848,0.41855386801002137,3.0267099165413276,2.843001207928045e48,-0.953726362625139,1.0
540.6567840576172,1504.0,507.22727272727275,14.409090909090908,Inf,1.6363636363636365,4.744691638539821e23,2.8429960103433593e48,8.75265787061307e24,-0.9999894787238603,0.6514151186362848,0.41855386801002137,3.0267099165413276,2.8429960103433593e48,-0.953726362625139,1.0
545.7148969173431,1516.0,560.2,13.5,8.988465674311579e306,1.55,4.7446193228024665e23,2.8429805483712673e48,8.752661648187693e24,-0.9999894787810816,0.6514151186362848,0.41855386801002137,3.0267099165413276,2.8429805483712673e48,-0.953726362625139,1.0
550.7486391067505,1528.0,571.6,13.5,8.988465674311579e306,1.55,4.7445597484353946e23,2.842967811877037e48,8.752664312824952e24,-0.9999894788282164,0.6514151186362848,0.41855386801002137,3.0267099165413276,2.842967811877037e48,-0.953726362625139,1.0
555.9933390617371,1540.0,582.95,13.5,8.988465674311579e306,1.55,4.744512535072928e23,2.842957718843846e48,8.752666424580193e24,-0.9999894788655684,0.6514151186362848,0.41855386801002137,3.0267099165413276,2.842957718843846e48,-0.953726362625139,1.0
561.3948349952698,1553.0,595.3,13.5,8.988465674311579e306,1.55,4.744442450858014e23,2.8429427378726344e48,8.752669559300859e24,-0.9999894789210095,0.6514151186362848,0.41855386801002137,3.0267099165413276,2.8429427378726344e48,-0.953726362625139,1.0
566.5773379802704,1565.0,578.2857142857143,13.666666666666666,8.560443499344361e306,1.5714285714285714,4.74441928404159e23,2.8429377861455916e48,8.752670595504203e24,-0.9999894789393348,0.6514151186362848,0.41855386801002137,3.0267099165413276,2.8429377861455916e48,-0.953726362625139,1.0
571.7674899101257,1577.0,584.0952380952381,13.666666666666666,8.560443499344361e306,1.5714285714285714,4.744373239861324e23,2.842927945054871e48,8.752672654964232e24,-0.9999894789757543,0.6514151186362848,0.41855386801002137,3.0267099165413276,2.842927945054871e48,-0.953726362625139,1.0
576.9928500652313,1589.0,556.9545454545455,14.0,8.171332431192344e306,1.5909090909090908,4.744327578942071e23,2.842918186529408e48,8.752674697281748e24,-0.9999894790118684,0.6514046623276315,0.41855386801002137,3.0265427179397384,2.842918186529408e48,-0.953726362625139,1.0
582.1459350585938,1601.0,589.5238095238095,13.857142857142858,8.560443499344361e306,1.5714285714285714,4.744259799210334e23,2.8429037020265693e48,8.752677728927482e24,-0.9999894790654722,0.6514046623276315,0.41855386801002137,3.0265427179397384,2.8429037020265693e48,-0.953726362625139,1.0
587.2414541244507,1613.0,601.047619047619,13.857142857142858,8.560443499344361e306,1.5714285714285714,4.744203961668189e23,2.842891770636927e48,8.752680226423986e24,-0.9999894791096275,0.6514046623276315,0.41855386801002137,3.0265427179397384,2.842891770636927e48,-0.953726362625139,1.0
592.3083510398865,1625.0,612.2380952380952,13.857142857142858,8.560443499344361e306,1.5714285714285714,4.744181789496035e23,2.842887033146445e48,8.752681218138877e24,-0.99998947912716,0.6514046623276315,0.41855386801002137,3.0265427179397384,2.842887033146445e48,-0.953726362625139,1.0
597.3597700595856,1637.0,623.6666666666666,13.857142857142858,8.560443499344361e306,1.5714285714285714,4.744115826273424e23,2.8428729397993696e48,8.752684168535772e24,-0.9999894791793161,0.6514046623276315,0.41855386801002137,3.0265427179397384,2.8428729397993696e48,-0.953726362625139,1.0
602.3861861228943,1649.0,635.1428571428571,13.857142857142858,8.560443499344361e306,1.5714285714285714,4.7440614851956166e23,2.8428613305925565e48,8.752686599098384e24,-0.9999894792222792,0.6514046623276315,0.41855386801002137,3.0265427179397384,2.8428613305925565e48,-0.953726362625139,1.0
607.423779964447,1661.0,646.6190476190476,13.857142857142858,8.560443499344361e306,1.5714285714285714,4.744018419293511e23,2.8428521308199893e48,8.752688525345956e24,-0.9999894792563254,0.6514046623276315,0.41855386801002137,3.0265427179397384,2.8428521308199893e48,-0.953726362625139,1.0
612.5017070770264,1673.0,655.2380952380952,13.857142857142858,8.560443499344361e306,1.5714285714285714,4.738889072027718e23,2.8417605160015677e48,8.752917950058967e24,-0.9999894832961415,0.6514046623276315,0.41855386801002137,3.0265427179397384,2.8417605160015677e48,-0.953726362625139,1.0
617.5955760478973,1685.0,667.2380952380952,13.857142857142858,8.560443499344361e306,1.5714285714285714,4.738889072027718e23,2.8417605160015677e48,8.752917950058967e24,-0.9999894832961415,0.6514046623276315,0.41855386801002137,3.0265427179397384,2.8417605160015677e48,-0.953726362625139,1.0
622.6825540065765,1697.0,679.2380952380952,13.857142857142858,8.560443499344361e306,1.5714285714285714,4.738889072027718e23,2.8417605160015677e48,8.752917950058967e24,-0.9999894832961415,0.6514046623276315,0.41855386801002137,3.0265427179397384,2.8417605160015677e48,-0.953726362625139,1.0
627.7103481292725,1709.0,691.2380952380952,13.857142857142858,8.560443499344361e306,1.5714285714285714,4.738889072027718e23,2.8417605160015677e48,8.752917950058967e24,-0.9999894832961415,0.6514046623276315,0.41855386801002137,3.0265427179397384,2.8417605160015677e48,-0.953726362625139,1.0
632.7137639522552,1721.0,748.421052631579,13.157894736842104,9.46154281506482e306,1.5263157894736843,4.738889072027718e23,2.8417605160015677e48,8.752917950058967e24,-0.9999894832961415,0.6514046623276315,0.41855386801002137,3.0265427179397384,2.8417605160015677e48,-0.953726362625139,1.0
637.8115739822388,1733.0,760.421052631579,13.157894736842104,9.46154281506482e306,1.5263157894736843,4.738889072027718e23,2.8417605160015677e48,8.752917950058967e24,-0.9999894832961415,0.6514046623276315,0.41855386801002137,3.0265427179397384,2.8417605160015677e48,-0.953726362625139,1.0
642.8395919799805,1745.0,768.578947368421,13.157894736842104,9.46154281506482e306,1.5263157894736843,4.738889072027718e23,2.8417605160015677e48,8.752917950058967e24,-0.9999894832961415,0.6514046623276315,0.41855386801002137,3.0265427179397384,2.8417605160015677e48,-0.953726362625139,1.0
648.1690020561218,1758.0,726.4,12.95,8.988465674311579e306,1.5,4.738889072027718e23,2.8417605160015677e48,8.752917950058967e24,-0.9999894832961415,0.6514046623276315,0.41855386801002137,3.0265427179397384,2.8417605160015677e48,-0.953726362625139,1.0
653.4882109165192,1771.0,705.65,12.95,8.988465674311579e306,1.5,4.738889072027718e23,2.8417605160015677e48,8.752917950058967e24,-0.9999894832961415,0.6514046623276315,0.41855386801002137,3.0265427179397384,2.8417605160015677e48,-0.953726362625139,1.0
658.9130940437317,1784.0,718.1052631578947,13.157894736842104,9.46154281506482e306,1.5263157894736843,4.738889072027718e23,2.8417605160015677e48,8.752917950058967e24,-0.9999894832961415,0.6514046623276315,0.41855386801002137,3.0265427179397384,2.8417605160015677e48,-0.953726362625139,1.0
664.3210821151733,1797.0,731.1052631578947,13.157894736842104,9.46154281506482e306,1.5263157894736843,4.738889072027718e23,2.8417605160015677e48,8.752917950058967e24,-0.9999894832961415,0.6514046623276315,0.41855386801002137,3.0265427179397384,2.8417605160015677e48,-0.953726362625139,1.0
669.3953700065613,1809.0,743.1052631578947,13.157894736842104,9.46154281506482e306,1.5263157894736843,4.738889072027718e23,2.8417605160015677e48,8.752917950058967e24,-0.9999894832961415,0.6514046623276315,0.41855386801002137,3.0265427179397384,2.8417605160015677e48,-0.953726362625139,1.0
674.3995509147644,1821.0,755.1052631578947,13.157894736842104,9.46154281506482e306,1.5263157894736843,4.738889072027718e23,2.8417605160015677e48,8.752917950058967e24,-0.9999894832961415,0.6514046623276315,0.41855386801002137,3.0265427179397384,2.8417605160015677e48,-0.953726362625139,1.0
679.4896531105042,1833.0,767.1052631578947,13.157894736842104,9.46154281506482e306,1.5263157894736843,4.738889072027718e23,2.8417605160015677e48,8.752917950058967e24,-0.9999894832961415,0.6514046623276315,0.41855386801002137,3.0265427179397384,2.8417605160015677e48,-0.953726362625139,1.0
684.5988519191742,1845.0,779.1052631578947,13.157894736842104,9.46154281506482e306,1.5263157894736843,4.738889072027718e23,2.8417605160015677e48,8.752917950058967e24,-0.9999894832961415,0.6514046623276315,0.41855386801002137,3.0265427179397384,2.8417605160015677e48,-0.953726362625139,1.0
689.7212190628052,1857.0,791.1052631578947,13.157894736842104,9.46154281506482e306,1.5263157894736843,4.738889072027718e23,2.8417605160015677e48,8.752917950058967e24,-0.9999894832961415,0.6514046623276315,0.41855386801002137,3.0265427179397384,2.8417605160015677e48,-0.953726362625139,1.0
694.7782289981842,1869.0,803.1052631578947,13.157894736842104,9.46154281506482e306,1.5263157894736843,4.738889072027718e23,2.8417605160015677e48,8.752917950058967e24,-0.9999894832961415,0.6514046623276315,0.41855386801002137,3.0265427179397384,2.8417605160015677e48,-0.953726362625139,1.0
699.7927989959717,1881.0,815.1052631578947,13.157894736842104,9.46154281506482e306,1.5263157894736843,4.738889072027718e23,2.8417605160015677e48,8.752917950058967e24,-0.9999894832961415,0.6514046623276315,0.41855386801002137,3.0265427179397384,2.8417605160015677e48,-0.953726362625139,1.0
704.9147570133209,1893.0,827.1052631578947,13.157894736842104,9.46154281506482e306,1.5263157894736843,4.738889072027718e23,2.8417605160015677e48,8.752917950058967e24,-0.9999894832961415,0.6514046623276315,0.41855386801002137,3.0265427179397384,2.8417605160015677e48,-0.953726362625139,1.0
709.962014913559,1905.0,839.1052631578947,13.157894736842104,9.46154281506482e306,1.5263157894736843,4.738889072027718e23,2.8417605160015677e48,8.752917950058967e24,-0.9999894832961415,0.6514046623276315,0.41855386801002137,3.0265427179397384,2.8417605160015677e48,-0.953726362625139,1.0
714.9651401042938,1917.0,851.1052631578947,13.157894736842104,9.46154281506482e306,1.5263157894736843,4.738889072027718e23,2.8417605160015677e48,8.752917950058967e24,-0.9999894832961415,0.6514046623276315,0.41855386801002137,3.0265427179397384,2.8417605160015677e48,-0.953726362625139,1.0
719.9675650596619,1929.0,863.1052631578947,13.157894736842104,9.46154281506482e306,1.5263157894736843,4.738889072027718e23,2.8417605160015677e48,8.752917950058967e24,-0.9999894832961415,0.6514046623276315,0.41855386801002137,3.0265427179397384,2.8417605160015677e48,-0.953726362625139,1.0
725.0866680145264,1941.0,875.1052631578947,13.157894736842104,9.46154281506482e306,1.5263157894736843,4.738889072027718e23,2.8417605160015677e48,8.752917950058967e24,-0.9999894832961415,0.6514046623276315,0.41855386801002137,3.0265427179397384,2.8417605160015677e48,-0.953726362625139,1.0
730.186103105545,1953.0,887.1052631578947,13.157894736842104,9.46154281506482e306,1.5263157894736843,4.738889072027718e23,2.8417605160015677e48,8.752917950058967e24,-0.9999894832961415,0.6514046623276315,0.41855386801002137,3.0265427179397384,2.8417605160015677e48,-0.953726362625139,1.0
735.28848695755,1965.0,899.1052631578947,13.157894736842104,9.46154281506482e306,1.5263157894736843,4.738889072027718e23,2.8417605160015677e48,8.752917950058967e24,-0.9999894832961415,0.6514046623276315,0.41855386801002137,3.0265427179397384,2.8417605160015677e48,-0.953726362625139,1.0
740.4696619510651,1977.0,884.421052631579,13.157894736842104,9.46154281506482e306,1.5263157894736843,4.738889072027718e23,2.8417605160015677e48,8.752917950058967e24,-0.9999894832961415,0.6514046623276315,0.41855386801002137,3.0265427179397384,2.8417605160015677e48,-0.953726362625139,1.0
745.5722470283508,1989.0,896.421052631579,13.157894736842104,9.46154281506482e306,1.5263157894736843,4.738889072027718e23,2.8417605160015677e48,8.752917950058967e24,-0.9999894832961415,0.6514046623276315,0.41855386801002137,3.0265427179397384,2.8417605160015677e48,-0.953726362625139,1.0
750.7175450325012,2001.0,908.421052631579,13.157894736842104,9.46154281506482e306,1.5263157894736843,4.738889072027718e23,2.8417605160015677e48,8.752917950058967e24,-0.9999894832961415,0.6514046623276315,0.41855386801002137,3.0265427179397384,2.8417605160015677e48,-0.953726362625139,1.0
755.8142490386963,2013.0,920.421052631579,13.157894736842104,9.46154281506482e306,1.5263157894736843,4.738889072027718e23,2.8417605160015677e48,8.752917950058967e24,-0.9999894832961415,0.6514046623276315,0.41855386801002137,3.0265427179397384,2.8417605160015677e48,-0.953726362625139,1.0
760.9791359901428,2025.0,886.15,13.85,8.988465674311579e306,1.6,4.738889072027718e23,2.8417605160015677e48,8.752917950058967e24,-0.9999894832961415,0.6514046623276315,0.41855386801002137,3.0265427179397384,2.8417605160015677e48,-0.953726362625139,1.0
766.0789749622345,2037.0,850.6,13.85,8.988465674311579e306,1.6,4.738889072027718e23,2.8417605160015677e48,8.752917950058967e24,-0.9999894832961415,0.6514046623276315,0.41855386801002137,3.0265427179397384,2.8417605160015677e48,-0.953726362625139,1.0
771.2046859264374,2049.0,862.6,13.85,8.988465674311579e306,1.6,4.738889072027718e23,2.8417605160015677e48,8.752917950058967e24,-0.9999894832961415,0.6514046623276315,0.41855386801002137,3.0265427179397384,2.8417605160015677e48,-0.953726362625139,1.0
776.2341830730438,2061.0,874.6,13.85,8.988465674311579e306,1.6,4.738889072027718e23,2.8417605160015677e48,8.752917950058967e24,-0.9999894832961415,0.6514046623276315,0.41855386801002137,3.0265427179397384,2.8417605160015677e48,-0.953726362625139,1.0
781.2664310932159,2073.0,886.6,13.85,8.988465674311579e306,1.6,4.738889072027718e23,2.8417605160015677e48,8.752917950058967e24,-0.9999894832961415,0.6514046623276315,0.41855386801002137,3.0265427179397384,2.8417605160015677e48,-0.953726362625139,1.0
786.3577980995178,2085.0,898.6,13.85,8.988465674311579e306,1.6,4.738889072027718e23,2.8417605160015677e48,8.752917950058967e24,-0.9999894832961415,0.6514046623276315,0.41855386801002137,3.0265427179397384,2.8417605160015677e48,-0.953726362625139,1.0
791.4847741127014,2097.0,885.05,13.85,8.988465674311579e306,1.6,4.738889072027718e23,2.8417605160015677e48,8.752917950058967e24,-0.9999894832961415,0.6837309377979703,0.41855386801002137,3.4707331712448566,2.8417605160015677e48,-0.9470522803114572,1.0
796.5907669067383,2109.0,897.05,13.85,8.988465674311579e306,1.6,4.738889072027718e23,2.8417605160015677e48,8.752917950058967e24,-0.9999894832961415,0.6837309377979703,0.41855386801002137,3.4707331712448566,2.8417605160015677e48,-0.9470522803114572,1.0
801.8100950717926,2121.0,909.05,13.85,8.988465674311579e306,1.6,4.738889072027718e23,2.8417605160015677e48,8.752917950058967e24,-0.9999894832961415,0.6837309377979703,0.41855386801002137,3.4707331712448566,2.8417605160015677e48,-0.9470522803114572,1.0
806.9095981121063,2133.0,921.05,13.85,8.988465674311579e306,1.6,4.738889072027718e23,2.8417605160015677e48,8.752917950058967e24,-0.9999894832961415,0.6837309377979703,0.41855386801002137,3.4707331712448566,2.8417605160015677e48,-0.9470522803114572,1.0
812.0879030227661,2145.0,856.8,13.85,8.988465674311579e306,1.6,4.738889072027718e23,2.8417605160015677e48,8.752917950058967e24,-0.9999894832961415,0.6837309377979703,0.41881375244652286,3.4707331712448566,2.8417605160015677e48,-0.9470522803114572,1.0
817.1454439163208,2157.0,862.7,13.85,8.988465674311579e306,1.6,4.738889072027718e23,2.8417605160015677e48,8.752917950058967e24,-0.9999894832961415,0.6837309377979703,0.41881375244652286,3.4707331712448566,2.8417605160015677e48,-0.9470522803114572,1.0
822.2820200920105,2169.0,773.3,13.85,8.988465674311579e306,1.6,4.738889072027718e23,2.8417605160015677e48,8.752917950058967e24,-0.9999894832961415,0.6837309377979703,0.41881375244652286,3.4707331712448566,2.8417605160015677e48,-0.9470522803114572,1.0
827.3490390777588,2181.0,785.3,13.85,8.988465674311579e306,1.6,4.738889072027718e23,2.8417605160015677e48,8.752917950058967e24,-0.9999894832961415,0.6837309377979703,0.41881375244652286,3.4707331712448566,2.8417605160015677e48,-0.9470522803114572,1.0
832.4983839988708,2193.0,797.3,13.85,8.988465674311579e306,1.6,4.738889072027718e23,2.8417605160015677e48,8.752917950058967e24,-0.9999894832961415,0.6837309377979703,0.41881375244652286,3.4707331712448566,2.8417605160015677e48,-0.9470522803114572,1.0
837.6672539710999,2205.0,809.3,13.85,8.988465674311579e306,1.6,4.738889072027718e23,2.8417605160015677e48,8.752917950058967e24,-0.9999894832961415,0.6837309377979703,0.41881375244652286,3.4707331712448566,2.8417605160015677e48,-0.9470522803114572,1.0
843.0485980510712,2218.0,783.6190476190476,14.428571428571429,8.560443499344361e306,1.6666666666666667,4.738889072027718e23,2.8417605160015677e48,8.752917950058967e24,-0.9999894832961415,0.6837309377979703,0.41881375244652286,3.4707331712448566,2.8417605160015677e48,-0.9470522803114572,1.0
848.4193730354309,2231.0,796.6190476190476,14.428571428571429,8.560443499344361e306,1.6666666666666667,4.738889072027718e23,2.8417605160015677e48,8.752917950058967e24,-0.9999894832961415,0.6837309377979703,0.41881375244652286,3.4707331712448566,2.8417605160015677e48,-0.9470522803114572,1.0
853.7986710071564,2244.0,809.6190476190476,14.428571428571429,8.560443499344361e306,1.6666666666666667,4.738889072027718e23,2.8417605160015677e48,8.752917950058967e24,-0.9999894832961415,0.6837309377979703,0.41881375244652286,3.4707331712448566,2.8417605160015677e48,-0.9470522803114572,1.0
859.2149131298065,2257.0,820.3333333333334,14.380952380952381,8.560443499344361e306,1.6666666666666667,4.738889072027718e23,2.8417605160015677e48,8.752917950058967e24,-0.9999894832961415,0.6837309377979703,0.41881375244652286,3.4707331712448566,2.8417605160015677e48,-0.9470522803114572,1.0
864.5158801078796,2270.0,750.5238095238095,14.238095238095237,8.560443499344361e306,1.6666666666666667,4.738889072027718e23,2.8417605160015677e48,8.752917950058967e24,-0.9999894832961415,0.6837309377979703,0.41881375244652286,3.4707331712448566,2.8417605160015677e48,-0.9470522803114572,1.0
869.7269959449768,2283.0,763.5238095238095,14.238095238095237,8.560443499344361e306,1.6666666666666667,4.738889072027718e23,2.8417605160015677e48,8.752917950058967e24,-0.9999894832961415,0.6837309377979703,0.41881375244652286,3.4707331712448566,2.8417605160015677e48,-0.9470522803114572,1.0
874.8372530937195,2296.0,776.5238095238095,14.238095238095237,8.560443499344361e306,1.6666666666666667,4.738889072027718e23,2.8417605160015677e48,8.752917950058967e24,-0.9999894832961415,0.6837309377979703,0.41881375244652286,3.4707331712448566,2.8417605160015677e48,-0.9470522803114572,1.0
880.161493062973,2309.0,789.5238095238095,14.238095238095237,8.560443499344361e306,1.6666666666666667,4.738889072027718e23,2.8417605160015677e48,8.752917950058967e24,-0.9999894832961415,0.6837309377979703,0.41881375244652286,3.4707331712448566,2.8417605160015677e48,-0.9470522803114572,1.0
885.4136040210724,2322.0,802.5238095238095,14.238095238095237,8.560443499344361e306,1.6666666666666667,4.738889072027718e23,2.8417605160015677e48,8.752917950058967e24,-0.9999894832961415,0.6837309377979703,0.41881375244652286,3.4707331712448566,2.8417605160015677e48,-0.9470522803114572,1.0
890.6080310344696,2335.0,815.5238095238095,14.238095238095237,8.560443499344361e306,1.6666666666666667,4.738889072027718e23,2.8417605160015677e48,8.752917950058967e24,-0.9999894832961415,0.6837309377979703,0.41881375244652286,3.4707331712448566,2.8417605160015677e48,-0.9470522803114572,1.0
895.8259909152985,2348.0,813.2380952380952,14.238095238095237,8.560443499344361e306,1.6666666666666667,4.738889072027718e23,2.8417605160015677e48,7.403993246076435e24,-0.9999894832961415,0.6837309377979703,0.41881375244652286,3.4707331712448566,2.8417605160015677e48,-0.9470522803114572,1.0
901.1286311149597,2361.0,789.0909090909091,14.5,8.171332431192344e306,1.6818181818181819,4.738889072027718e23,2.8417605160015677e48,7.403993246076435e24,-0.9999894832961415,0.6837309377979703,0.41881375244652286,3.4707331712448566,2.8417605160015677e48,-0.9470522803114572,1.0
906.4340269565582,2374.0,802.0909090909091,14.5,8.171332431192344e306,1.6818181818181819,4.738889072027718e23,2.8417605160015677e48,7.403993246076435e24,-0.9999894832961415,0.6837309377979703,0.41881375244652286,3.4707331712448566,2.8417605160015677e48,-0.9470522803114572,1.0
911.7208490371704,2387.0,815.0909090909091,14.5,8.171332431192344e306,1.6818181818181819,4.738889072027718e23,2.8417605160015677e48,7.403993246076435e24,-0.9999894832961415,0.6837309377979703,0.41881375244652286,3.4707331712448566,2.8417605160015677e48,-0.9470522803114572,1.0
916.9410119056702,2400.0,828.0909090909091,14.5,8.171332431192344e306,1.6818181818181819,4.738889072027718e23,2.8417605160015677e48,7.403993246076435e24,-0.9999894832961415,0.6837309377979703,0.41881375244652286,3.4707331712448566,2.8417605160015677e48,-0.9470522803114572,1.0
922.1694369316101,2413.0,841.0909090909091,14.5,8.171332431192344e306,1.6818181818181819,4.738889072027718e23,2.8417605160015677e48,7.403993246076435e24,-0.9999894832961415,0.6837309377979703,0.41881375244652286,3.4707331712448566,2.8417605160015677e48,-0.9470522803114572,1.0
927.4239509105682,2426.0,847.0909090909091,14.5,8.171332431192344e306,1.6818181818181819,4.738889072027718e23,2.8417605160015677e48,7.403993246076435e24,-0.9999894832961415,0.6837309377979703,0.41881375244652286,3.4707331712448566,2.8417605160015677e48,-0.9470522803114572,1.0
932.6634860038757,2439.0,860.0909090909091,14.5,8.171332431192344e306,1.6818181818181819,4.738889072027718e23,2.8417605160015677e48,7.403993246076435e24,-0.9999894832961415,0.6837309377979703,0.41881375244652286,3.4707331712448566,2.8417605160015677e48,-0.9470522803114572,1.0
937.8611619472504,2452.0,873.0909090909091,14.5,8.171332431192344e306,1.6818181818181819,4.738889072027718e23,2.8417605160015677e48,7.403993246076435e24,-0.9999894832961415,0.6837309377979703,0.41881375244652286,3.4707331712448566,2.8417605160015677e48,-0.9470522803114572,1.0
943.0953860282898,2465.0,886.0909090909091,14.5,8.171332431192344e306,1.6818181818181819,4.738889072027718e23,2.8417605160015677e48,7.403993246076435e24,-0.9999894832961415,0.6837309377979703,0.41881375244652286,3.4707331712448566,2.8417605160015677e48,-0.9470522803114572,1.0
948.2725229263306,2478.0,899.0909090909091,14.5,8.171332431192344e306,1.6818181818181819,4.738889072027718e23,2.8417605160015677e48,7.403993246076435e24,-0.9999894832961415,0.6837309377979703,0.41881375244652286,3.4707331712448566,2.8417605160015677e48,-0.9470522803114572,1.0
953.4096510410309,2491.0,912.0909090909091,14.5,8.171332431192344e306,1.6818181818181819,4.738889072027718e23,2.8417605160015677e48,7.403993246076435e24,-0.9999894832961415,0.6837309377979703,0.41881375244652286,3.4707331712448566,2.8417605160015677e48,-0.9470522803114572,1.0
958.5732569694519,2504.0,925.0909090909091,14.5,8.171332431192344e306,1.6818181818181819,4.738889072027718e23,2.8417605160015677e48,7.403993246076435e24,-0.9999894832961415,0.6837309377979703,0.41881375244652286,3.4707331712448566,2.8417605160015677e48,-0.9470522803114572,1.0
963.740128993988,2517.0,938.0909090909091,14.5,8.171332431192344e306,1.6818181818181819,4.738889072027718e23,2.8417605160015677e48,7.403993246076435e24,-0.9999894832961415,0.6837309377979703,0.41881375244652286,3.4707331712448566,2.8417605160015677e48,-0.9470522803114572,1.0
968.9421229362488,2530.0,951.0909090909091,14.5,8.171332431192344e306,1.6818181818181819,4.738889072027718e23,2.8417605160015677e48,7.403993246076435e24,-0.9999894832961415,0.6837309377979703,0.41881375244652286,3.4707331712448566,2.8417605160015677e48,-0.9470522803114572,1.0
974.0602829456329,2543.0,964.0909090909091,14.5,8.171332431192344e306,1.6818181818181819,4.738889072027718e23,2.8417605160015677e48,7.403993246076435e24,-0.9999894832961415,0.6837309377979703,0.41881375244652286,3.4707331712448566,2.8417605160015677e48,-0.9470522803114572,1.0
979.1961331367493,2556.0,977.0909090909091,14.5,8.171332431192344e306,1.6818181818181819,4.738889072027718e23,2.8417605160015677e48,7.403993246076435e24,-0.9999894832961415,0.6837309377979703,0.41881375244652286,3.4707331712448566,2.8417605160015677e48,-0.9470522803114572,1.0
984.3532180786133,2569.0,971.2727272727273,14.5,8.171332431192344e306,1.6818181818181819,4.738889072027718e23,2.8417605160015677e48,7.403993246076435e24,-0.9999894832961415,0.6837309377979703,0.41881375244652286,3.4707331712448566,2.8417605160015677e48,-0.9470522803114572,1.0
989.5504341125488,2582.0,984.2727272727273,14.5,8.171332431192344e306,1.6818181818181819,4.738889072027718e23,2.8417605160015677e48,7.403993246076435e24,-0.9999894832961415,0.6837309377979703,0.41881375244652286,3.4707331712448566,2.8417605160015677e48,-0.9470522803114572,1.0
994.6520960330963,2595.0,997.2727272727273,14.5,8.171332431192344e306,1.6818181818181819,4.738889072027718e23,2.8417605160015677e48,7.403993246076435e24,-0.9999894832961415,0.6837309377979703,0.41881375244652286,3.4707331712448566,2.8417605160015677e48,-0.9470522803114572,1.0
999.8563709259033,2608.0,947.3181818181819,14.5,8.171332431192344e306,1.6818181818181819,4.738889072027718e23,2.8417605160015677e48,7.403993246076435e24,-0.9999894832961415,0.6837309377979703,0.41881375244652286,3.4707331712448566,2.8417605160015677e48,-0.9470522803114572,1.0
1005.03662109375,2621.0,960.3181818181819,14.5,8.171332431192344e306,1.6818181818181819,4.738889072027718e23,2.8417605160015677e48,7.403993246076435e24,-0.9999894832961415,0.6837309377979703,0.41881375244652286,3.4707331712448566,2.8417605160015677e48,-0.9470522803114572,1.0
1010.1204679012299,2634.0,973.3181818181819,14.5,8.171332431192344e306,1.6818181818181819,4.738889072027718e23,2.8417605160015677e48,7.403993246076435e24,-0.9999894832961415,0.6837309377979703,0.41881375244652286,3.4707331712448566,2.8417605160015677e48,-0.9470522803114572,1.0
1015.2743639945984,2647.0,986.3181818181819,14.5,8.171332431192344e306,1.6818181818181819,4.738889072027718e23,2.8417605160015677e48,7.403993246076435e24,-0.9999894832961415,0.6837309377979703,0.41881375244652286,3.4707331712448566,2.8417605160015677e48,-0.9470522803114572,1.0
1020.3676021099091,2660.0,999.3181818181819,14.5,8.171332431192344e306,1.6818181818181819,4.738889072027718e23,2.8417605160015677e48,7.403993246076435e24,-0.9999894832961415,0.6837309377979703,0.41881375244652286,3.4707331712448566,2.8417605160015677e48,-0.9470522803114572,1.0
1025.4222469329834,2673.0,909.9130434782609,14.608695652173912,7.816057108097024e306,1.6956521739130435,4.738889072027718e23,2.8417605160015677e48,7.403993246076435e24,-0.9999894832961415,0.6837309377979703,0.41881375244652286,3.4707331712448566,2.8417605160015677e48,-0.9470522803114572,1.0
1030.4683890342712,2686.0,897.3913043478261,14.608695652173912,7.816057108097024e306,1.6956521739130435,4.738889072027718e23,2.8417605160015677e48,7.403993246076435e24,-0.9999894832961415,0.6837309377979703,0.41881375244652286,3.4707331712448566,2.8417605160015677e48,-0.9470522803114572,1.0
1035.632304906845,2699.0,910.3913043478261,14.608695652173912,7.816057108097024e306,1.6956521739130435,4.738889072027718e23,2.8417605160015677e48,7.403993246076435e24,-0.9999894832961415,0.6837309377979703,0.41881375244652286,3.4707331712448566,2.8417605160015677e48,-0.9470522803114572,1.0
1040.730367898941,2712.0,923.3913043478261,14.608695652173912,7.816057108097024e306,1.6956521739130435,4.738889072027718e23,2.8417605160015677e48,7.403993246076435e24,-0.9999894832961415,0.6837309377979703,0.41881375244652286,3.4707331712448566,2.8417605160015677e48,-0.9470522803114572,1.0
1045.966833114624,2725.0,936.3913043478261,14.608695652173912,7.816057108097024e306,1.6956521739130435,4.738889072027718e23,2.8417605160015677e48,7.403993246076435e24,-0.9999894832961415,0.6837309377979703,0.41881375244652286,3.4707331712448566,2.8417605160015677e48,-0.9470522803114572,1.0
1051.0314729213715,2738.0,905.8260869565217,14.608695652173912,7.816057108097024e306,1.6956521739130435,4.738889072027718e23,2.8417605160015677e48,7.403993246076435e24,-0.9999894832961415,0.6837309377979703,0.41881375244652286,3.4707331712448566,2.8417605160015677e48,-0.9470522803114572,1.0
1056.1565880775452,2751.0,885.1739130434783,14.565217391304348,7.816057108097024e306,1.6956521739130435,4.738889072027718e23,2.8417605160015677e48,7.403993246076435e24,-0.9999894832961415,0.6837309377979703,0.41881375244652286,3.4707331712448566,2.8417605160015677e48,-0.9470522803114572,1.0
1061.2106590270996,2764.0,894.1304347826087,14.565217391304348,7.816057108097024e306,1.6956521739130435,4.738889072027718e23,2.8417605160015677e48,7.403993246076435e24,-0.9999894832961415,0.6837309377979703,0.41881375244652286,3.4707331712448566,2.8417605160015677e48,-0.9470522803114572,1.0
1066.2919471263885,2777.0,907.1304347826087,14.565217391304348,7.816057108097024e306,1.6956521739130435,4.738889072027718e23,2.8417605160015677e48,7.403993246076435e24,-0.9999894832961415,0.6837309377979703,0.41881375244652286,3.4707331712448566,2.8417605160015677e48,-0.9470522803114572,1.0
1071.4837911128998,2790.0,894.7826086956521,14.565217391304348,7.816057108097024e306,1.6956521739130435,4.738889072027718e23,2.8417605160015677e48,7.403993246076435e24,-0.9999894832961415,0.6837309377979703,0.41881375244652286,3.4707331712448566,2.8417605160015677e48,-0.9470522803114572,1.0
1076.601800918579,2803.0,907.7826086956521,14.565217391304348,7.816057108097024e306,1.6956521739130435,4.738889072027718e23,2.8417605160015677e48,7.403993246076435e24,-0.9999894832961415,0.6837309377979703,0.41881375244652286,3.4707331712448566,2.8417605160015677e48,-0.9470522803114572,1.0
1081.7205109596252,2816.0,912.2173913043479,14.565217391304348,7.816057108097024e306,1.7391304347826086,4.738889072027718e23,2.8417605160015677e48,7.403993246076435e24,-0.9999894832961415,0.6837309377979703,0.41881375244652286,3.4707331712448566,2.8417605160015677e48,-0.9470522803114572,1.0
1086.7784368991852,2829.0,925.2173913043479,14.565217391304348,7.816057108097024e306,1.7391304347826086,4.738889072027718e23,2.8417605160015677e48,7.403993246076435e24,-0.9999894832961415,0.6837309377979703,0.41881375244652286,3.4707331712448566,2.8417605160015677e48,-0.9470522803114572,1.0
1091.8505029678345,2842.0,938.2173913043479,14.565217391304348,7.816057108097024e306,1.7391304347826086,4.738889072027718e23,2.8417605160015677e48,7.403993246076435e24,-0.9999894832961415,0.6837309377979703,0.41881375244652286,3.4707331712448566,2.8417605160015677e48,-0.9470522803114572,1.0
1097.1986379623413,2856.0,949.4347826086956,14.565217391304348,7.816057108097024e306,1.7391304347826086,4.738889072027718e23,2.8417605160015677e48,7.403993246076435e24,-0.9999894832961415,0.6837309377979703,0.41881375244652286,3.4707331712448566,2.8417605160015677e48,-0.9470522803114572,1.0
1102.5033779144287,2870.0,923.8636363636364,14.636363636363637,8.171332431192344e306,1.7727272727272727,4.738889072027718e23,2.8417605160015677e48,7.403993246076435e24,-0.9999894832961415,0.7891258123969335,0.4527316282568288,5.2399635743747845,2.8417605160015677e48,-0.9408231368186875,1.0
1107.7214760780334,2884.0,937.8636363636364,14.636363636363637,8.171332431192344e306,1.7727272727272727,4.738889072027718e23,2.8417605160015677e48,7.403993246076435e24,-0.9999894832961415,0.7891258123969335,0.4527316282568288,5.2399635743747845,2.8417605160015677e48,-0.9408231368186875,1.0
1112.8896279335022,2898.0,951.8636363636364,14.636363636363637,8.171332431192344e306,1.7727272727272727,4.738889072027718e23,2.8417605160015677e48,7.403993246076435e24,-0.9999894832961415,0.7891258123969335,0.4527316282568288,5.2399635743747845,2.8417605160015677e48,-0.9408231368186875,1.0
1118.1121671199799,2912.0,944.1363636363636,14.636363636363637,8.171332431192344e306,1.7727272727272727,4.738889072027718e23,2.8417605160015677e48,7.403993246076435e24,-0.9999894832961415,0.7891258123969335,0.4527316282568288,5.2399635743747845,2.8417605160015677e48,-0.9408231368186875,1.0
1123.4982469081879,2926.0,958.1363636363636,14.636363636363637,8.171332431192344e306,1.7727272727272727,4.738889072027718e23,2.8417605160015677e48,7.403993246076435e24,-0.9999894832961415,0.7891258123969335,0.4527316282568288,5.2399635743747845,2.8417605160015677e48,-0.9408231368186875,1.0
1128.7788100242615,2940.0,972.1363636363636,14.636363636363637,8.171332431192344e306,1.7727272727272727,4.738889072027718e23,2.8417605160015677e48,7.403993246076435e24,-0.9999894832961415,0.7891258123969335,0.4527316282568288,5.2399635743747845,2.8417605160015677e48,-0.9408231368186875,1.0
1133.8017160892487,2953.0,985.1363636363636,14.636363636363637,8.171332431192344e306,1.7727272727272727,4.738889072027718e23,2.8417605160015677e48,7.403993246076435e24,-0.9999894832961415,0.7891258123969335,0.4527316282568288,5.2399635743747845,2.8417605160015677e48,-0.9408231368186875,1.0
1138.887435913086,2966.0,998.1363636363636,14.636363636363637,8.171332431192344e306,1.7727272727272727,4.738889072027718e23,2.8417605160015677e48,7.403993246076435e24,-0.9999894832961415,0.7891258123969335,0.4527316282568288,5.2399635743747845,2.8417605160015677e48,-0.9408231368186875,1.0
1144.1794550418854,2980.0,984.0454545454545,14.636363636363637,8.171332431192344e306,1.7727272727272727,4.738889072027718e23,2.8417605160015677e48,7.403993246076435e24,-0.9999894832961415,0.7891258123969335,0.4527316282568288,5.2399635743747845,2.8417605160015677e48,-0.9408231368186875,1.0
1149.474776983261,2994.0,997.4545454545455,14.636363636363637,8.171332431192344e306,1.7727272727272727,4.738889072027718e23,2.8417605160015677e48,7.403993246076435e24,-0.9999894832961415,0.7891258123969335,0.4527316282568288,5.2399635743747845,2.8417605160015677e48,-0.9408231368186875,1.0
1154.8291969299316,3008.0,1011.4545454545455,14.636363636363637,8.171332431192344e306,1.7727272727272727,4.738889072027718e23,2.8417605160015677e48,7.403993246076435e24,-0.9999894832961415,0.7891258123969335,0.4527316282568288,5.2399635743747845,2.8417605160015677e48,-0.9408231368186875,1.0
1160.134803056717,3022.0,1025.4545454545455,14.636363636363637,8.171332431192344e306,1.7727272727272727,4.738889072027718e23,2.8417605160015677e48,7.403993246076435e24,-0.9999894832961415,0.7891258123969335,0.4527316282568288,5.2399635743747845,2.8417605160015677e48,-0.9408231368186875,1.0
1165.143443107605,3035.0,993.8260869565217,14.478260869565217,7.816057108097024e306,1.7826086956521738,4.738889072027718e23,2.8417605160015677e48,7.403993246076435e24,-0.9999894832961415,0.7891258123969335,0.4527316282568288,5.2399635743747845,2.8417605160015677e48,-0.9408231368186875,1.0
1170.1669781208038,3048.0,1006.8260869565217,14.478260869565217,7.816057108097024e306,1.7826086956521738,4.738889072027718e23,2.8417605160015677e48,7.403993246076435e24,-0.9999894832961415,0.7891258123969335,0.4527316282568288,5.2399635743747845,2.8417605160015677e48,-0.9408231368186875,1.0
1175.545972108841,3062.0,978.3333333333334,14.666666666666666,7.490388061926316e306,1.8333333333333333,4.738889072027718e23,2.8417605160015677e48,7.403993246076435e24,-0.9999894832961415,0.7891258123969335,0.4527316282568288,5.2399635743747845,2.8417605160015677e48,-0.9408231368186875,1.0
1180.8031919002533,3076.0,992.3333333333334,14.666666666666666,7.490388061926316e306,1.8333333333333333,4.738889072027718e23,2.8417605160015677e48,7.403993246076435e24,-0.9999894832961415,0.7891258123969335,0.4527316282568288,5.2399635743747845,2.8417605160015677e48,-0.9408231368186875,1.0
1186.1447241306305,3090.0,993.25,14.666666666666666,7.490388061926316e306,1.8333333333333333,4.738889072027718e23,2.8417605160015677e48,7.403993246076435e24,-0.9999894832961415,0.7891258123969335,0.43402384561807367,5.2399635743747845,2.8417605160015677e48,-0.9408231368186875,1.0
1191.4456751346588,3104.0,1007.25,14.666666666666666,7.490388061926316e306,1.8333333333333333,4.738889072027718e23,2.8417605160015677e48,7.403993246076435e24,-0.9999894832961415,0.7891258123969335,0.43402384561807367,5.2399635743747845,2.8417605160015677e48,-0.9408231368186875,1.0
1196.6745669841766,3118.0,953.4166666666666,14.666666666666666,7.490388061926316e306,1.8333333333333333,4.738889072027718e23,2.8417605160015677e48,7.403993246076435e24,-0.9999894832961415,0.7891258123969335,0.43402384561807367,5.239978068607363,2.8417605160015677e48,-0.9408231368186875,1.0
1201.8608839511871,3132.0,967.4166666666666,14.666666666666666,7.490388061926316e306,1.8333333333333333,4.738889072027718e23,2.8417605160015677e48,7.403993246076435e24,-0.9999894832961415,0.7891258123969335,0.43402384561807367,5.239978068607363,2.8417605160015677e48,-0.9408231368186875,1.0
1206.9749629497528,3146.0,981.4166666666666,14.666666666666666,7.490388061926316e306,1.8333333333333333,4.738889072027718e23,2.8417605160015677e48,7.403993246076435e24,-0.9999894832961415,0.7891258123969335,0.43402384561807367,5.239978068607363,2.8417605160015677e48,-0.9408231368186875,1.0
1212.1993980407715,3160.0,995.4166666666666,14.666666666666666,7.490388061926316e306,1.8333333333333333,4.738889072027718e23,2.8417605160015677e48,7.403993246076435e24,-0.9999894832961415,0.7891258123969335,0.43402384561807367,5.239978068607363,2.8417605160015677e48,-0.9408231368186875,1.0
1217.3092710971832,3174.0,1009.4166666666666,14.666666666666666,7.490388061926316e306,1.8333333333333333,4.738889072027718e23,2.8417605160015677e48,7.403993246076435e24,-0.9999894832961415,0.7891258123969335,0.43402384561807367,5.239978068607363,2.8417605160015677e48,-0.9408231368186875,1.0
1222.4530460834503,3188.0,934.0,14.666666666666666,7.490388061926316e306,1.8333333333333333,4.738889072027718e23,2.8417605160015677e48,7.403993246076435e24,-0.9999894832961415,0.7891258123969335,0.43402384561807367,5.239978068607363,2.8417605160015677e48,-0.9408231368186875,1.0
1227.6312410831451,3202.0,948.0,14.666666666666666,7.490388061926316e306,1.8333333333333333,4.738889072027718e23,2.8417605160015677e48,7.403993246076435e24,-0.9999894832961415,0.7891258123969335,0.43402384561807367,5.239978068607363,2.8417605160015677e48,-0.9408231368186875,1.0
1232.860806941986,3216.0,962.0,14.666666666666666,7.490388061926316e306,1.8333333333333333,4.738889072027718e23,2.8417605160015677e48,7.403993246076435e24,-0.9999894832961415,0.7891258123969335,0.43402384561807367,5.239978068607363,2.8417605160015677e48,-0.9408231368186875,1.0
1238.060595035553,3230.0,976.0,14.666666666666666,7.490388061926316e306,1.8333333333333333,4.738889072027718e23,2.8417605160015677e48,7.403993246076435e24,-0.9999894832961415,0.7891258123969335,0.43402384561807367,5.239978068607363,2.8417605160015677e48,-0.9408231368186875,1.0
1243.1530349254608,3244.0,990.0,14.666666666666666,7.490388061926316e306,1.8333333333333333,4.738889072027718e23,2.8417605160015677e48,7.403993246076435e24,-0.9999894832961415,0.7891258123969335,0.43402384561807367,5.239978068607363,2.8417605160015677e48,-0.9408231368186875,1.0
1248.501030921936,3259.0,998.0416666666666,14.666666666666666,7.490388061926316e306,1.8333333333333333,4.738889072027718e23,2.8417605160015677e48,7.403993246076435e24,-0.9999894832961415,0.7891258123969335,0.43419292049355057,5.239978068607363,2.8417605160015677e48,-0.9408231368186875,1.0
1253.5743761062622,3273.0,1012.0416666666666,14.666666666666666,7.490388061926316e306,1.8333333333333333,4.738889072027718e23,2.8417605160015677e48,7.403993246076435e24,-0.9999894832961415,0.7891258123969335,0.43419292049355057,5.239978068607363,2.8417605160015677e48,-0.9408231368186875,1.0
1258.7346041202545,3287.0,1024.2916666666667,14.666666666666666,7.490388061926316e306,1.8333333333333333,4.738889072027718e23,2.8417605160015677e48,7.403993246076435e24,-0.9999894832961415,0.7891258123969335,0.4387855812483546,5.239978068607363,2.8417605160015677e48,-0.9408231368186875,1.0
1263.7874279022217,3301.0,1038.2916666666667,14.666666666666666,7.490388061926316e306,1.8333333333333333,4.738889072027718e23,2.8417605160015677e48,7.403993246076435e24,-0.9999894832961415,0.7891258123969335,0.4387855812483546,5.239978068607363,2.8417605160015677e48,-0.9408231368186875,1.0
1268.900454044342,3315.0,1052.2916666666667,14.666666666666666,7.490388061926316e306,1.8333333333333333,4.738889072027718e23,2.8417605160015677e48,7.403993246076435e24,-0.9999894832961415,0.7891258123969335,0.4387855812483546,5.239978068607363,2.8417605160015677e48,-0.9408231368186875,1.0
1273.9516310691833,3329.0,1047.4166666666667,14.666666666666666,7.490388061926316e306,1.8333333333333333,4.738889072027718e23,2.8417605160015677e48,7.403993246076435e24,-0.9999894832961415,0.7891258123969335,0.4387855812483546,5.239978068607363,2.8417605160015677e48,-0.9408231368186875,1.0
1278.971041917801,3343.0,1061.4166666666667,14.666666666666666,7.490388061926316e306,1.8333333333333333,4.738889072027718e23,2.8417605160015677e48,7.403993246076435e24,-0.9999894832961415,0.7891258123969335,0.4387855812483546,5.239978068607363,2.8417605160015677e48,-0.9408231368186875,1.0
1284.066577911377,3357.0,1075.4166666666667,14.666666666666666,7.490388061926316e306,1.8333333333333333,4.738889072027718e23,2.8417605160015677e48,7.403993246076435e24,-0.9999894832961415,0.7891258123969335,0.4387855812483546,5.239978068607363,2.8417605160015677e48,-0.9408231368186875,1.0
1289.1148810386658,3371.0,1089.4166666666667,14.666666666666666,7.490388061926316e306,1.8333333333333333,4.738889072027718e23,2.8417605160015677e48,7.403993246076435e24,-0.9999894832961415,0.7891258123969335,0.4387855812483546,5.239978068607363,2.8417605160015677e48,-0.9408231368186875,1.0
1294.1964280605316,3385.0,1095.375,14.666666666666666,7.490388061926316e306,1.8333333333333333,4.738889072027718e23,2.8417605160015677e48,7.403993246076435e24,-0.9999894832961415,0.7891258123969335,0.4387855812483546,5.239978068607363,2.8417605160015677e48,-0.9408231368186875,1.0
1299.3726420402527,3399.0,1109.375,14.666666666666666,7.490388061926316e306,1.8333333333333333,4.738889072027718e23,2.8417605160015677e48,7.403993246076435e24,-0.9999894832961415,0.7891258123969335,0.4387855812483546,5.239978068607363,2.8417605160015677e48,-0.9408231368186875,1.0
1304.5636949539185,3413.0,1098.4583333333333,14.666666666666666,7.490388061926316e306,1.8333333333333333,4.738889072027718e23,2.8417605160015677e48,7.403993246076435e24,-0.9999894832961415,0.7704694060216751,0.4387855812483546,5.239978068607363,2.8417605160015677e48,-0.9408231368186875,1.0
1309.679743051529,3427.0,1067.48,15.2,7.190772539449263e306,1.88,4.738889072027718e23,2.8417605160015677e48,7.403993246076435e24,-0.9999894832961415,0.7714081591604319,0.4387855812483546,5.239978068607363,2.8417605160015677e48,-0.9408231368186875,1.0
1314.6980690956116,3441.0,1033.0,15.2,7.190772539449263e306,1.88,4.738889072027718e23,2.8417605160015677e48,7.522738326309488e24,-0.9999894832961415,0.7714081591604319,0.4387855812483546,5.239978068607363,2.8417605160015677e48,-0.9408231368186875,1.0
1319.7402019500732,3455.0,1047.0,15.2,7.190772539449263e306,1.88,4.738889072027718e23,2.8417605160015677e48,7.522738326309488e24,-0.9999894832961415,0.7714081591604319,0.4387855812483546,5.239978068607363,2.8417605160015677e48,-0.9408231368186875,1.0
1325.1038300991058,3470.0,1036.28,15.2,7.190772539449263e306,1.88,4.738889072027718e23,2.8417605160015677e48,7.522738326309488e24,-0.9999894832961415,0.7714081591604319,0.4387855812483546,5.239978068607363,2.8417605160015677e48,-0.9408231368186875,1.0
1330.1166019439697,3484.0,1050.28,15.2,7.190772539449263e306,1.88,4.738889072027718e23,2.8417605160015677e48,7.522738326309488e24,-0.9999894832961415,0.7714081591604319,0.4387855812483546,5.239978068607363,2.8417605160015677e48,-0.9408231368186875,1.0
1335.1740300655365,3498.0,1036.28,15.2,7.190772539449263e306,1.88,4.738889072027718e23,2.8417605160015677e48,7.522738326309488e24,-0.9999894832961415,0.7714081591604319,0.4387855812483546,5.239978068607363,2.8417605160015677e48,-0.9408231368186875,1.0
1340.198143005371,3512.0,1048.44,15.2,7.190772539449263e306,1.88,4.738889072027718e23,2.8417605160015677e48,7.522738326309488e24,-0.9999894832961415,0.7714081591604319,0.4387855812483546,5.239978068607363,2.8417605160015677e48,-0.9408231368186875,1.0
1345.491849899292,3527.0,1054.08,15.2,7.190772539449263e306,1.88,4.738889072027718e23,2.8417605160015677e48,7.522738326309488e24,-0.9999894832961415,0.7714081591604319,0.438881910766044,5.239978068607363,2.8417605160015677e48,-0.9408231368186875,1.0
1350.8122470378876,3542.0,1069.08,15.2,7.190772539449263e306,1.88,4.738889072027718e23,2.8417605160015677e48,7.522738326309488e24,-0.9999894832961415,0.7714081591604319,0.438881910766044,5.239978068607363,2.8417605160015677e48,-0.9408231368186875,1.0
1356.1280460357666,3557.0,1082.56,15.2,7.190772539449263e306,1.88,4.738889072027718e23,2.8417605160015677e48,7.522738326309488e24,-0.9999894832961415,0.7714081591604319,0.438881910766044,5.239978068607363,2.8417605160015677e48,-0.9408231368186875,1.0
1361.1968591213226,3571.0,1054.7692307692307,15.192307692307692,6.91420436485506e306,1.8461538461538463,4.738889072027718e23,2.8417605160015677e48,7.522738326309488e24,-0.9999894832961415,0.7714081591604319,0.438881910766044,5.239978068607363,2.8417605160015677e48,-0.9408231368186875,1.0
1366.227590084076,3585.0,1066.8076923076924,15.192307692307692,6.91420436485506e306,1.8461538461538463,4.738889072027718e23,2.8417605160015677e48,7.522738326309488e24,-0.9999894832961415,0.7714081591604319,0.4396139926859667,5.239978068607363,2.8417605160015677e48,-0.9408231368186875,1.0
1371.556067943573,3600.0,1037.5,15.192307692307692,6.91420436485506e306,1.8461538461538463,4.738889072027718e23,2.8417605160015677e48,7.522738326309488e24,-0.9999894832961415,0.7714081591604319,0.4396139926859667,5.239978068607363,2.8417605160015677e48,-0.9408231368186875,1.0
1376.5867381095886,3614.0,1051.5,15.192307692307692,6.91420436485506e306,1.8461538461538463,4.738889072027718e23,2.8417605160015677e48,7.522738326309488e24,-0.9999894832961415,0.7714081591604319,0.4396139926859667,5.239978068607363,2.8417605160015677e48,-0.9408231368186875,1.0
1381.7770121097565,3629.0,1066.5,15.192307692307692,6.91420436485506e306,1.8461538461538463,4.738889072027718e23,2.8417605160015677e48,7.522738326309488e24,-0.9999894832961415,0.7714081591604319,0.4396139926859667,5.239978068607363,2.8417605160015677e48,-0.9408231368186875,1.0
1387.0631561279297,3644.0,1071.423076923077,15.192307692307692,6.91420436485506e306,1.8846153846153846,4.738889072027718e23,2.8417605160015677e48,7.522738326309488e24,-0.9999894832961415,0.7714081591604319,0.4396139926859667,5.239978068607363,2.8417605160015677e48,-0.9408231368186875,1.0
1392.0683200359344,3658.0,1062.423076923077,15.192307692307692,6.91420436485506e306,1.8846153846153846,4.738889072027718e23,2.8417605160015677e48,7.522738326309488e24,-0.9999894832961415,0.7714081591604319,0.4396139926859667,5.239978068607363,2.8417605160015677e48,-0.9408231368186875,1.0
1397.264552116394,3673.0,1076.6923076923076,15.192307692307692,6.91420436485506e306,1.8846153846153846,4.738889072027718e23,2.8417605160015677e48,7.522738326309488e24,-0.9999894832961415,0.7714081591604319,0.4396139926859667,5.239978068607363,2.8417605160015677e48,-0.9408231368186875,1.0
1402.574059009552,3688.0,1076.9615384615386,15.192307692307692,6.91420436485506e306,1.8846153846153846,4.738889072027718e23,2.8417605160015677e48,7.17002562009961e24,-0.9999894832961415,0.7714081591604319,0.4396139926859667,5.239978068607363,2.8417605160015677e48,-0.9408231368186875,1.0
1407.9039731025696,3703.0,1091.9615384615386,15.192307692307692,6.91420436485506e306,1.8846153846153846,4.738889072027718e23,2.8417605160015677e48,7.17002562009961e24,-0.9999894832961415,0.7714081591604319,0.4396139926859667,5.239978068607363,2.8417605160015677e48,-0.9408231368186875,1.0
1412.9403860569,3717.0,1101.576923076923,15.192307692307692,6.91420436485506e306,1.8846153846153846,4.738889072027718e23,2.8417605160015677e48,7.17599262948211e24,-0.9999894832961415,0.7714081591604319,0.4396139926859667,5.239978068607363,2.8417605160015677e48,-0.9408231368186875,1.0
1418.161493062973,3732.0,1116.576923076923,15.192307692307692,6.91420436485506e306,1.8846153846153846,4.738889072027718e23,2.8417605160015677e48,7.17599262948211e24,-0.9999894832961415,0.7714081591604319,0.4396139926859667,5.239978068607363,2.8417605160015677e48,-0.9408231368186875,1.0
1423.3739240169525,3747.0,1105.6923076923076,15.192307692307692,6.91420436485506e306,1.8846153846153846,4.738889072027718e23,2.8417605160015677e48,7.17599262948211e24,-0.9999894832961415,0.7714081591604319,0.4396139926859667,5.239978068607363,2.8417605160015677e48,-0.9408231368186875,1.0
1428.5706670284271,3762.0,1120.6923076923076,15.192307692307692,6.91420436485506e306,1.8846153846153846,4.738889072027718e23,2.8417605160015677e48,7.17599262948211e24,-0.9999894832961415,0.7714081591604319,0.4396139926859667,5.239978068607363,2.8417605160015677e48,-0.9408231368186875,1.0
1433.6301500797272,3776.0,1130.076923076923,15.192307692307692,6.91420436485506e306,1.8846153846153846,4.738889072027718e23,2.8417605160015677e48,7.17599262948211e24,-0.9999894832961415,0.7714081591604319,0.4396139926859667,5.239978068607363,2.8417605160015677e48,-0.9408231368186875,1.0
1438.9327819347382,3791.0,1144.576923076923,15.192307692307692,6.91420436485506e306,1.8846153846153846,4.738889072027718e23,2.8417605160015677e48,7.17599262948211e24,-0.9999894832961415,0.7714081591604319,0.4396139926859667,5.239978068607363,2.8417605160015677e48,-0.9408231368186875,1.0
1444.1420331001282,3806.0,1158.923076923077,15.192307692307692,6.91420436485506e306,1.8846153846153846,4.738889072027718e23,2.8417605160015677e48,7.17599262948211e24,-0.9999894832961415,0.7714081591604319,0.4396139926859667,5.239978068607363,2.8417605160015677e48,-0.9408231368186875,1.0
1449.408196926117,3821.0,1168.1923076923076,15.192307692307692,6.91420436485506e306,1.8846153846153846,4.738889072027718e23,2.8417605160015677e48,7.17599262948211e24,-0.9999894832961415,0.7714081591604319,0.4396139926859667,5.239978068607363,2.8417605160015677e48,-0.9408231368186875,1.0
1454.4167771339417,3835.0,1182.1923076923076,15.192307692307692,6.91420436485506e306,1.8846153846153846,4.738889072027718e23,2.8417605160015677e48,7.17599262948211e24,-0.9999894832961415,0.7714081591604319,0.4396139926859667,5.239978068607363,2.8417605160015677e48,-0.9408231368186875,1.0
1459.4375140666962,3849.0,1181.5,14.083333333333334,7.939921894821898e38,1.7916666666666667,5.893346833593225e23,2.1608301093537487e48,4.978729539605375e24,-0.9999920032633923,0.7714081591604319,0.4396139926859667,5.239978068607363,2.1608301093537487e48,-0.9408231368186875,1.0
1464.6830489635468,3864.0,1194.0,14.083333333333334,7.939921894821898e38,1.7916666666666667,6.118308021843232e23,2.1021691759638385e48,4.948262880688356e24,-0.9999922203540518,0.7714081591604319,0.4396139926859667,5.239978068607363,2.1021691759638385e48,-0.9408231368186875,1.0
1469.685674905777,3878.0,1159.68,14.56,7.622325019029022e38,1.84,6.118308021843232e23,2.1021691759638385e48,4.948262880688356e24,-0.9999922203540518,0.7714081591604319,0.4396139926859667,5.239978068607363,2.1021691759638385e48,-0.9408231368186875,1.0
1475.0270290374756,3893.0,1174.68,14.56,7.622325019029022e38,1.84,6.118308021843232e23,2.1021691759638385e48,4.948262880688356e24,-0.9999922203540518,0.7714081591604319,0.4396139926859667,5.239978068607363,2.1021691759638385e48,-0.9408231368186875,1.0
1480.0328340530396,3907.0,1188.68,14.56,7.622325019029022e38,1.84,6.118308021843232e23,2.1021691759638385e48,4.948262880688356e24,-0.9999922203540518,0.7714081591604319,0.4396139926859667,5.239978068607363,2.1021691759638385e48,-0.9408231368186875,1.0
1485.1504399776459,3921.0,1202.68,14.56,7.622325019029022e38,1.84,6.118308021843232e23,2.1021691759638385e48,4.948262880688356e24,-0.9999922203540518,0.7714081591604319,0.4396139926859667,5.239978068607363,2.1021691759638385e48,-0.9408231368186875,1.0
1490.4685349464417,3936.0,1217.68,14.56,7.622325019029022e38,1.84,6.118308021843232e23,2.1021691759638385e48,4.948262880688356e24,-0.9999922203540518,0.7714081591604319,0.4396139926859667,5.239978068607363,2.1021691759638385e48,-0.9408231368186875,1.0
1495.779060125351,3951.0,1154.4166666666667,14.708333333333334,7.939921894821898e38,1.8333333333333333,6.118308021843232e23,2.1021691759638385e48,4.948262880688356e24,-0.9999922203540518,0.7714081591604319,0.4396139926859667,5.239978068607363,2.1021691759638385e48,-0.9408231368186875,1.0
1500.809830904007,3965.0,1122.08,14.64,7.622325019029022e38,1.84,6.118308021843232e23,2.1021691759638385e48,4.948262880688356e24,-0.9999922203540518,0.7714081591604319,0.4396139926859667,5.239978068607363,2.1021691759638385e48,-0.9408231368186875,1.0
1506.105045080185,3980.0,1203.8260869565217,14.217391304347826,8.285135890248937e38,1.7826086956521738,6.118308021843232e23,2.1021691759638385e48,4.948262880688356e24,-0.9999922203540518,0.7714081591604319,0.4396139926859667,5.239978068607363,2.1021691759638385e48,-0.9408231368186875,1.0
1511.438292980194,3995.0,1218.8260869565217,14.217391304347826,8.285135890248937e38,1.7826086956521738,6.118308021843232e23,2.1021691759638385e48,4.948262880688356e24,-0.9999922203540518,0.7714081591604319,0.4396139926859667,5.239978068607363,2.1021691759638385e48,-0.9408231368186875,1.0
1516.7698819637299,4010.0,1233.8260869565217,14.217391304347826,8.285135890248937e38,1.7826086956521738,6.118308021843232e23,2.1021691759638385e48,4.948262880688356e24,-0.9999922203540518,0.7714081591604319,0.4396139926859667,5.239978068607363,2.1021691759638385e48,-0.9408231368186875,1.0
1521.7844829559326,4024.0,1247.8260869565217,14.217391304347826,8.285135890248937e38,1.7826086956521738,6.118308021843232e23,2.1021691759638385e48,4.948262880688356e24,-0.9999922203540518,0.7714081591604319,0.4396139926859667,5.239978068607363,2.1021691759638385e48,-0.9408231368186875,1.0
1527.1164638996124,4039.0,1243.7826086956522,14.173913043478262,8.285135890248937e38,1.7826086956521738,6.118308021843232e23,2.1021691759638385e48,4.948262880688356e24,-0.9999922203540518,0.7714081591604319,0.4396139926859667,5.239978068607363,2.1021691759638385e48,-0.9408231368186875,1.0
1532.4302380084991,4054.0,1313.7727272727273,14.227272727272727,8.661732976169343e38,1.7727272727272727,6.118308021843232e23,2.1021691759638385e48,4.948262880688356e24,-0.9999922203540518,0.7714081591604319,0.4396139926859667,5.239978068607363,2.1021691759638385e48,-0.9408231368186875,1.0
1537.649127960205,4069.0,1328.6363636363637,14.227272727272727,8.661732976169343e38,1.7727272727272727,6.118308021843232e23,2.1021691759638385e48,4.948262880688356e24,-0.9999922203540518,0.7714081591604319,0.4396139926859667,5.239978068607363,2.1021691759638385e48,-0.9408231368186875,1.0
1542.872465133667,4084.0,1343.6363636363637,14.227272727272727,8.661732976169343e38,1.7727272727272727,6.118308021843232e23,2.1021691759638385e48,4.948262880688356e24,-0.9999922203540518,0.7714081591604319,0.4396139926859667,5.239978068607363,2.1021691759638385e48,-0.9408231368186875,1.0
1548.1289339065552,4099.0,1300.0434782608695,14.08695652173913,8.285135890248937e38,1.7826086956521738,6.118308021843232e23,2.1021691759638385e48,4.948262880688356e24,-0.9999922203540518,0.7714081591604319,0.4396139926859667,5.239978068607363,2.1021691759638385e48,-0.9408231368186875,1.0
1553.1356399059296,4113.0,1314.0434782608695,14.08695652173913,8.285135890248937e38,1.7826086956521738,6.118308021843232e23,2.1021691759638385e48,4.948262880688356e24,-0.9999922203540518,0.7714081591604319,0.4396139926859667,5.239978068607363,2.1021691759638385e48,-0.9408231368186875,1.0
1558.414351940155,4128.0,1329.0434782608695,14.08695652173913,8.285135890248937e38,1.7826086956521738,6.118308021843232e23,2.1021691759638385e48,4.948262880688356e24,-0.9999922203540518,0.7714081591604319,0.4396139926859667,5.239978068607363,2.1021691759638385e48,-0.9408231368186875,1.0
1563.7178750038147,4143.0,1330.1304347826087,14.08695652173913,8.285135890248937e38,1.7826086956521738,6.118308021843232e23,2.1021691759638385e48,4.948262880688356e24,-0.9999922203540518,0.7714081591604319,0.4396139926859667,5.239978068607363,2.1021691759638385e48,-0.9408231368186875,1.0
1568.7843480110168,4157.0,1343.4347826086957,14.08695652173913,8.285135890248937e38,1.7826086956521738,6.118308021843232e23,2.1021691759638385e48,4.948262880688356e24,-0.9999922203540518,0.7714081591604319,0.4396139926859667,5.239978068607363,2.1021691759638385e48,-0.9408231368186875,1.0
1573.9028220176697,4171.0,1339.9130434782608,14.08695652173913,8.285135890248937e38,1.7826086956521738,6.118308021843232e23,2.1021691759638385e48,4.948262880688356e24,-0.9999922203540518,0.7714081591604319,0.4396139926859667,5.239978068607363,2.1021691759638385e48,-0.9408231368186875,1.0
1578.960499048233,4185.0,1353.9130434782608,14.08695652173913,8.285135890248937e38,1.7826086956521738,6.118308021843232e23,2.1021691759638385e48,4.948262880688356e24,-0.9999922203540518,0.7714081591604319,0.4396139926859667,5.239978068607363,2.1021691759638385e48,-0.9408231368186875,1.0
1584.033320903778,4199.0,1367.9130434782608,14.08695652173913,8.285135890248937e38,1.7826086956521738,6.118308021843232e23,2.1021691759638385e48,4.948262880688356e24,-0.9999922203540518,0.7714081591604319,0.4396139926859667,5.239978068607363,2.1021691759638385e48,-0.9408231368186875,1.0
1589.0687110424042,4213.0,1379.5217391304348,14.08695652173913,8.285135890248937e38,1.7826086956521738,6.118308021843232e23,2.1021691759638385e48,4.948262880688356e24,-0.9999922203540518,0.7714081591604319,0.4396139926859667,5.239978068607363,2.1021691759638385e48,-0.9408231368186875,1.0
1594.1327500343323,4227.0,1393.5217391304348,14.08695652173913,8.285135890248937e38,1.7826086956521738,6.118308021843232e23,2.1021691759638385e48,4.948262880688356e24,-0.9999922203540518,0.7714081591604319,0.4396139926859667,5.239978068607363,2.1021691759638385e48,-0.9408231368186875,1.0
1599.153340101242,4241.0,1407.5217391304348,14.08695652173913,8.285135890248937e38,1.7826086956521738,6.118308021843232e23,2.1021691759638385e48,4.948262880688356e24,-0.9999922203540518,0.7714081591604319,0.4396139926859667,5.239978068607363,2.1021691759638385e48,-0.9408231368186875,1.0
1604.2810790538788,4255.0,1421.5217391304348,14.08695652173913,8.285135890248937e38,1.7826086956521738,6.118308021843232e23,2.1021691759638385e48,4.948262880688356e24,-0.9999922203540518,0.7714081591604319,0.4396139926859667,5.239978068607363,2.1021691759638385e48,-0.9408231368186875,1.0
1609.458065032959,4269.0,1435.5217391304348,14.08695652173913,8.285135890248937e38,1.7826086956521738,6.118308021843232e23,2.1021691759638385e48,4.948262880688356e24,-0.9999922203540518,0.7714081591604319,0.4396139926859667,5.239978068607363,2.1021691759638385e48,-0.9408231368186875,1.0
1614.5040130615234,4283.0,1449.5217391304348,14.08695652173913,8.285135890248937e38,1.7826086956521738,6.118308021843232e23,2.1021691759638385e48,4.948262880688356e24,-0.9999922203540518,0.7714081591604319,0.4396139926859667,5.239978068607363,2.1021691759638385e48,-0.9408231368186875,1.0
1619.6102840900421,4297.0,1422.0434782608695,14.08695652173913,8.285135890248937e38,1.7826086956521738,6.118308021843232e23,2.1021691759638385e48,4.948262880688356e24,-0.9999922203540518,0.7710064201575378,0.4396139926859667,5.239978068607363,2.1021691759638385e48,-0.9408231368186875,1.0
1624.9420340061188,4312.0,1437.0434782608695,14.08695652173913,8.285135890248937e38,1.7826086956521738,6.118308021843232e23,2.1021691759638385e48,4.948262880688356e24,-0.9999922203540518,0.7710064201575378,0.4396139926859667,5.239978068607363,2.1021691759638385e48,-0.9408231368186875,1.0
1630.0184779167175,4326.0,1451.0434782608695,14.08695652173913,8.285135890248937e38,1.7826086956521738,6.118308021843232e23,2.1021691759638385e48,4.948262880688356e24,-0.9999922203540518,0.7710064201575378,0.4396139926859667,5.239978068607363,2.1021691759638385e48,-0.9408231368186875,1.0
1635.0235760211945,4340.0,1465.0434782608695,14.08695652173913,8.285135890248937e38,1.7826086956521738,6.118308021843232e23,2.1021691759638385e48,4.948262880688356e24,-0.9999922203540518,0.7710064201575378,0.4396139926859667,5.239978068607363,2.1021691759638385e48,-0.9408231368186875,1.0
1640.3571860790253,4355.0,1458.4347826086957,14.043478260869565,7.816057108097024e306,1.826086956521739,4.384609851535305e23,1.6251778558958342e48,5.75894663536306e24,-0.9999939855895205,0.7710064201575378,0.4396139926859667,5.239978068607363,1.6251778558958342e48,-0.9408231368186875,1.0
1645.7209479808807,4370.0,1508.1818181818182,14.181818181818182,8.171332431192344e306,1.8181818181818181,4.384298478021405e23,1.6251308712269075e48,5.758962998727197e24,-0.9999939857633999,0.7710064201575378,0.4396139926859667,5.239978068607363,1.6251308712269075e48,-0.9408231368186875,1.0
1650.7710959911346,4384.0,1455.0869565217392,14.173913043478262,7.816057108097024e306,1.826086956521739,4.296459421067921e23,1.577546361806586e48,5.761183626604388e24,-0.9999941618627549,0.7710064201575378,0.4396139926859667,5.239978068607363,1.577546361806586e48,-0.9408231368186875,1.0
1655.9166300296783,4398.0,1469.0869565217392,14.173913043478262,7.816057108097024e306,1.826086956521739,4.296459421067921e23,1.577546361806586e48,5.761183626604388e24,-0.9999941618627549,0.7710064201575378,0.4396139926859667,5.239978068607363,1.577546361806586e48,-0.9408231368186875,1.0
1661.0538771152496,4412.0,1480.8260869565217,14.173913043478262,7.816057108097024e306,1.826086956521739,4.296459421067921e23,1.577546361806586e48,5.761183626604388e24,-0.9999941618627549,0.7710064201575378,0.4396139926859667,5.239978068607363,1.577546361806586e48,-0.9408231368186875,1.0
1666.1216230392456,4426.0,1517.1818181818182,14.090909090909092,8.171332431192344e306,1.8636363636363635,4.296459421067921e23,1.577546361806586e48,5.761183626604388e24,-0.9999941618627549,0.7710064201575378,0.4396139926859667,5.239978068607363,1.577546361806586e48,-0.9408231368186875,1.0
1671.2475271224976,4440.0,1531.1818181818182,14.090909090909092,8.171332431192344e306,1.8636363636363635,4.296459421067921e23,1.577546361806586e48,5.761183626604388e24,-0.9999941618627549,0.7710064201575378,0.4396139926859667,5.239978068607363,1.577546361806586e48,-0.9408231368186875,1.0
1676.3247780799866,4454.0,1478.3478260869565,14.347826086956522,7.816057108097024e306,1.8695652173913044,4.296459421067921e23,1.577546361806586e48,5.761183626604388e24,-0.9999941618627549,0.7710064201575378,0.4396139926859667,5.239978068607363,1.577546361806586e48,-0.9408231368186875,1.0
1681.3782839775085,4468.0,1430.2083333333333,14.958333333333334,7.490388061926316e306,1.9166666666666667,4.296459421067921e23,1.5229435625687843e48,4.910097155945728e24,-0.9999943639351907,0.7710064201575378,0.4396139926859667,5.239978068607363,1.5229435625687843e48,-0.9408231368186875,1.0
1686.56964802742,4482.0,1443.6666666666667,14.958333333333334,7.490388061926316e306,1.9166666666666667,4.1150046791912796e23,1.4834076862540493e48,4.901315267195853e24,-0.9999945102484006,0.7710064201575378,0.4396139926859667,5.239978068607363,1.4834076862540493e48,-0.9408231368186875,1.0
1691.6310930252075,4496.0,1452.375,14.958333333333334,7.490388061926316e306,1.9166666666666667,3.737764433454563e23,1.4374628257149367e48,4.880599782517624e24,-0.9999946802797912,0.7710064201575378,0.4396139926859667,5.239978068607363,1.4374628257149367e48,-0.9408231368186875,1.0
1696.7340159416199,4510.0,1462.9583333333333,14.916666666666666,7.490388061926316e306,1.9166666666666667,3.73166013153492e23,1.4365380463536102e48,4.878583768145084e24,-0.9999946837021875,0.7710064201575378,0.4396139926859667,5.239978068607363,1.4365380463536102e48,-0.9408231368186875,1.0
1701.8905251026154,4524.0,1476.8333333333333,14.916666666666666,7.490388061926316e306,1.9166666666666667,3.7773723734034824e23,1.4362463971319482e48,4.876378248347748e24,-0.9999946847815143,0.7710064201575378,0.4396139926859667,5.239978068607363,1.4362463971319482e48,-0.9408231368186875,1.0
1707.1228880882263,4538.0,1490.8333333333333,14.916666666666666,7.490388061926316e306,1.9166666666666667,3.7773723734034824e23,1.4362463971319482e48,4.876378248347748e24,-0.9999946847815143,0.7710064201575378,0.4396139926859667,5.239978068607363,1.4362463971319482e48,-0.9408231368186875,1.0
1712.289340019226,4552.0,1484.6666666666667,14.916666666666666,7.490388061926316e306,1.9166666666666667,3.7773723734034824e23,1.4362463971319482e48,4.876378248347748e24,-0.9999946847815143,0.7710064201575378,0.4396139926859667,5.239978068607363,1.4362463971319482e48,-0.9408231368186875,1.0
1717.490863084793,4566.0,1498.6666666666667,14.916666666666666,7.490388061926316e306,1.9166666666666667,3.7773723734034824e23,1.4362463971319482e48,4.876378248347748e24,-0.9999946847815143,0.7710064201575378,0.4396139926859667,5.239978068607363,1.4362463971319482e48,-0.9408231368186875,1.0
1722.6814270019531,4580.0,1572.1739130434783,14.304347826086957,7.816057108097024e306,1.8695652173913044,3.87160198722358e23,1.417091349763849e48,5.771932894703651e24,-0.9999947556699511,0.7710064201575378,0.4396139926859667,5.239978068607363,1.417091349763849e48,-0.9408231368186875,1.0
1727.7136170864105,4594.0,1586.1739130434783,14.304347826086957,7.816057108097024e306,1.8695652173913044,3.87160198722358e23,1.417091349763849e48,5.771932894703651e24,-0.9999947556699511,0.7710064201575378,0.4396139926859667,5.239978068607363,1.417091349763849e48,-0.9408231368186875,1.0
1732.8386149406433,4608.0,1600.1739130434783,14.304347826086957,7.816057108097024e306,1.8695652173913044,3.87160198722358e23,1.417091349763849e48,5.771932894703651e24,-0.9999947556699511,0.7710064201575378,0.4396139926859667,5.239978068607363,1.417091349763849e48,-0.9408231368186875,1.0
1737.908942937851,4622.0,1546.9166666666667,14.375,7.490388061926316e306,1.875,3.87160198722358e23,1.417091349763849e48,5.771932894703651e24,-0.9999947556699511,0.7710064201575378,0.4396139926859667,5.239978068607363,1.417091349763849e48,-0.9408231368186875,1.0
1743.003984928131,4636.0,1560.9166666666667,14.375,7.490388061926316e306,1.875,3.87160198722358e23,1.417091349763849e48,5.771932894703651e24,-0.9999947556699511,0.7710064201575378,0.4396139926859667,5.239978068607363,1.417091349763849e48,-0.9408231368186875,1.0
1748.1728188991547,4650.0,1574.9166666666667,14.375,7.490388061926316e306,1.875,3.87160198722358e23,1.417091349763849e48,5.771932894703651e24,-0.9999947556699511,0.7710064201575378,0.4396139926859667,5.239978068607363,1.417091349763849e48,-0.9408231368186875,1.0
1753.3586690425873,4664.0,1543.75,14.375,7.490388061926316e306,1.875,3.87160198722358e23,1.417091349763849e48,5.771932894703651e24,-0.9999947556699511,0.7710064201575378,0.44111516697768527,5.239978068607363,1.417091349763849e48,-0.9408231368186875,1.0
1758.4961290359497,4678.0,1495.52,14.96,7.190772539449263e306,1.92,3.87160198722358e23,1.2400699037995384e48,5.11761491045029e24,-0.9999954107857194,0.7710064201575378,0.44111516697768527,5.239978068607363,1.2400699037995384e48,-0.9408231368186875,1.0
1763.5719599723816,4692.0,1509.52,14.96,7.190772539449263e306,1.92,3.87160198722358e23,1.2400699037995384e48,5.11761491045029e24,-0.9999954107857194,0.7710064201575378,0.44111516697768527,5.239978068607363,1.2400699037995384e48,-0.9408231368186875,1.0
1768.7359781265259,4706.0,1523.52,14.96,7.190772539449263e306,1.92,3.87160198722358e23,1.2400699037995384e48,5.11761491045029e24,-0.9999954107857194,0.7710064201575378,0.44111516697768527,5.239978068607363,1.2400699037995384e48,-0.9408231368186875,1.0
1773.9016819000244,4720.0,1517.84,15.28,7.190772539449263e306,1.96,3.87160198722358e23,1.2400699037995384e48,5.11761491045029e24,-0.9999954107857194,0.7710064201575378,0.44111516697768527,5.239978068607363,1.2400699037995384e48,-0.9408231368186875,1.0
1778.9386069774628,4734.0,1531.84,15.28,7.190772539449263e306,1.96,3.87160198722358e23,1.2400699037995384e48,5.11761491045029e24,-0.9999954107857194,0.7710064201575378,0.44111516697768527,5.239978068607363,1.2400699037995384e48,-0.9408231368186875,1.0
1784.0574879646301,4748.0,1545.84,15.28,7.190772539449263e306,1.96,3.87160198722358e23,1.2400699037995384e48,5.11761491045029e24,-0.9999954107857194,0.7710064201575378,0.44111516697768527,5.239978068607363,1.2400699037995384e48,-0.9408231368186875,1.0
1789.1648330688477,4762.0,1559.84,15.28,7.190772539449263e306,1.96,3.87160198722358e23,1.2400699037995384e48,5.11761491045029e24,-0.9999954107857194,0.7710064201575378,0.44111516697768527,5.239978068607363,1.2400699037995384e48,-0.9408231368186875,1.0
1794.3994190692902,4776.0,1532.16,15.28,7.190772539449263e306,1.96,3.87160198722358e23,1.2400699037995384e48,5.11761491045029e24,-0.9999954107857194,0.7710064201575378,0.4332435398193665,5.239978068607363,1.2400699037995384e48,-0.9408231368186875,1.0
1799.6371819972992,4790.0,1546.16,15.28,7.190772539449263e306,1.96,3.87160198722358e23,1.2400699037995384e48,5.11761491045029e24,-0.9999954107857194,0.7710064201575378,0.4332435398193665,5.239978068607363,1.2400699037995384e48,-0.9408231368186875,1.0
